
The table is organized as such:
| Policy Name |
| Starting Track |
| Next track | Tracks Moved |
| ... |
| Average Seek Length |
| Average Seek Time |
--------------------------------------------------------------------------------------
|  FIFO  |  LIFO  |  SSTF  |  SCAN  |    C-SCAN    |      N-STEP-SCAN      |  FSCAN  |
--------------------------------------------------------------------------------------
|     1  |     1  |     1  |     1  |         1    |                1      |      1  |
--------------------------------------------------------------------------------------
|  55| 54| 124| 77|   1|  0|   1|  0|     1 |     0|        48 |         47|  48|  47|
|  48|  7| 117|  7|   1|  0|   1|  0|     1 |     0|        55 |          7|  55|   7|
|  74| 26| 111|  6|   1|  0|   1|  0|     1 |     0|        74 |         19|  74|  19|
|  96| 22| 118|  7|   1|  0|   1|  0|     1 |     0|        95 |         21|  95|  21|
|  95|  1| 118|  0|   1|  0|   1|  0|     1 |     0|        96 |          1|  96|   1|
| 100|  5| 125|  7|   1|  0|   1|  0|     1 |     0|       100 |          4| 116|  20|
| 132| 32| 125|  0|   1|  0|   1|  0|     1 |     0|       113 |         13| 117|   1|
| 113| 19| 123|  2|   1|  0|   1|  0|     1 |     0|       113 |          0| 123|   6|
| 113|  0| 118|  5|   1|  0|   1|  0|     1 |     0|       119 |          6| 129|   6|
| 119|  6| 112|  6|   1|  0|   1|  0|     1 |     0|       132 |         13|  95|  34|
| 117|  2| 110|  2|   1|  0|   1|  0|     1 |     0|       129 |          3|  96|   1|
|  95| 22| 110|  0|   1|  0|   1|  0|     1 |     0|       123 |          6| 103|   7|
| 116| 21|  99| 11| 200|  1|   2|  1|     2 |     1|       117 |          6| 112|   9|
| 129| 13|  99|  0| 200|  0|   2|  0|     2 |     0|       116 |          1| 121|   9|
| 123|  6|  87| 12| 200|  0|   2|  0|     2 |     0|        95 |         21| 128|   7|
| 112| 11|  86|  1| 200|  0|   2|  0|     2 |     0|        96 |          1| 109|  19|
| 121|  9| 112| 26| 200|  0|   2|  0|     2 |     0|       103 |          7|  95|  14|
| 128|  7| 121|  9| 200|  0|   3|  1|     3 |     1|       112 |          9|  95|   0|
| 103| 25| 174| 53| 200|  0|   3|  0|     3 |     0|       121 |          9|  93|   2|
|  96|  7| 175|  1| 200|  0|   3|  0|     3 |     0|       128 |          7|  87|   6|
|  87|  9| 171|  4| 199|  1|   3|  0|     3 |     0|       109 |         19| 100|  13|
|  93|  6| 172|  1| 199|  0|   3|  0|     3 |     0|        95 |         14| 113|  13|
|  95|  2| 172|  0| 199|  0|   3|  0|     3 |     0|        95 |          0| 113|   0|
|  95|  0| 170|  2| 199|  0|   4|  1|     4 |     1|        93 |          2| 119|   6|
| 109| 14| 170|  0| 199|  0|   4|  0|     4 |     0|        87 |          6| 132|  13|
|  55| 54|   7| 37| 198|  1|   4|  0|     4 |     0|        68 |         19| 127|   5|
|  51|  4|  21| 14| 198|  0|   4|  0|     4 |     0|        66 |          2| 117|  10|
|  51|  0|  41| 20| 198|  0|   4|  0|     4 |     0|        55 |         11|  98|  19|
|  68| 17|  35|  6| 198|  0|   5|  1|     5 |     1|        51 |          4|  90|   8|
|  66|  2|  34|  1| 198|  0|   5|  0|     5 |     0|        51 |          0|  78|  12|
|  98| 32|  35|  1| 198|  0|   5|  0|     5 |     0|        78 |         27|  68|  10|
|  90|  8|  30|  5| 198|  0|   5|  0|     5 |     0|        90 |         12|  66|   2|
|  78| 12|  28|  2| 198|  0|   5|  0|     5 |     0|        98 |          8|  55|  11|
| 127| 49| 169| 59| 198|  0|   5|  0|     5 |     0|       117 |         19|  51|   4|
| 117| 10| 183| 14| 198|  0|   5|  0|     5 |     0|       127 |         10|  51|   0|
| 111|  6| 181|  2| 198|  0|   5|  0|     5 |     0|       125 |          2| 111|  60|
| 119|  8| 190|  9| 197|  1|   6|  1|     6 |     1|       122 |          3| 119|   8|
| 125|  6| 189|  1| 197|  0|   6|  0|     6 |     0|       119 |          3| 122|   3|
| 122|  3| 158| 31| 197|  0|   6|  0|     6 |     0|       111 |          8| 125|   3|
| 129|  7| 158|  0| 197|  0|   6|  0|     6 |     0|       129 |         18| 129|   4|
| 127|  2| 171| 13| 197|  0|   6|  0|     6 |     0|       129 |          0| 129|   0|
| 129|  2| 166|  5| 197|  0|   6|  0|     6 |     0|       127 |          2| 120|   9|
| 126|  3| 179| 13| 197|  0|   7|  1|     7 |     1|       126 |          1| 134|  14|
| 119|  7| 166| 13| 197|  0|   7|  0|     7 |     0|       119 |          7| 137|   3|
| 114|  5| 163|  3| 197|  0|   7|  0|     7 |     0|       114 |          5| 137|   0|
| 120|  6| 160|  3| 197|  0|   7|  0|     7 |     0|       120 |          6| 138|   1|
| 134| 14| 173| 13| 196|  1|   7|  0|     7 |     0|       129 |          9| 130|   8|
| 137|  3| 173|  0| 196|  0|   7|  0|     7 |     0|       134 |          5| 124|   6|
| 129|  8| 174|  1| 196|  0|   8|  1|     8 |     1|       137 |          3| 121|   3|
| 137|  8| 175|  1| 196|  0|   8|  0|     8 |     0|       137 |          0| 119|   2|
| 138|  1| 173|  2| 196|  0|   8|  0|     8 |     0|       138 |          1| 115|   4|
| 124| 14| 172|  1| 196|  0|   8|  0|     8 |     0|       130 |          8| 111|   4|
| 121|  3| 185| 13| 195|  1|   8|  0|     8 |     0|       124 |          6| 109|   2|
| 130|  9| 187|  2| 195|  0|   8|  0|     8 |     0|       121 |          3|  98|  11|
| 119| 11|   1| 14| 195|  0|   9|  1|     9 |     1|       119 |          2| 121|  23|
| 111|  8| 142| 59| 195|  0|   9|  0|     9 |     0|       115 |          4| 128|   7|
| 115|  4| 141|  1| 195|  0|   9|  0|     9 |     0|       111 |          4| 134|   6|
| 121|  6|  98| 43| 194|  1|   9|  0|     9 |     0|       109 |          2| 135|   1|
| 109| 12| 105|  7| 194|  0|   9|  0|     9 |     0|        98 |         11| 139|   4|
|  98| 11| 119| 14| 194|  0|   9|  0|     9 |     0|       121 |         23| 106|  33|
| 128| 30| 110|  9| 194|  0|   9|  0|     9 |     0|       128 |          7| 109|   3|
| 134|  6| 102|  8| 194|  0|   9|  0|     9 |     0|       134 |          6| 110|   1|
| 139|  5| 115| 13| 194|  0|   9|  0|     9 |     0|       135 |          1| 121|  11|
| 135|  4| 126| 11| 194|  0|   9|  0|     9 |     0|       139 |          4| 133|  12|
| 106| 29| 129|  3| 194|  0|   9|  0|     9 |     0|       106 |         33| 103|  30|
| 109|  3| 121|  8| 194|  0|  10|  1|    10 |     1|       109 |          3| 100|   3|
| 103|  6| 100| 21| 194|  0|  10|  0|    10 |     0|       110 |          1|  92|   8|
| 110|  7|  63| 37| 194|  0|  10|  0|    10 |     0|       121 |         11|  91|   1|
| 133| 23|  57|  6| 194|  0|  10|  0|    10 |     0|       133 |         12|  91|   0|
| 121| 12|  49|  8| 194|  0|  10|  0|    10 |     0|       103 |         30| 116|  25|
|  91| 30|  70| 21| 193|  1|  10|  0|    10 |     0|       100 |          3| 100|  16|
|  92|  1|  70|  0| 193|  0|  11|  1|    11 |     1|        92 |          8|  91|   9|
| 116| 24|  17| 53| 193|  0|  11|  0|    11 |     0|        91 |          1|  85|   6|
|  91| 25|  15|  2| 193|  0|  11|  0|    11 |     0|        91 |          0|  77|   8|
| 100|  9|   2| 13| 193|  0|  11|  0|    11 |     0|       116 |         25|  73|   4|
| 100|  0| 193|  9| 193|  0|  11|  0|    11 |     0|       100 |         16|  74|   1|
|  91|  9| 194|  1| 192|  1|  12|  1|    12 |     1|        91 |          9|  77|   3|
|  73| 18| 187|  7| 192|  0|  13|  1|    13 |     1|        85 |          6|  65|  12|
|  77|  4| 193|  6| 192|  0|  15|  2|    15 |     2|        77 |          8|  64|   1|
|  85|  8|   1|  8| 192|  0|  15|  0|    15 |     0|        73 |          4|   9|  55|
|  77|  8| 169| 32| 191|  1|  15|  0|    15 |     0|        74 |          1|   9|   0|
|  74|  3| 145| 24| 191|  0|  15|  0|    15 |     0|        77 |          3| 183|  26|
|  65|  9| 159| 14| 191|  0|  15|  0|    15 |     0|        65 |         12| 188|   5|
|  64|  1| 158|  1| 191|  0|  15|  0|    15 |     0|        64 |          1| 196|   8|
|   9| 55| 126| 32| 190|  1|  16|  1|    16 |     1|         9 |         55| 200|   4|
|   9|  0| 127|  1| 190|  0|  17|  1|    17 |     1|         9 |          0| 192|   8|
| 200|  9| 127|  0| 190|  0|  17|  0|    17 |     0|       183 |         26| 191|   1|
| 196|  4| 134|  7| 190|  0|  17|  0|    17 |     0|       188 |          5| 180|  11|
| 188|  8| 141|  7| 190|  0|  18|  1|    18 |     1|       196 |          8|  38|  58|
| 183|  5| 157| 16| 189|  1|  19|  1|    19 |     1|       200 |          4|   2|  36|
| 191|  8| 173| 16| 189|  0|  19|  0|    19 |     0|       192 |          8|  38|  36|
| 192|  1| 181|  8| 189|  0|  20|  1|    20 |     1|       191 |          1|  46|   8|
| 180| 12| 177|  4| 189|  0|  20|  0|    20 |     0|       180 |         11|  50|   4|
|   2| 22| 185|  8| 188|  1|  20|  0|    20 |     0|        38 |         58|  53|   3|
|  38| 36| 197| 12| 188|  0|  20|  0|    20 |     0|         2 |         36|  55|   2|
|  38|  0|   4|  7| 188|  0|  21|  1|    21 |     1|        38 |         36|  55|   0|
|  46|  8|   4|  0| 188|  0|  21|  0|    21 |     0|        46 |          8|  55|   0|
|  50|  4|  38| 34| 188|  0|  21|  0|    21 |     0|        50 |          4|  53|   2|
|  53|  3|  45|  7| 188|  0|  21|  0|    21 |     0|        53 |          3|  58|   5|
|  55|  2|  26| 19| 188|  0|  22|  1|    22 |     1|        55 |          2|  59|   1|
|  55|  0|  30|  4| 188|  0|  22|  0|    22 |     0|        55 |          0|  62|   3|
|  55|  0|  35|  5| 188|  0|  22|  0|    22 |     0|        55 |          0|  62|   0|
|  59|  4|  21| 14| 188|  0|  22|  0|    22 |     0|        53 |          2|  80|  18|
|  53|  6|  19|  2| 187|  1|  23|  1|    23 |     1|        58 |          5|  81|   1|
|  58|  5|  37| 18| 187|  0|  25|  2|    25 |     2|        59 |          1|  98|  17|
|  62|  4|  47| 10| 187|  0|  25|  0|    25 |     0|        62 |          3|  98|   0|
|  62|  0|  59| 12| 187|  0|  25|  0|    25 |     0|        62 |          0|  95|   3|
|  80| 18|  59|  0| 187|  0|  26|  1|    26 |     1|        80 |         18|  93|   2|
|  81|  1|  49| 10| 187|  0|  26|  0|    26 |     0|        81 |          1| 103|  10|
|  98| 17|  35| 14| 187|  0|  27|  1|    27 |     1|        98 |         17| 106|   3|
|  95|  3|  41|  6| 186|  1|  28|  1|    28 |     1|        98 |          0| 108|   2|
| 103|  8|  41|  0| 186|  0|  28|  0|    28 |     0|        95 |          3| 109|   1|
| 106|  3|  45|  4| 186|  0|  28|  0|    28 |     0|        93 |          2| 113|   4|
|  98|  8|  44|  1| 186|  0|  29|  1|    29 |     1|       103 |         10| 115|   2|
|  93|  5|  45|  1| 185|  1|  29|  0|    29 |     0|       106 |          3| 151|  36|
| 108| 15|  38|  7| 185|  0|  29|  0|    29 |     0|       108 |          2|  78|  73|
| 109|  1|  32|  6| 185|  0|  29|  0|    29 |     0|       109 |          1|  77|   1|
| 151| 42|  42| 10| 185|  0|  29|  0|    29 |     0|       113 |          4|  76|   1|
| 115| 36|  54| 12| 185|  0|  30|  1|    30 |     1|       115 |          2|  67|   9|
| 113|  2|  59|  5| 185|  0|  30|  0|    30 |     0|       151 |         36|  63|   4|
|  67| 46|  59|  0| 185|  0|  30|  0|    30 |     0|        78 |         73|  75|  12|
|  63|  4|  84| 25| 184|  1|  30|  0|    30 |     0|        77 |          1|  81|   6|
|  76| 13|  84|  0| 184|  0|  30|  0|    30 |     0|        76 |          1|  84|   3|
|  77|  1|  77|  7| 184|  0|  30|  0|    30 |     0|        67 |          9|  87|   3|
|  78|  1|  71|  6| 184|  0|  30|  0|    30 |     0|        63 |          4| 100|  13|
|  75|  3|  52| 19| 184|  0|  30|  0|    30 |     0|        75 |         12| 104|   4|
|  81|  6|  75| 23| 184|  0|  31|  1|    31 |     1|        81 |          6|  99|   5|
|  87|  6|  73|  2| 184|  0|  31|  0|    31 |     0|        84 |          3|  97|   2|
|  84|  3|  91| 18| 184|  0|  32|  1|    32 |     1|        87 |          3|  96|   1|
| 100| 16|  93|  2| 183|  1|  32|  0|    32 |     0|       100 |         13|  94|   2|
| 104|  4| 100|  7| 183|  0|  32|  0|    32 |     0|       104 |          4|  91|   3|
|  99|  5| 123| 23| 183|  0|  33|  1|    33 |     1|        99 |          5|  98|   7|
|  94|  5| 132|  9| 183|  0|  33|  0|    33 |     0|        97 |          2|  98|   0|
|  96|  2| 119| 13| 183|  0|  33|  0|    33 |     0|        96 |          1| 111|  13|
|  97|  1| 118|  1| 182|  1|  33|  0|    33 |     0|        94 |          2| 115|   4|
|  91|  6| 119|  1| 182|  0|  33|  0|    33 |     0|        91 |          3| 114|   1|
|  98|  7| 142| 23| 182|  0|  34|  1|    34 |     1|        98 |          7| 111|   3|
|  98|  0| 139|  3| 182|  0|  34|  0|    34 |     0|        98 |          0| 104|   7|
| 111| 13| 136|  3| 182|  0|  34|  0|    34 |     0|       111 |         13| 117|  13|
| 115|  4|  94| 42| 182|  0|  34|  0|    34 |     0|       115 |          4| 120|   3|
| 111|  4|  97|  3| 182|  0|  35|  1|    35 |     1|       114 |          1| 124|   4|
| 104|  7| 106|  9| 181|  1|  35|  0|    35 |     0|       111 |          3| 124|   0|
| 114| 10| 109|  3| 181|  0|  35|  0|    35 |     0|       104 |          7| 129|   5|
| 117|  3| 106|  3| 181|  0|  35|  0|    35 |     0|       117 |         13| 131|   2|
| 120|  3| 107|  1| 181|  0|  35|  0|    35 |     0|       120 |          3| 109|  22|
| 124|  4| 120| 13| 181|  0|  35|  0|    35 |     0|       124 |          4| 111|   2|
| 124|  0| 123|  3| 181|  0|  35|  0|    35 |     0|       124 |          0| 120|   9|
| 109| 15| 144| 21| 181|  0|  35|  0|    35 |     0|       129 |          5| 123|   3|
| 131| 22| 145|  1| 180|  1|  36|  1|    36 |     1|       131 |          2| 132|   9|
| 129|  2| 135| 10| 180|  0|  36|  0|    36 |     0|       109 |         22| 133|   1|
| 120|  9| 158| 23| 180|  0|  36|  0|    36 |     0|       111 |          2|  95|  38|
| 133| 13| 171| 13| 180|  0|  36|  0|    36 |     0|       120 |          9|  92|   3|
| 132|  1| 182| 11| 180|  0|  36|  0|    36 |     0|       123 |          3|  91|   1|
| 123|  9| 178|  4| 180|  0|  36|  0|    36 |     0|       132 |          9|  86|   5|
| 111| 12| 175|  3| 180|  0|  37|  1|    37 |     1|       133 |          1|  75|  11|
|  92| 19| 162| 13| 180|  0|  37|  0|    37 |     0|        95 |         38|  89|  14|
|  95|  3| 162|  0| 179|  1|  37|  0|    37 |     0|        92 |          3|  90|   1|
|  75| 20| 165|  3| 179|  0|  37|  0|    37 |     0|        91 |          1| 102|  12|
|  86| 11| 171|  6| 179|  0|  37|  0|    37 |     0|        86 |          5|  46|  56|
|  91|  5| 169|  2| 179|  0|  38|  1|    38 |     1|        75 |         11|  38|   8|
| 102| 11| 168|  1| 179|  0|  38|  0|    38 |     0|        89 |         14|  36|   2|
|  89| 13| 168|  0| 178|  1|  38|  0|    38 |     0|        90 |          1|  36|   0|
|  90|  1| 180| 12| 178|  0|  38|  0|    38 |     0|       102 |         12|  36|   0|
|  46| 44| 180|  0| 178|  0|  38|  0|    38 |     0|        46 |         56|  33|   3|
|  38|  8|  12| 32| 177|  1|  38|  0|    38 |     0|        38 |          8|  29|   4|
|  36|  2|  10|  2| 177|  0|  38|  0|    38 |     0|        36 |          2|  36|   7|
|  36|  0|   3|  7| 177|  0|  38|  0|    38 |     0|        36 |          0|  41|   5|
|  36|  0| 176| 27| 177|  0|  38|  0|    38 |     0|        36 |          0|  44|   3|
|  33|  3| 155| 21| 176|  1|  39|  1|    39 |     1|        33 |          3|  72|  28|
|  29|  4| 141| 14| 176|  0|  39|  0|    39 |     0|        29 |          4| 121|  49|
|  44| 15| 139|  2| 176|  0|  40|  1|    40 |     1|        36 |          7| 125|   4|
|  41|  3| 141|  2| 176|  0|  40|  0|    40 |     0|        41 |          5| 144|  19|
|  36|  5| 188| 47| 176|  0|  40|  0|    40 |     0|        44 |          3| 151|   7|
|  72| 36| 187|  1| 175|  1|  40|  0|    40 |     0|        72 |         28| 152|   1|
| 121| 49| 198| 11| 175|  0|  40|  0|    40 |     0|       121 |         49| 153|   1|
| 125|  4|   8| 10| 175|  0|  40|  0|    40 |     0|       125 |          4| 139|  14|
| 151| 26| 194| 14| 175|  0|  40|  0|    40 |     0|       144 |         19| 136|   3|
| 153|  2|   1|  7| 175|  0|  40|  0|    40 |     0|       151 |          7| 130|   6|
| 152|  1| 113| 88| 175|  0|  41|  1|    41 |     1|       152 |          1| 123|   7|
| 144|  8| 114|  1| 175|  0|  41|  0|    41 |     0|       153 |          1| 112|  11|
| 123| 21|  89| 25| 175|  0|  41|  0|    41 |     0|       139 |         14| 110|   2|
| 130|  7|  88|  1| 175|  0|  41|  0|    41 |     0|       136 |          3| 110|   0|
| 139|  9|  69| 19| 175|  0|  41|  0|    41 |     0|       130 |          6| 106|   4|
| 136|  3|  76|  7| 175|  0|  41|  0|    41 |     0|       123 |          7| 101|   5|
| 112| 24|  73|  3| 174|  1|  41|  0|    41 |     0|       112 |         11|  97|   4|
| 110|  2|  78|  5| 174|  0|  41|  0|    41 |     0|       110 |          2|  97|   0|
|  97| 13|  78|  0| 174|  0|  41|  0|    41 |     0|       110 |          0| 104|   7|
| 106|  9|  98| 20| 174|  0|  41|  0|    41 |     0|       106 |          4|  95|   9|
| 110|  4| 102|  4| 174|  0|  42|  1|    42 |     1|       101 |          5|  89|   6|
| 101|  9| 110|  8| 174|  0|  42|  0|    42 |     0|        97 |          4|  89|   0|
| 104|  3| 102|  8| 173|  1|  42|  0|    42 |     0|        97 |          0|  88|   1|
|  95|  9| 105|  3| 173|  0|  42|  0|    42 |     0|       104 |          7|  76|  12|
|  97|  2|  91| 14| 173|  0|  43|  1|    43 |     1|        95 |          9|  90|  14|
|  89|  8|  83|  8| 173|  0|  43|  0|    43 |     0|        89 |          6|  94|   4|
|  89|  0| 119| 36| 173|  0|  43|  0|    43 |     0|        89 |          0|  97|   3|
|  76| 13| 101| 18| 172|  1|  43|  0|    43 |     0|        88 |          1|  97|   0|
|  97| 21| 104|  3| 172|  0|  43|  0|    43 |     0|        76 |         12| 101|   4|
|  94|  3| 101|  3| 172|  0|  43|  0|    43 |     0|        90 |         14| 102|   1|
|  88|  6|  53| 48| 172|  0|  43|  0|    43 |     0|        94 |          4|  89|  13|
|  90|  2|  30| 23| 172|  0|  43|  0|    43 |     0|        97 |          3|  87|   2|
| 102| 12|  34|  4| 172|  0|  44|  1|    44 |     1|        97 |          0|  95|   8|
|  87| 15|  50| 16| 171|  1|  44|  0|    44 |     0|       101 |          4| 104|   9|
|  89|  2|  55|  5| 171|  0|  44|  0|    44 |     0|       102 |          1| 107|   3|
|  97|  8| 187| 68| 171|  0|  44|  0|    44 |     0|        89 |         13| 109|   2|
| 101|  4|  11| 24| 171|  0|  44|  0|    44 |     0|        87 |          2| 109|   0|
|  95|  6|  18|  7| 171|  0|  44|  0|    44 |     0|        95 |          8| 109|   0|
| 107| 12|   8| 10| 171|  0|  45|  1|    45 |     1|       104 |          9| 107|   2|
| 109|  2|   6|  2| 171|  0|  45|  0|    45 |     0|       107 |          3| 104|   3|
| 104|  5| 185| 21| 170|  1|  45|  0|    45 |     0|       109 |          2| 102|   2|
| 109|  5| 176|  9| 170|  0|  45|  0|    45 |     0|       109 |          0| 110|   8|
| 109|  0| 177|  1| 170|  0|  45|  0|    45 |     0|       109 |          0| 115|   5|
| 110|  1| 175|  2| 170|  0|  45|  0|    45 |     0|       107 |          2| 118|   3|
| 104|  6| 183|  8| 169|  1|  45|  0|    45 |     0|       104 |          3| 122|   4|
| 102|  2| 151| 32| 169|  0|  46|  1|    46 |     1|       102 |          2| 108|  14|
| 107|  5| 133| 18| 169|  0|  46|  0|    46 |     0|       110 |          8| 106|   2|
| 115|  8| 151| 18| 169|  0|  46|  0|    46 |     0|       115 |          5| 106|   0|
| 106|  9| 145|  6| 169|  0|  46|  0|    46 |     0|       118 |          3| 111|   5|
| 118| 12| 140|  5| 169|  0|  46|  0|    46 |     0|       122 |          4| 111|   0|
| 108| 10| 136|  4| 169|  0|  47|  1|    47 |     1|       108 |         14| 136|  25|
| 122| 14| 140|  4| 168|  1|  47|  0|    47 |     0|       106 |          2| 136|   0|
| 136| 14| 143|  3| 168|  0|  48|  1|    48 |     1|       106 |          0| 122|  14|
| 136|  0| 150|  7| 168|  0|  48|  0|    48 |     0|       111 |          5| 122|   0|
| 111| 25| 149|  1| 168|  0|  49|  1|    49 |     1|       111 |          0| 122|   0|
| 111|  0| 154|  5| 168|  0|  49|  0|    49 |     0|       136 |         25| 121|   1|
| 106|  5| 157|  3| 168|  0|  49|  0|    49 |     0|       136 |          0| 105|  16|
| 105|  1| 144| 13| 167|  1|  49|  0|    49 |     0|       122 |         14| 148|  43|
| 122| 17| 145|  1| 167|  0|  50|  1|    50 |     1|       122 |          0| 150|   2|
| 122|  0| 143|  2| 167|  0|  50|  0|    50 |     0|       122 |          0| 151|   1|
| 122|  0| 155| 12| 167|  0|  50|  0|    50 |     0|       121 |          1| 166|  15|
| 121|  1| 146|  9| 166|  1|  50|  0|    50 |     0|       105 |         16| 178|  12|
| 148| 27| 155|  9| 166|  0|  50|  0|    50 |     0|       148 |         43| 182|   4|
| 150|  2| 160|  5| 166|  0|  50|  0|    50 |     0|       150 |          2| 182|   0|
| 151|  1| 158|  2| 166|  0|  51|  1|    51 |     1|       151 |          1| 184|   2|
| 166| 15| 148| 10| 166|  0|  51|  0|    51 |     0|       166 |         15| 189|   5|
| 178| 12| 143|  5| 166|  0|  51|  0|    51 |     0|       178 |         12| 192|   3|
| 182|  4| 150|  7| 166|  0|  52|  1|    52 |     1|       182 |          4| 198|   6|
| 182|  0| 157|  7| 166|  0|  52|  0|    52 |     0|       182 |          0|  53|  55|
| 184|  2| 136| 21| 166|  0|  52|  0|    52 |     0|       184 |          2|  49|   4|
| 192|  8| 136|  0| 165|  1|  52|  0|    52 |     0|       189 |          5|  30|  19|
| 189|  3| 132|  4| 165|  0|  53|  1|    53 |     1|       192 |          3|   5|  25|
| 198|  9| 147| 15| 165|  0|  53|  0|    53 |     0|       198 |          6|   9|   4|
|   5|  7| 152|  5| 165|  0|  53|  0|    53 |     0|        53 |         55|  15|   6|
|  49| 44| 179| 27| 164|  1|  53|  0|    53 |     0|        49 |          4|  19|   4|
|  53|  4| 180|  1| 163|  1|  53|  0|    53 |     0|        30 |         19|  20|   1|
|  30| 23| 182|  2| 163|  0|  54|  1|    54 |     1|         5 |         25|  22|   2|
|  19| 11| 154| 28| 163|  0|  54|  0|    54 |     0|         9 |          4|  22|   0|
|  22|  3| 166| 12| 162|  1|  55|  1|    55 |     1|        15 |          6|  30|   8|
|  20|  2| 176| 10| 162|  0|  55|  0|    55 |     0|        19 |          4| 193|  37|
|   9| 11| 175|  1| 162|  0|  55|  0|    55 |     0|        20 |          1| 198|   5|
|  15|  6| 172|  3| 162|  0|  55|  0|    55 |     0|        22 |          2|   1|   3|
|  30| 15| 158| 14| 162|  0|  55|  0|    55 |     0|        22 |          0|   5|   4|
|  22|  8| 158|  0| 162|  0|  55|  0|    55 |     0|        30 |          8|   7|   2|
|   1| 21| 163|  5| 161|  1|  55|  0|    55 |     0|       193 |         37|   8|   1|
| 198|  3| 166|  3| 161|  0|  55|  0|    55 |     0|       198 |          5|  10|   2|
| 193|  5| 171|  5| 160|  1|  55|  0|    55 |     0|         1 |          3| 193|  17|
| 193|  0| 160| 11| 160|  0|  55|  0|    55 |     0|         5 |          4| 182|  11|
|   8| 15| 162|  2| 160|  0|  56|  1|    56 |     1|         7 |          2|   6|  24|
|   7|  1| 153|  9| 160|  0|  56|  0|    56 |     0|         8 |          1|   5|   1|
|   5|  2| 149|  4| 160|  0|  57|  1|    57 |     1|        10 |          2| 195|  10|
|  10|  5| 158|  9| 159|  1|  57|  0|    57 |     0|       193 |         17| 199|   4|
|   5|  5| 165|  7| 159|  0|  57|  0|    57 |     0|       182 |         11| 199|   0|
|   6|  1| 161|  4| 159|  0|  57|  0|    57 |     0|         6 |         24| 199|   0|
| 195| 11| 169|  8| 159|  0|  58|  1|    58 |     1|         5 |          1| 187|  12|
| 182| 13| 172|  3| 159|  0|  58|  0|    58 |     0|       195 |         10| 184|   3|
| 199| 17| 143| 29| 158|  1|  58|  0|    58 |     0|       199 |          4| 200|  16|
| 199|  0| 147|  4| 158|  0|  59|  1|    59 |     1|       199 |          0| 198|   2|
| 200|  1| 144|  3| 158|  0|  59|  0|    59 |     0|       199 |          0| 198|   0|
| 187| 13| 153|  9| 158|  0|  59|  0|    59 |     0|       187 |         12| 198|   0|
| 184|  3| 132| 21| 158|  0|  59|  0|    59 |     0|       184 |          3| 185|  13|
| 199| 15| 109| 23| 158|  0|  59|  0|    59 |     0|       200 |         16|   1|  16|
|   1|  2| 147| 38| 158|  0|  59|  0|    59 |     0|       198 |          2| 190|  11|
| 185| 16| 152|  5| 158|  0|  59|  0|    59 |     0|       198 |          0| 191|   1|
| 198| 13| 156|  4| 158|  0|  59|  0|    59 |     0|       198 |          0| 195|   4|
| 198|  0| 166| 10| 157|  1|  60|  1|    60 |     1|       185 |         13| 200|   5|
| 198|  0| 166|  0| 157|  0|  61|  1|    61 |     1|         1 |         16| 200|   0|
| 190|  8| 167|  1| 157|  0|  61|  0|    61 |     0|       190 |         11| 200|   0|
| 200| 10| 167|  0| 157|  0|  62|  1|    62 |     1|       191 |          1| 182|  18|
| 191|  9| 156| 11| 156|  1|  62|  0|    62 |     0|       195 |          4| 182|   0|
| 195|  4| 178| 22| 156|  0|  62|  0|    62 |     0|       200 |          5| 176|   6|
| 200|  5| 177|  1| 156|  0|  62|  0|    62 |     0|       200 |          0| 167|   9|
| 200|  0| 184|  7| 156|  0|  63|  1|    63 |     1|       200 |          0| 147|  20|
| 182| 18| 183|  1| 155|  1|  63|  0|    63 |     0|       182 |         18| 147|   0|
| 176|  6| 194| 11| 155|  0|  63|  0|    63 |     0|       182 |          0| 147|   0|
| 182|  6| 197|  3| 155|  0|  64|  1|    64 |     1|       176 |          6| 146|   1|
| 167| 15| 184| 13| 155|  0|  64|  0|    64 |     0|       167 |          9| 143|   3|
| 143| 24| 185|  1| 155|  0|  64|  0|    64 |     0|       147 |         20| 146|   3|
| 147|  4| 167| 18| 154|  1|  64|  0|    64 |     0|       147 |          0| 151|   5|
| 147|  0| 164|  3| 154|  0|  64|  0|    64 |     0|       147 |          0| 166|  15|
| 147|  0| 153| 11| 154|  0|  65|  1|    65 |     1|       146 |          1| 168|   2|
| 146|  1| 197| 44| 153|  1|  65|  0|    65 |     0|       143 |          3| 191|  23|
| 146|  0|   1|  4| 153|  0|  65|  0|    65 |     0|       146 |          3| 188|   3|
| 151|  5| 124| 77| 153|  0|  66|  1|    66 |     1|       151 |          5| 184|   4|
| 168| 17| 119|  5| 153|  0|  66|  0|    66 |     0|       166 |         15| 184|   0|
| 166|  2|  91| 28| 153|  0|  67|  1|    67 |     1|       168 |          2| 183|   1|
| 191| 25|  91|  0| 153|  0|  67|  0|    67 |     0|       191 |         23| 197|  14|
| 188|  3|  91|  0| 152|  1|  67|  0|    67 |     0|       188 |          3| 190|   7|
| 184|  4|  92|  1| 152|  0|  68|  1|    68 |     1|       184 |          4| 188|   2|
| 184|  0|  95|  3| 152|  0|  68|  0|    68 |     0|       184 |          0| 188|   0|
| 183|  1| 106| 11| 152|  0|  69|  1|    69 |     1|       183 |          1|   1|  13|
| 197| 14| 116| 10| 152|  0|  69|  0|    69 |     0|       197 |         14| 199|   2|
| 190|  7| 117|  1| 152|  0|  69|  0|    69 |     0|       190 |          7| 194|   5|
|   1| 11| 129| 12| 152|  0|  69|  0|    69 |     0|       188 |          2| 194|   0|
| 199|  2| 156| 27| 152|  0|  69|  0|    69 |     0|       188 |          0| 189|   5|
| 188| 11| 118| 38| 151|  1|  69|  0|    69 |     0|         1 |         13| 181|   8|
| 188|  0| 118|  0| 151|  0|  70|  1|    70 |     1|       199 |          2| 159|  22|
| 181|  7| 128| 10| 151|  0|  70|  0|    70 |     0|       194 |          5| 161|   2|
| 189|  8| 125|  3| 151|  0|  70|  0|    70 |     0|       194 |          0| 170|   9|
| 194|  5| 118|  7| 151|  0|  71|  1|    71 |     1|       189 |          5| 171|   1|
| 194|  0| 107| 11| 151|  0|  71|  0|    71 |     0|       181 |          8| 175|   4|
| 159| 35| 109|  2| 151|  0|  71|  0|    71 |     0|       159 |         22| 175|   0|
| 161|  2| 101|  8| 151|  0|  72|  1|    72 |     1|       161 |          2| 174|   1|
| 170|  9|  97|  4| 150|  1|  72|  0|    72 |     0|       170 |          9| 174|   0|
| 171|  1|  97|  0| 150|  0|  72|  0|    72 |     0|       171 |          1| 162|  12|
| 175|  4|  90|  7| 150|  0|  73|  1|    73 |     1|       175 |          4| 176|  14|
| 175|  0|  81|  9| 149|  1|  73|  0|    73 |     0|       175 |          0| 179|   3|
| 174|  1|  60| 21| 149|  0|  73|  0|    73 |     0|       174 |          1| 162|  17|
| 174|  0|  71| 11| 148|  1|  73|  0|    73 |     0|       174 |          0| 160|   2|
| 179|  5|  86| 15| 148|  0|  73|  0|    73 |     0|       162 |         12| 152|   8|
| 176|  3| 114| 28| 147|  1|  74|  1|    74 |     1|       176 |         14| 181|  29|
| 162| 14| 108|  6| 147|  0|  74|  0|    74 |     0|       179 |          3| 184|   3|
| 160|  2| 122| 14| 147|  0|  74|  0|    74 |     0|       162 |         17| 184|   0|
| 184| 24| 153| 31| 147|  0|  74|  0|    74 |     0|       160 |          2| 180|   4|
| 162| 22| 159|  6| 147|  0|  74|  0|    74 |     0|       152 |          8|   3|  23|
| 152| 10| 155|  4| 147|  0|  75|  1|    75 |     1|       181 |         29|   1|   2|
| 181| 29| 160|  5| 146|  1|  75|  0|    75 |     0|       184 |          3| 185|  16|
| 180|  1| 168|  8| 146|  0|  75|  0|    75 |     0|       184 |          0|   6|  21|
|   1| 21| 175|  7| 146|  0|  75|  0|    75 |     0|       180 |          4|   3|   3|
| 184| 17| 179|  4| 145|  1|  76|  1|    76 |     1|         3 |         23| 194|   9|
| 185|  1| 186|  7| 145|  0|  76|  0|    76 |     0|         1 |          2| 194|   0|
|   3| 18| 179|  7| 145|  0|  76|  0|    76 |     0|       185 |         16| 199|   5|
|   3|  0| 186|  7| 145|  0|  77|  1|    77 |     1|         6 |         21| 197|   2|
| 199|  4| 187|  1| 145|  0|  77|  0|    77 |     0|         3 |          3| 197|   0|
|   6|  7| 198| 11| 144|  1|  77|  0|    77 |     0|       194 |          9| 196|   1|
| 194| 12|   3|  5| 144|  0|  77|  0|    77 |     0|       194 |          0|  11|  15|
| 194|  0| 191| 12| 144|  0|  77|  0|    77 |     0|       199 |          5| 200|  11|
|  11| 17|   4| 13| 144|  0|  78|  1|    78 |     1|       197 |          2| 194|   6|
| 196| 15|  10|  6| 143|  1|  78|  0|    78 |     0|       197 |          0| 194|   0|
| 197|  1|  10|  0| 143|  0|  78|  0|    78 |     0|       196 |          1| 194|   0|
| 197|  0| 165| 45| 143|  0|  78|  0|    78 |     0|        11 |         15| 192|   2|
| 200|  3| 162|  3| 143|  0|  78|  0|    78 |     0|       200 |         11|  10|  18|
| 194|  6| 152| 10| 143|  0|  78|  0|    78 |     0|       194 |          6|  32|  22|
|  10| 16| 153|  1| 143|  0|  80|  2|    80 |     2|       194 |          0|  33|   1|
| 194| 16| 142| 11| 143|  0|  80|  0|    80 |     0|       194 |          0|  36|   3|
| 194|  0| 142|  0| 142|  1|  80|  0|    80 |     0|       192 |          2|  45|   9|
| 192|  2| 157| 15| 142|  0|  80|  0|    80 |     0|        10 |         18| 175|  70|
| 175| 17| 152|  5| 142|  0|  81|  1|    81 |     1|        32 |         22|  86|  89|
|  36| 61| 171| 19| 142|  0|  81|  0|    81 |     0|        33 |          1|  46|  40|
|  45|  9| 180|  9| 141|  1|  81|  0|    81 |     0|        36 |          3|  43|   3|
|  32| 13| 185|  5| 141|  0|  82|  1|    82 |     1|        45 |          9|  37|   6|
|  33|  1| 190|  5| 141|  0|  82|  0|    82 |     0|       175 |         70|  29|   8|
|  86| 53|   7| 17| 141|  0|  82|  0|    82 |     0|        86 |         89|  34|   5|
|  46| 40|   9|  2| 140|  1|  83|  1|    83 |     1|        46 |         40|  44|  10|
|  43|  3|   9|  0| 140|  0|  83|  0|    83 |     0|        43 |          3|   7|  37|
|  37|  6|  13|  4| 139|  1|  84|  1|    84 |     1|        37 |          6|   5|   2|
|  29|  8|  35| 22| 139|  0|  84|  0|    84 |     0|        29 |          8|   4|   1|
|  44| 15|  33|  2| 139|  0|  84|  0|    84 |     0|        34 |          5|   8|   4|
|  34| 10|  21| 12| 139|  0|  84|  0|    84 |     0|        44 |         10| 192|  16|
|   7| 27|  22|  1| 138|  1|  84|  0|    84 |     0|         7 |         37| 195|   3|
|   5|  2|  20|  2| 138|  0|  85|  1|    85 |     1|         5 |          2| 197|   2|
|   4|  1|  23|  3| 137|  1|  85|  0|    85 |     0|         4 |          1| 197|   0|
|   8|  4|  29|  6| 137|  0|  85|  0|    85 |     0|         8 |          4| 198|   1|
| 197| 11|  67| 38| 136|  1|  86|  1|    86 |     1|       192 |         16| 196|   2|
| 197|  0|  74|  7| 136|  0|  86|  0|    86 |     0|       195 |          3| 194|   2|
| 192|  5|  74|  0| 136|  0|  86|  0|    86 |     0|       197 |          2|   2|   8|
| 195|  3|  69|  5| 136|  0|  86|  0|    86 |     0|       197 |          0|   2|   0|
| 198|  3|  73|  4| 136|  0|  87|  1|    87 |     1|       198 |          1| 188|  14|
| 194|  4|  78|  5| 136|  0|  87|  0|    87 |     0|       196 |          2| 188|   0|
|   2|  8|  65| 13| 136|  0|  87|  0|    87 |     0|       194 |          2| 193|   5|
|   2|  0|  46| 19| 135|  1|  87|  0|    87 |     0|         2 |          8| 198|   5|
| 196|  6| 197| 49| 135|  0|  87|  0|    87 |     0|         2 |          0|   1|   3|
| 198|  2| 198|  1| 134|  1|  87|  0|    87 |     0|       188 |         14|   1|   0|
| 193|  5| 197|  1| 134|  0|  88|  1|    88 |     1|       188 |          0|   5|   4|
|   1|  8| 196|  1| 134|  0|  88|  0|    88 |     0|       193 |          5|  11|   6|
| 188| 13| 196|  0| 133|  1|  88|  0|    88 |     0|       198 |          5| 173|  38|
| 188|  0| 198|  2| 133|  0|  89|  1|    89 |     1|         1 |          3| 193|  20|
| 193|  5|   1|  3| 133|  0|  89|  0|    89 |     0|         1 |          0| 181|  12|
|   5| 12|  21| 20| 132|  1|  89|  0|    89 |     0|         5 |          4| 181|   0|
|  11|  6|  17|  4| 132|  0|  89|  0|    89 |     0|        11 |          6| 172|   9|
|   1| 10|  15|  2| 132|  0|  89|  0|    89 |     0|       173 |         38| 169|   3|
| 173| 28|  15|  0| 132|  0|  89|  0|    89 |     0|       193 |         20| 169|   0|
| 169|  4|   9|  6| 132|  0|  89|  0|    89 |     0|       181 |         12| 175|   6|
| 172|  3|   9|  0| 131|  1|  89|  0|    89 |     0|       181 |          0| 180|   5|
| 169|  3|   8|  1| 130|  1|  90|  1|    90 |     1|       172 |          9| 168|  12|
| 181| 12|   8|  0| 130|  0|  90|  0|    90 |     0|       169 |          3| 168|   0|
| 181|  0|   3|  5| 129|  1|  90|  0|    90 |     0|       169 |          0| 166|   2|
| 180|  1|  53| 50| 129|  0|  90|  0|    90 |     0|       175 |          6| 143|  23|
| 175|  5|  67| 14| 129|  0|  90|  0|    90 |     0|       180 |          5| 143|   0|
| 166|  9|  38| 29| 129|  0|  90|  0|    90 |     0|       168 |         12| 119|  24|
| 168|  2|  28| 10| 129|  0|  91|  1|    91 |     1|       168 |          0| 117|   2|
| 168|  0|  25|  3| 129|  0|  91|  0|    91 |     0|       166 |          2| 114|   3|
| 143| 25|  30|  5| 129|  0|  91|  0|    91 |     0|       143 |         23| 113|   1|
| 143|  0|  30|  0| 128|  1|  91|  0|    91 |     0|       143 |          0| 104|   9|
| 119| 24|  37|  7| 128|  0|  91|  0|    91 |     0|       119 |         24| 103|   1|
| 114|  5|  37|  0| 128|  0|  91|  0|    91 |     0|       117 |          2| 102|   1|
| 117|  3|  50| 13| 127|  1|  91|  0|    91 |     0|       114 |          3|  68|  34|
| 113|  4|  44|  6| 127|  0|  91|  0|    91 |     0|       113 |          1|  45|  23|
| 103| 10|  43|  1| 127|  0|  91|  0|    91 |     0|       104 |          9|  41|   4|
| 102|  1|  43|  0| 127|  0|  91|  0|    91 |     0|       103 |          1|  41|   0|
| 104|  2|  35|  8| 126|  1|  91|  0|    91 |     0|       102 |          1|  40|   1|
|  68| 36|  31|  4| 126|  0|  91|  0|    91 |     0|        68 |         34|  38|   2|
|  41| 27|  44| 13| 126|  0|  92|  1|    92 |     1|        45 |         23| 114|  76|
|  38|  3|  50|  6| 125|  1|  92|  0|    92 |     0|        41 |          4| 119|   5|
|  41|  3|  49|  1| 125|  0|  92|  0|    92 |     0|        41 |          0| 126|   7|
|  45|  4| 175| 74| 125|  0|  92|  0|    92 |     0|        40 |          1| 127|   1|
|  40|  5| 177|  2| 125|  0|  92|  0|    92 |     0|        38 |          2| 129|   2|
|  45|  5| 174|  3| 125|  0|  92|  0|    92 |     0|        39 |          1|  45|  84|
|  40|  5| 170|  4| 124|  1|  92|  0|    92 |     0|        40 |          1|  40|   5|
|  26| 14| 169|  1| 124|  0|  93|  1|    93 |     1|        45 |          5|  39|   1|
|  25|  1| 186| 17| 124|  0|  93|  0|    93 |     0|        26 |         19|  26|  13|
|  39| 14| 195|  9| 124|  0|  93|  0|    93 |     0|        25 |          1|  25|   1|
|  42|  3|  43| 48| 124|  0|  93|  0|    93 |     0|        41 |         16|  41|  16|
|  41|  1|  36|  7| 123|  1|  93|  0|    93 |     0|        42 |          1|  42|   1|
|  69| 28|  28|  8| 123|  0|  93|  0|    93 |     0|        56 |         14|  56|  14|
|  72|  3|  25|  3| 123|  0|  94|  1|    94 |     1|        69 |         13|  69|  13|
|  56| 16|  20|  5| 123|  0|  94|  0|    94 |     0|        72 |          3|  72|   3|
|  43| 13|  20|  0| 123|  0|  94|  0|    94 |     0|        52 |         20|  59|  13|
|  50|  7|  35| 15| 123|  0|  95|  1|    95 |     1|        50 |          2|  54|   5|
|  47|  3|  39|  4| 122|  1|  95|  0|    95 |     0|        48 |          2|  51|   3|
|  48|  1|  43|  4| 122|  0|  95|  0|    95 |     0|        47 |          1|  45|   6|
|  52|  4|  40|  3| 122|  0|  95|  0|    95 |     0|        43 |          4|  43|   2|
|  59|  7|  31|  9| 122|  0|  95|  0|    95 |     0|        43 |          0|  43|   0|
|  51|  8|  29|  2| 122|  0|  95|  0|    95 |     0|        45 |          2|  47|   4|
|  54|  3|  22|  7| 122|  0|  95|  0|    95 |     0|        51 |          6|  48|   1|
|  45|  9|  27|  5| 121|  1|  95|  0|    95 |     0|        54 |          3|  50|   2|
|  43|  2|  34|  7| 121|  0|  95|  0|    95 |     0|        59 |          5|  52|   2|
|  41|  2|  32|  2| 121|  0|  95|  0|    95 |     0|        41 |         18|  41|  11|
|  61| 20|  29|  3| 121|  0|  96|  1|    96 |     1|        61 |         20|  61|  20|
|  64|  3|  35|  6| 121|  0|  96|  0|    96 |     0|        64 |          3|  64|   3|
|  80| 16|  41|  6| 121|  0|  96|  0|    96 |     0|        80 |         16|  80|  16|
|  87|  7|  40|  1| 121|  0|  96|  0|    96 |     0|        87 |          7|  87|   7|
|  90|  3|   6| 34| 121|  0|  96|  0|    96 |     0|        90 |          3|  89|   2|
| 114| 24|   3|  3| 120|  1|  97|  1|    97 |     1|        92 |          2|  92|   3|
| 101| 13|   9|  6| 120|  0|  97|  0|    97 |     0|       101 |          9|  95|   3|
|  59| 42| 196| 13| 120|  0|  97|  0|    97 |     0|       114 |         13|  96|   1|
|  92| 33| 187|  9| 120|  0|  97|  0|    97 |     0|        59 |         55|  96|   0|
|  96|  4| 181|  6| 119|  1|  97|  0|    97 |     0|        89 |         30|  92|   4|
|  96|  0|   1| 20| 119|  0|  97|  0|    97 |     0|        92 |          3|  90|   2|
|  89|  7| 188| 13| 119|  0|  97|  0|    97 |     0|        95 |          3|  59|  31|
|  92|  3| 188|  0| 119|  0|  97|  0|    97 |     0|        96 |          1| 101|  42|
|  95|  3|   5| 17| 119|  0|  97|  0|    97 |     0|        96 |          0| 114|  13|
|  93|  2|   7|  2| 119|  0|  98|  1|    98 |     1|        93 |          3|  97|  17|
|  97|  4|   5|  2| 119|  0|  98|  0|    98 |     0|        92 |          1|  93|   4|
|  87| 10|   6|  1| 119|  0|  98|  0|    98 |     0|        90 |          2|  92|   1|
|  92|  5| 200|  6| 119|  0|  98|  0|    98 |     0|        87 |          3|  90|   2|
|  90|  2|  17| 17| 119|  0|  98|  0|    98 |     0|        97 |         10|  87|   3|
|  85|  5|  11|  6| 118|  1|  98|  0|    98 |     0|        85 |         12|  85|   2|
|  65| 20|  11|  0| 118|  0|  98|  0|    98 |     0|        65 |         20|  65|  20|
|  64|  1|   9|  2| 118|  0|  98|  0|    98 |     0|        64 |          1|  64|   1|
|  56|  8|   7|  2| 118|  0|  99|  1|    99 |     1|        58 |          6|  58|   6|
|  58|  2|  33| 26| 118|  0|  99|  0|    99 |     0|        56 |          2|  56|   2|
|  58|  0|  33|  0| 118|  0|  99|  0|    99 |     0|        58 |          2|  58|   2|
|  59|  1|  16| 17| 118|  0| 100|  1|   100 |     1|        59 |          1|  59|   1|
|  62|  3|  44| 28| 118|  0| 100|  0|   100 |     0|        62 |          3|  62|   3|
|  50| 12|  37|  7| 117|  1| 100|  0|   100 |     0|        50 |         12|  50|  12|
|  40| 10|  40|  3| 117|  0| 100|  0|   100 |     0|        40 |         10|  40|  10|
|  43|  3|  52| 12| 117|  0| 100|  0|   100 |     0|        40 |          0|  38|   2|
|  41|  2| 100| 48| 117|  0| 100|  0|   100 |     0|        41 |          1|  38|   0|
|  42|  1| 100|  0| 117|  0| 100|  0|   100 |     0|        42 |          1|  46|   8|
|  40|  2| 100|  0| 117|  0| 100|  0|   100 |     0|        42 |          0|  57|  11|
|  42|  2| 152| 52| 116|  1| 100|  0|   100 |     0|        43 |          1|  61|   4|
|  38|  4| 151|  1| 116|  0| 101|  1|   101 |     1|        38 |          5|  40|  21|
|  46|  8| 151|  0| 116|  0| 101|  0|   101 |     0|        38 |          0|  30|  10|
|  57| 11| 138| 13| 115|  1| 101|  0|   101 |     0|        46 |          8|  63|  33|
|  61|  4| 152| 14| 115|  0| 101|  0|   101 |     0|        57 |         11|  70|   7|
|  38| 23| 154|  2| 115|  0| 101|  0|   101 |     0|        61 |          4|  72|   2|
|  30|  8| 155|  1| 115|  0| 101|  0|   101 |     0|        40 |         21|  62|  10|
|  40| 10| 156|  1| 115|  0| 102|  1|   102 |     1|        30 |         10|  57|   5|
|  70| 30| 159|  3| 114|  1| 102|  0|   102 |     0|        63 |         33|  57|   0|
|  72|  2| 158|  1| 114|  0| 102|  0|   102 |     0|        70 |          7|  55|   2|
|  63|  9| 159|  1| 114|  0| 102|  0|   102 |     0|        72 |          2|  55|   0|
|  62|  1| 165|  6| 114|  0| 102|  0|   102 |     0|        62 |         10|  64|   9|
|  57|  5| 180| 15| 114|  0| 102|  0|   102 |     0|        57 |          5|  66|   2|
|  57|  0|   2| 22| 114|  0| 102|  0|   102 |     0|        57 |          0|  73|   7|
|  55|  2| 186| 16| 113|  1| 103|  1|   103 |     1|        55 |          2|  85|  12|
|  55|  0| 174| 12| 113|  0| 103|  0|   103 |     0|        55 |          0|  88|   3|
|  73| 18| 145| 29| 113|  0| 103|  0|   103 |     0|        64 |          9|  83|   5|
|  64|  9| 163| 18| 113|  0| 103|  0|   103 |     0|        66 |          2|  69|  14|
|  85| 21| 190| 27| 113|  0| 104|  1|   104 |     1|        73 |          7|  55|  14|
|  88|  3| 188|  2| 112|  1| 104|  0|   104 |     0|        85 |         12|  93|  38|
|  66| 22| 194|  6| 112|  0| 104|  0|   104 |     0|        88 |          3| 106|  13|
|  55| 11| 194|  0| 112|  0| 104|  0|   104 |     0|        83 |          5|  89|  17|
|  69| 14| 200|  6| 112|  0| 104|  0|   104 |     0|        69 |         14|  82|   7|
|  83| 14| 189| 11| 111|  1| 104|  0|   104 |     0|        55 |         14|  78|   4|
| 106| 23|  15| 26| 111|  0| 104|  0|   104 |     0|        93 |         38|  77|   1|
|  93| 13|  15|  0| 111|  0| 105|  1|   105 |     1|       106 |         13|  69|   8|
|  89|  4|  91| 76| 111|  0| 105|  0|   105 |     0|        89 |         17|  64|   5|
|  82|  7|  91|  0| 111|  0| 105|  0|   105 |     0|        82 |          7|  10|  54|
|  77|  5|  84|  7| 111|  0| 106|  1|   106 |     1|        78 |          4|   6|   4|
|  78|  1|  74| 10| 111|  0| 106|  0|   106 |     0|        77 |          1|   4|   2|
|  69|  9|  75|  1| 111|  0| 106|  0|   106 |     0|        69 |          8| 195|   9|
|  64|  5|  82|  7| 110|  1| 106|  0|   106 |     0|        64 |          5|  71|  76|
| 195| 69|  82|  0| 110|  0| 106|  0|   106 |     0|        10 |         54|  52|  19|
|   4|  9|  80|  2| 110|  0| 106|  0|   106 |     0|         6 |          4|   9|  43|
|   6|  2|  69| 11| 110|  0| 106|  0|   106 |     0|         4 |          2|   9|   0|
|  10|  4|  84| 15| 110|  0| 106|  0|   106 |     0|       195 |          9|   5|   4|
|   5|  5|  92|  8| 110|  0| 106|  0|   106 |     0|        71 |         76|  55|  50|
|   9|  4|  89|  3| 110|  0| 107|  1|   107 |     1|        52 |         19|  80|  25|
|   9|  0|  93|  4| 110|  0| 107|  0|   107 |     0|         9 |         43|  89|   9|
|  52| 43|  55| 38| 109|  1| 107|  0|   107 |     0|         9 |          0|  92|   3|
|  71| 19|  80| 25| 109|  0| 107|  0|   107 |     0|         5 |          4|  93|   1|
|  80|  9|  71|  9| 109|  0| 108|  1|   108 |     1|        55 |         50|  84|   9|
|  55| 25|  52| 19| 109|  0| 108|  0|   108 |     0|        80 |         25|  82|   2|
|  93| 38|   9| 43| 109|  0| 108|  0|   108 |     0|        89 |          9|  82|   0|
|  89|  4|   9|  0| 109|  0| 109|  1|   109 |     1|        92 |          3|  80|   2|
|  92|  3|   5|  4| 109|  0| 109|  0|   109 |     0|        93 |          1|  69|  11|
|  84|  8|  10|  5| 109|  0| 109|  0|   109 |     0|        84 |          9|  74|   5|
|  69| 15|   6|  4| 109|  0| 109|  0|   109 |     0|        82 |          2|  75|   1|
|  80| 11|   4|  2| 109|  0| 109|  0|   109 |     0|        82 |          0|  84|   9|
|  82|  2| 195|  9| 109|  0| 109|  0|   109 |     0|        80 |          2|  91|   7|
|  82|  0|  64| 69| 108|  1| 109|  0|   109 |     0|        69 |         11|  91|   0|
|  75|  7|  69|  5| 108|  0| 109|  0|   109 |     0|        74 |          5|  15|  76|
|  74|  1|  78|  9| 108|  0| 109|  0|   109 |     0|        75 |          1|  15|   0|
|  84| 10|  77|  1| 107|  1| 109|  0|   109 |     0|        84 |          9| 189|  26|
|  91|  7|  82|  5| 107|  0| 109|  0|   109 |     0|        91 |          7| 194|   5|
|  91|  0|  89|  7| 107|  0| 110|  1|   110 |     1|        91 |          0| 200|   6|
|  15| 76|  93|  4| 107|  0| 110|  0|   110 |     0|        15 |         76| 194|   6|
|  15|  0| 106| 13| 106|  1| 110|  0|   110 |     0|        15 |          0| 190|   4|
| 189| 26|  83| 23| 106|  0| 110|  0|   110 |     0|       189 |         26| 188|   2|
| 200| 11|  69| 14| 106|  0| 110|  0|   110 |     0|       194 |          5| 163|  25|
| 194|  6|  55| 14| 106|  0| 110|  0|   110 |     0|       200 |          6| 145|  18|
| 194|  0|  66| 11| 106|  0| 110|  0|   110 |     0|       194 |          6| 165|  20|
| 188|  6|  88| 22| 106|  0| 110|  0|   110 |     0|       190 |          4| 174|   9|
| 190|  2|  85|  3| 106|  0| 111|  1|   111 |     1|       188 |          2| 180|   6|
| 163| 27|  64| 21| 106|  0| 111|  0|   111 |     0|       163 |         25| 186|   6|
| 145| 18|  73|  9| 106|  0| 111|  0|   111 |     0|       145 |         18|   2|  16|
| 174| 29|  55| 18| 105|  1| 111|  0|   111 |     0|       165 |         20| 155|  47|
| 186| 12|  55|  0| 105|  0| 111|  0|   111 |     0|       174 |          9| 156|   1|
|   2| 16|  57|  2| 105|  0| 111|  0|   111 |     0|       180 |          6| 158|   2|
| 180| 22|  57|  0| 104|  1| 111|  0|   111 |     0|       186 |          6| 159|   1|
| 165| 15|  62|  5| 104|  0| 111|  0|   111 |     0|         2 |         16| 159|   0|
| 159|  6|  63|  1| 104|  0| 112|  1|   112 |     1|       155 |         47| 154|   5|
| 158|  1|  72|  9| 104|  0| 112|  0|   112 |     0|       156 |          1| 152|   2|
| 159|  1|  70|  2| 104|  0| 112|  0|   112 |     0|       158 |          2| 151|   1|
| 156|  3|  40| 30| 104|  0| 112|  0|   112 |     0|       159 |          1| 151|   0|
| 155|  1|  30| 10| 104|  0| 113|  1|   113 |     1|       159 |          0| 138|  13|
| 154|  1|  38|  8| 103|  1| 113|  0|   113 |     0|       154 |          5| 152|  14|
| 152|  2|  61| 23| 103|  0| 113|  0|   113 |     0|       152 |          2| 100|  52|
| 138| 14|  57|  4| 103|  0| 113|  0|   113 |     0|       151 |          1| 100|   0|
| 151| 13|  46| 11| 103|  0| 113|  0|   113 |     0|       151 |          0| 100|   0|
| 151|  0|  38|  8| 102|  1| 114|  1|   114 |     1|       138 |         13|  52|  48|
| 152|  1|  42|  4| 102|  0| 114|  0|   114 |     0|       152 |         14|  44|   8|
| 100| 52|  40|  2| 102|  0| 114|  0|   114 |     0|       100 |         52|  40|   4|
| 100|  0|  42|  2| 102|  0| 114|  0|   114 |     0|       100 |          0|  37|   3|
| 100|  0|  41|  1| 102|  0| 114|  0|   114 |     0|       100 |          0|  33|   4|
|  52| 48|  43|  2| 102|  0| 114|  0|   114 |     0|        52 |         48|  16|  17|
|  40| 12|  40|  3| 102|  0| 115|  1|   115 |     1|        44 |          8|  33|  17|
|  37|  3|  50| 10| 101|  1| 115|  0|   115 |     0|        40 |          4|  11|  22|
|  44|  7|  62| 12| 101|  0| 115|  0|   115 |     0|        37 |          3|  11|   0|
|  16| 28|  59|  3| 101|  0| 115|  0|   115 |     0|        33 |          4|   9|   2|
|  33| 17|  58|  1| 101|  0| 115|  0|   115 |     0|        16 |         17|   7|   2|
|  33|  0|  58|  0| 101|  0| 116|  1|   116 |     1|        33 |         17|   7|   0|
|   7| 26|  56|  2| 101|  0| 116|  0|   116 |     0|        11 |         22|  17|  10|
|   9|  2|  64|  8| 100|  1| 116|  0|   116 |     0|        11 |          0| 200|  17|
|  11|  2|  65|  1| 100|  0| 117|  1|   117 |     1|         9 |          2|   6|   6|
|  11|  0|  85| 20| 100|  0| 117|  0|   117 |     0|         7 |          2|   5|   1|
|  17|  6|  90|  5| 100|  0| 117|  0|   117 |     0|         7 |          0|   5|   0|
| 200| 17|  92|  2| 100|  0| 117|  0|   117 |     0|        17 |         10|   1|   4|
|   6|  6|  87|  5| 100|  0| 117|  0|   117 |     0|       200 |         17| 181|  20|
|   5|  1|  97| 10| 100|  0| 117|  0|   117 |     0|         6 |          6| 188|   7|
|   7|  2|  93|  4| 100|  0| 118|  1|   118 |     1|         5 |          1| 188|   0|
|   5|  2|  95|  2| 100|  0| 118|  0|   118 |     0|         5 |          0| 187|   1|
| 188| 17|  92|  3|  99|  1| 118|  0|   118 |     0|         1 |          4|   9|  22|
| 188|  0|  89|  3|  99|  0| 118|  0|   118 |     0|       181 |         20|   6|   3|
|   1| 13|  96|  7|  99|  0| 118|  0|   118 |     0|       188 |          7|   3|   3|
| 181| 20|  96|  0|  98|  1| 118|  0|   118 |     0|       188 |          0| 196|   7|
| 187|  6|  92|  4|  98|  0| 118|  0|   118 |     0|       187 |          1|  41|  45|
| 196|  9|  59| 33|  98|  0| 118|  0|   118 |     0|         9 |         22|  40|   1|
|   9| 13| 101| 42|  98|  0| 119|  1|   119 |     1|         6 |          3|  35|   5|
|   3|  6| 114| 13|  98|  0| 119|  0|   119 |     0|         3 |          3|  32|   3|
|   6|  3|  90| 24|  98|  0| 119|  0|   119 |     0|       196 |          7|  29|   3|
|  40| 34|  87|  3|  98|  0| 119|  0|   119 |     0|        41 |         45|  29|   0|
|  41|  1|  80|  7|  98|  0| 119|  0|   119 |     0|        40 |          1|  31|   2|
|  35|  6|  64| 16|  97|  1| 119|  0|   119 |     0|        35 |          5|  34|   3|
|  29|  6|  61|  3|  97|  0| 119|  0|   119 |     0|        32 |          3|  27|   7|
|  32|  3|  41| 20|  97|  0| 119|  0|   119 |     0|        29 |          3|  22|   5|
|  34|  2|  43|  2|  97|  0| 119|  0|   119 |     0|        29 |          0|  35|  13|
|  27|  7|  45|  2|  97|  0| 119|  0|   119 |     0|        31 |          2|  39|   4|
|  22|  5|  54|  9|  97|  0| 120|  1|   120 |     1|        34 |          3|  40|   1|
|  29|  7|  51|  3|  97|  0| 120|  0|   120 |     0|        27 |          7|  43|   3|
|  31|  2|  59|  8|  97|  0| 120|  0|   120 |     0|        22 |          5|  20|  23|
|  40|  9|  52|  7|  97|  0| 120|  0|   120 |     0|        35 |         13|  20|   0|
|  43|  3|  48|  4|  96|  1| 121|  1|   121 |     1|        39 |          4|  25|   5|
|  39|  4|  47|  1|  96|  0| 121|  0|   121 |     0|        40 |          1|  28|   3|
|  35|  4|  50|  3|  96|  0| 121|  0|   121 |     0|        43 |          3|  36|   8|
|  20| 15|  43|  7|  96|  0| 121|  0|   121 |     0|        20 |         23|  43|   7|
|  20|  0|  56| 13|  96|  0| 121|  0|   121 |     0|        20 |          0| 169|  74|
|  25|  5|  72| 16|  95|  1| 121|  0|   121 |     0|        25 |          5| 170|   1|
|  28|  3|  69|  3|  95|  0| 121|  0|   121 |     0|        28 |          3| 174|   4|
|  36|  8|  41| 28|  95|  0| 121|  0|   121 |     0|        36 |          8| 186|  12|
|  43|  7|  42|  1|  95|  0| 122|  1|   122 |     1|        43 |          7| 195|   9|
| 195| 48|  39|  3|  95|  0| 122|  0|   122 |     0|       169 |         74| 177|  18|
| 186|  9|  25| 14|  95|  0| 122|  0|   122 |     0|       170 |          1| 175|   2|
| 169| 17|  26|  1|  95|  0| 122|  0|   122 |     0|       174 |          4|  50|  75|
| 170|  1|  40| 14|  95|  0| 122|  0|   122 |     0|       186 |         12|  49|   1|
| 174|  4|  45|  5|  95|  0| 122|  0|   122 |     0|       195 |          9|  44|   5|
| 177|  3|  40|  5|  95|  0| 123|  1|   123 |     1|       177 |         18|  44|   0|
| 175|  2|  45|  5|  94|  1| 123|  0|   123 |     0|       175 |          2|  43|   1|
|  49| 74|  41|  4|  94|  0| 123|  0|   123 |     0|        50 |         75|  43|   0|
|  50|  1|  38|  3|  94|  0| 123|  0|   123 |     0|        49 |          1|  35|   8|
|  44|  6|  41|  3|  93|  1| 123|  0|   123 |     0|        44 |          5|  31|   4|
|  31| 13|  68| 27|  93|  0| 123|  0|   123 |     0|        44 |          0|  37|   6|
|  35|  4| 104| 36|  93|  0| 124|  1|   124 |     1|        43 |          1|  37|   0|
|  43|  8| 102|  2|  93|  0| 124|  0|   124 |     0|        43 |          0|  50|  13|
|  43|  0| 103|  1|  93|  0| 124|  0|   124 |     0|        35 |          8|  30|  20|
|  44|  1| 113| 10|  93|  0| 124|  0|   124 |     0|        31 |          4|  30|   0|
|  50|  6| 117|  4|  92|  1| 124|  0|   124 |     0|        37 |          6|  28|   2|
|  37| 13| 114|  3|  92|  0| 125|  1|   125 |     1|        37 |          0|  25|   3|
|  37|  0| 119|  5|  92|  0| 125|  0|   125 |     0|        50 |         13|  38|  13|
|  30|  7| 143| 24|  92|  0| 125|  0|   125 |     0|        30 |         20|  53|  15|
|  30|  0| 143|  0|  92|  0| 125|  0|   125 |     0|        30 |          0|  67|  14|
|  25|  5| 168| 25|  92|  0| 125|  0|   125 |     0|        28 |          2|   9|  58|
|  28|  3| 168|  0|  92|  0| 126|  1|   126 |     1|        25 |          3|   9|   0|
|  38| 10| 166|  2|  91|  1| 126|  0|   126 |     0|        38 |         13|   8|   1|
|  67| 29| 175|  9|  91|  0| 126|  0|   126 |     0|        53 |         15|   8|   0|
|  53| 14| 180|  5|  91|  0| 127|  1|   127 |     1|        67 |         14|   3|   5|
|   3| 50| 181|  1|  91|  0| 127|  0|   127 |     0|         9 |         58|  15|  12|
|   8|  5| 181|  0|  91|  0| 127|  0|   127 |     0|         9 |          0|  15|   0|
|   8|  0| 169| 12|  91|  0| 127|  0|   127 |     0|         8 |          1|  17|   2|
|   9|  1| 172|  3|  91|  0| 128|  1|   128 |     1|         8 |          0|  21|   4|
|   9|  0| 169|  3|  91|  0| 128|  0|   128 |     0|         3 |          5|   1|  20|
|  15|  6| 173|  4|  91|  0| 128|  0|   128 |     0|        15 |         12| 196|   5|
|  15|  0|   1| 28|  91|  0| 129|  1|   129 |     1|        15 |          0| 196|   0|
|  17|  2|  11| 10|  91|  0| 129|  0|   129 |     0|        17 |          2| 197|   1|
|  21|  4|   5|  6|  91|  0| 129|  0|   129 |     0|        21 |          4| 198|   1|
|   1| 20| 193| 12|  90|  1| 129|  0|   129 |     0|         1 |         20| 198|   0|
| 198|  3| 188|  5|  90|  0| 129|  0|   129 |     0|       196 |          5| 197|   1|
| 196|  2| 188|  0|  90|  0| 129|  0|   129 |     0|       196 |          0|  78|  81|
| 196|  0|   1| 13|  90|  0| 129|  0|   129 |     0|       197 |          1|  73|   5|
| 197|  1| 193|  8|  90|  0| 130|  1|   130 |     1|       198 |          1|  65|   8|
| 198|  1| 198|  5|  90|  0| 130|  0|   130 |     0|       198 |          0|  46|  19|
| 197|  1| 196|  2|  89|  1| 131|  1|   131 |     1|       197 |          1|  67|  21|
|  46| 49|   2|  6|  89|  0| 132|  1|   132 |     1|        78 |         81|  69|   2|
|  65| 19|   2|  0|  89|  0| 132|  0|   132 |     0|        73 |          5|  74|   5|
|  78| 13| 194|  8|  89|  0| 132|  0|   132 |     0|        65 |          8|  74|   0|
|  73|  5| 198|  4|  89|  0| 132|  0|   132 |     0|        46 |         19|  29|  45|
|  69|  4| 195|  3|  89|  0| 132|  0|   132 |     0|        67 |         21|  23|   6|
|  74|  5| 192|  3|  89|  0| 133|  1|   133 |     1|        69 |          2|  22|   1|
|  74|  0| 197|  5|  89|  0| 133|  0|   133 |     0|        74 |          5|  21|   1|
|  67|  7| 197|  0|  88|  1| 133|  0|   133 |     0|        74 |          0|  20|   1|
|  29| 38|   8| 11|  88|  0| 134|  1|   134 |     1|        29 |         45|  33|  13|
|  23|  6|   4|  4|  88|  0| 134|  0|   134 |     0|        23 |          6|  35|   2|
|  20|  3|   5|  1|  87|  1| 134|  0|   134 |     0|        22 |          1|  13|  22|
|  22|  2|   7|  2|  87|  0| 135|  1|   135 |     1|        21 |          1|   9|   4|
|  21|  1|  34| 27|  87|  0| 135|  0|   135 |     0|        20 |          1|   9|   0|
|  33| 12|  44| 10|  87|  0| 136|  1|   136 |     1|        33 |         13|   7|   2|
|  35|  2|  29| 15|  87|  0| 136|  0|   136 |     0|        35 |          2| 152|  55|
|  13| 22|  37|  8|  87|  0| 136|  0|   136 |     0|        13 |         22| 171|  19|
|   9|  4|  43|  6|  86|  1| 136|  0|   136 |     0|         9 |          4| 180|   9|
|   9|  0|  46|  3|  86|  0| 136|  0|   136 |     0|         9 |          0| 185|   5|
|   7|  2|  86| 40|  86|  0| 136|  0|   136 |     0|         7 |          2| 190|   5|
| 190| 17|  33| 53|  86|  0| 136|  0|   136 |     0|       152 |         55| 157|  33|
| 185|  5|  32|  1|  85|  1| 137|  1|   137 |     1|       171 |         19| 153|   4|
| 180|  5|  45| 13|  85|  0| 137|  0|   137 |     0|       180 |          9| 152|   1|
| 171|  9|  36|  9|  85|  0| 138|  1|   138 |     1|       185 |          5| 142|  10|
| 152| 19| 175| 61|  84|  1| 138|  0|   138 |     0|       190 |          5| 142|   0|
| 157|  5| 192| 17|  84|  0| 139|  1|   139 |     1|       157 |         33| 162|  20|
| 142| 15| 194|  2|  84|  0| 139|  0|   139 |     0|       153 |          4| 165|   3|
| 142|  0| 194|  0|  84|  0| 139|  0|   139 |     0|       152 |          1|  10|  45|
| 153| 11|  10| 16|  84|  0| 139|  0|   139 |     0|       142 |         10|  10|   0|
| 152|  1| 194| 16|  83|  1| 140|  1|   140 |     1|       142 |          0|   4|   6|
| 162| 10| 200|  6|  83|  0| 140|  0|   140 |     0|       162 |         20| 186|  18|
| 165|  3| 197|  3|  82|  1| 141|  1|   141 |     1|       165 |          3| 187|   1|
|  10| 45| 197|  0|  82|  0| 141|  0|   141 |     0|        10 |         45| 191|   4|
|  10|  0| 196|  1|  82|  0| 141|  0|   141 |     0|        10 |          0| 198|   7|
|   4|  6|  11| 15|  81|  1| 141|  0|   141 |     0|         4 |          6|   3|   5|
| 191| 13| 194| 17|  81|  0| 142|  1|   142 |     1|       186 |         18| 168|  35|
|   3| 12| 194|  0|  81|  0| 142|  0|   142 |     0|       187 |          1| 175|   7|
| 198|  5|   6| 12|  80|  1| 142|  0|   142 |     0|       191 |          4| 179|   4|
| 187| 11| 199|  7|  80|  0| 142|  0|   142 |     0|       198 |          7| 179|   0|
| 186|  1|   3|  4|  80|  0| 143|  1|   143 |     1|         3 |          5| 186|   7|
| 179|  7|   3|  0|  80|  0| 143|  0|   143 |     0|       168 |         35| 160|  26|
| 186|  7| 185| 18|  78|  2| 143|  0|   143 |     0|       175 |          7| 159|   1|
| 179|  7| 184|  1|  78|  0| 143|  0|   143 |     0|       179 |          4| 155|   4|
| 175|  4|   1| 17|  78|  0| 143|  0|   143 |     0|       179 |          0| 153|   2|
| 168|  7| 180| 21|  78|  0| 143|  0|   143 |     0|       186 |          7| 122|  31|
| 160|  8| 181|  1|  78|  0| 143|  0|   143 |     0|       160 |         26| 114|   8|
| 155|  5| 152| 29|  78|  0| 144|  1|   144 |     1|       159 |          1| 108|   6|
| 159|  4| 162| 10|  77|  1| 144|  0|   144 |     0|       155 |          4|  86|  22|
| 153|  6| 184| 22|  77|  0| 144|  0|   144 |     0|       153 |          2|  71|  15|
| 122| 31| 160| 24|  77|  0| 144|  0|   144 |     0|       122 |         31|  60|  11|
| 108| 14| 162|  2|  77|  0| 145|  1|   145 |     1|       114 |          8|  81|  21|
| 114|  6| 176| 14|  77|  0| 145|  0|   145 |     0|       108 |          6|  90|   9|
|  86| 28| 179|  3|  76|  1| 145|  0|   145 |     0|        86 |         22|  97|   7|
|  71| 15| 174|  5|  76|  0| 145|  0|   145 |     0|        71 |         15|  97|   0|
|  60| 11| 174|  0|  76|  0| 145|  0|   145 |     0|        60 |         11| 101|   4|
|  81| 21| 175|  1|  75|  1| 146|  1|   146 |     1|        81 |         21| 107|   6|
|  90|  9| 175|  0|  75|  0| 146|  0|   146 |     0|        90 |          9| 109|   2|
|  97|  7| 171|  4|  75|  0| 146|  0|   146 |     0|        97 |          7| 118|   9|
|  97|  0| 170|  1|  75|  0| 147|  1|   147 |     1|        97 |          0| 125|   7|
| 101|  4| 161|  9|  74|  1| 147|  0|   147 |     0|       101 |          4| 128|   3|
| 109|  8| 159|  2|  74|  0| 147|  0|   147 |     0|       107 |          6| 118|  10|
| 107|  2| 194| 35|  74|  0| 147|  0|   147 |     0|       109 |          2| 118|   0|
| 118| 11| 194|  0|  74|  0| 147|  0|   147 |     0|       118 |          9| 117|   1|
| 125|  7| 189|  5|  74|  0| 147|  0|   147 |     0|       125 |          7| 129|  12|
| 128|  3| 181|  8|  73|  1| 148|  1|   148 |     1|       128 |          3| 156|  27|
| 118| 10| 188|  7|  73|  0| 148|  0|   148 |     0|       118 |         10| 116|  40|
| 118|  0| 188|  0|  73|  0| 149|  1|   149 |     1|       118 |          0| 106|  10|
| 156| 38| 199| 11|  73|  0| 149|  0|   149 |     0|       117 |          1|  95|  11|
| 129| 27|   1|  2|  73|  0| 150|  1|   150 |     1|       129 |         12|  92|   3|
| 117| 12| 190| 11|  72|  1| 150|  0|   150 |     0|       156 |         27|  91|   1|
| 116|  1| 197|  7|  72|  0| 150|  0|   150 |     0|       116 |         40|  91|   0|
| 106| 10| 183| 14|  72|  0| 151|  1|   151 |     1|       106 |         10|  91|   0|
|  95| 11| 184|  1|  71|  1| 151|  0|   151 |     0|        95 |         11|   1|  90|
|  92|  3| 184|  0|  71|  0| 151|  0|   151 |     0|        92 |          3| 119|  82|
|  91|  1| 188|  4|  71|  0| 151|  0|   151 |     0|        91 |          1| 124|   5|
|  91|  0| 191|  3|  70|  1| 151|  0|   151 |     0|        91 |          0| 153|  29|
|  91|  0| 166| 25|  70|  0| 151|  0|   151 |     0|        91 |          0| 164|  11|
| 119| 28| 168|  2|  70|  0| 151|  0|   151 |     0|         1 |         90| 167|   3|
| 124|  5| 151| 17|  69|  1| 151|  0|   151 |     0|       119 |         82| 185|  18|
|   1| 77| 146|  5|  69|  0| 152|  1|   152 |     1|       124 |          5| 197|  12|
| 197|  4| 146|  0|  69|  0| 152|  0|   152 |     0|       153 |         29| 197|   0|
| 153| 44| 147|  1|  69|  0| 152|  0|   152 |     0|       164 |         11| 194|   3|
| 164| 11| 147|  0|  69|  0| 152|  0|   152 |     0|       167 |          3| 184|  10|
| 167|  3| 147|  0|  69|  0| 152|  0|   152 |     0|       185 |         18| 184|   0|
| 185| 18| 143|  4|  68|  1| 152|  0|   152 |     0|       197 |         12| 183|   1|
| 184|  1| 167| 24|  68|  0| 152|  0|   152 |     0|       197 |          0| 178|   5|
| 197| 13| 182| 15|  67|  1| 152|  0|   152 |     0|       194 |          3| 177|   1|
| 194|  3| 176|  6|  67|  0| 153|  1|   153 |     1|       184 |         10| 167|  10|
| 183| 11| 182|  6|  67|  0| 153|  0|   153 |     0|       184 |          0| 167|   0|
| 184|  1| 200| 18|  66|  1| 153|  0|   153 |     0|       183 |          1| 156|  11|
| 177|  7| 200|  0|  66|  0| 153|  0|   153 |     0|       178 |          5| 156|   0|
| 178|  1| 195|  5|  65|  1| 153|  0|   153 |     0|       177 |          1| 166|  10|
| 156| 22| 191|  4|  65|  0| 153|  0|   153 |     0|       167 |         10| 166|   0|
| 167| 11| 200|  9|  65|  0| 154|  1|   154 |     1|       167 |          0| 152|  14|
| 167|  0| 190| 10|  64|  1| 154|  0|   154 |     0|       156 |         11| 147|   5|
| 166|  1| 198|  8|  64|  0| 154|  0|   154 |     0|       156 |          0| 147|   0|
| 166|  0| 198|  0|  64|  0| 155|  1|   155 |     1|       166 |         10| 144|   3|
| 156| 10| 198|  0|  64|  0| 155|  0|   155 |     0|       166 |          0| 132|  12|
| 152|  4| 185| 13|  64|  0| 155|  0|   155 |     0|       152 |         14| 109|  23|
| 147|  5|   1| 16|  63|  1| 155|  0|   155 |     0|       147 |          5| 153|  44|
| 109| 38| 199|  2|  63|  0| 155|  0|   155 |     0|       147 |          0| 143|  10|
| 132| 23| 184| 15|  63|  0| 156|  1|   156 |     1|       144 |          3| 161|  18|
| 153| 21| 187|  3|  62|  1| 156|  0|   156 |     0|       132 |         12| 165|   4|
| 144|  9| 200| 13|  62|  0| 156|  0|   156 |     0|       109 |         23| 169|   4|
| 147|  3| 199|  1|  62|  0| 156|  0|   156 |     0|       153 |         44| 172|   3|
| 143|  4| 199|  0|  62|  0| 157|  1|   157 |     1|       143 |         10| 162|  10|
| 172| 29| 182| 17|  61|  1| 157|  0|   157 |     0|       161 |         18| 160|   2|
| 169|  3| 195| 13|  61|  0| 157|  0|   157 |     0|       165 |          4| 158|   2|
| 161|  8|   6| 11|  60|  1| 157|  0|   157 |     0|       169 |          4| 153|   5|
| 165|  4|   5|  1|  59|  1| 158|  1|   158 |     1|       172 |          3| 149|   4|
| 158|  7|  10|  5|  59|  0| 158|  0|   158 |     0|       162 |         10| 158|   9|
| 149|  9|   5|  5|  59|  0| 158|  0|   158 |     0|       160 |          2| 158|   0|
| 153|  4|   7|  2|  59|  0| 158|  0|   158 |     0|       158 |          2| 163|   5|
| 162|  9|   8|  1|  59|  0| 158|  0|   158 |     0|       153 |          5| 166|   3|
| 160|  2| 193| 15|  59|  0| 158|  0|   158 |     0|       149 |          4| 171|   5|
| 171| 11| 193|  0|  59|  0| 158|  0|   158 |     0|       158 |          9| 172|   1|
| 166|  5| 198|  5|  59|  0| 158|  0|   158 |     0|       158 |          0| 175|   3|
| 163|  3|   1|  3|  58|  1| 158|  0|   158 |     0|       163 |          5| 176|   1|
| 158|  5|  22| 21|  58|  0| 159|  1|   159 |     1|       166 |          3| 166|  10|
| 158|  0|  30|  8|  58|  0| 159|  0|   159 |     0|       171 |          5| 154|  12|
| 172| 14|  15| 15|  57|  1| 159|  0|   159 |     0|       172 |          1| 179|  25|
| 175|  3|   9|  6|  57|  0| 159|  0|   159 |     0|       175 |          3| 180|   1|
| 176|  1|  20| 11|  57|  0| 159|  0|   159 |     0|       176 |          1| 182|   2|
| 166| 10|  22|  2|  57|  0| 160|  1|   160 |     1|       166 |         10| 152|  30|
| 154| 12|  19|  3|  56|  1| 160|  0|   160 |     0|       154 |         12| 147|   5|
| 182| 28|  30| 11|  56|  0| 160|  0|   160 |     0|       179 |         25| 136|  11|
| 180|  2|  53| 23|  55|  1| 160|  0|   160 |     0|       180 |          1| 136|   0|
| 179|  1|  49|  4|  55|  0| 160|  0|   160 |     0|       182 |          2| 132|   4|
| 152| 27|   5| 44|  55|  0| 161|  1|   161 |     1|       152 |         30| 150|  18|
| 147|  5| 198|  7|  55|  0| 161|  0|   161 |     0|       147 |          5| 157|   7|
| 132| 15| 189|  9|  55|  0| 162|  1|   162 |     1|       136 |         11| 155|   2|
| 136|  4| 192|  3|  55|  0| 162|  0|   162 |     0|       136 |          0| 148|   7|
| 136|  0| 184|  8|  55|  0| 162|  0|   162 |     0|       132 |          4| 143|   5|
| 157| 21| 182|  2|  55|  0| 162|  0|   162 |     0|       150 |         18| 158|  15|
| 150|  7| 182|  0|  55|  0| 162|  0|   162 |     0|       157 |          7| 160|   2|
| 143|  7| 178|  4|  55|  0| 162|  0|   162 |     0|       155 |          2| 155|   5|
| 148|  5| 166| 12|  54|  1| 163|  1|   163 |     1|       148 |          7| 146|   9|
| 158| 10| 151| 15|  54|  0| 163|  0|   163 |     0|       143 |          5| 145|   1|
| 160|  2| 150|  1|  53|  1| 163|  0|   163 |     0|       158 |         15| 144|   1|
| 155|  5| 148|  2|  53|  0| 164|  1|   164 |     1|       160 |          2| 143|   1|
| 146|  9| 121| 27|  53|  0| 165|  1|   165 |     1|       155 |          5| 143|   0|
| 155|  9| 122|  1|  53|  0| 165|  0|   165 |     0|       146 |          9| 149|   6|
| 143| 12| 122|  0|  53|  0| 165|  0|   165 |     0|       145 |          1| 150|   1|
| 145|  2| 122|  0|  52|  1| 165|  0|   165 |     0|       144 |          1| 154|   4|
| 144|  1| 105| 17|  52|  0| 166|  1|   166 |     1|       143 |          1| 157|   3|
| 157| 13| 106|  1|  52|  0| 166|  0|   166 |     0|       143 |          0| 151|   6|
| 154|  3| 111|  5|  52|  0| 166|  0|   166 |     0|       149 |          6| 145|   6|
| 149|  5| 111|  0|  51|  1| 166|  0|   166 |     0|       150 |          1| 140|   5|
| 150|  1| 136| 25|  51|  0| 166|  0|   166 |     0|       154 |          4| 140|   0|
| 143|  7| 136|  0|  51|  0| 166|  0|   166 |     0|       157 |          3| 136|   4|
| 140|  3| 122| 14|  50|  1| 166|  0|   166 |     0|       151 |          6| 133|   3|
| 136|  4| 108| 14|  50|  0| 166|  0|   166 |     0|       145 |          6| 151|  18|
| 140|  4| 118| 10|  50|  0| 166|  0|   166 |     0|       140 |          5| 175|  24|
| 145|  5| 106| 12|  50|  0| 167|  1|   167 |     1|       140 |          0| 177|   2|
| 151|  6| 115|  9|  50|  0| 167|  0|   167 |     0|       136 |          4| 183|   6|
| 133| 18| 107|  8|  50|  0| 167|  0|   167 |     0|       133 |          3| 176|   7|
| 151| 18| 102|  5|  49|  1| 167|  0|   167 |     0|       151 |         18|  18|  42|
| 183| 32| 104|  2|  49|  0| 168|  1|   168 |     1|       175 |         24|   8|  10|
| 175|  8| 110|  6|  49|  0| 168|  0|   168 |     0|       177 |          2|   6|   2|
| 177|  2| 109|  1|  49|  0| 168|  0|   168 |     0|       183 |          6| 185|  21|
| 176|  1| 109|  0|  48|  1| 168|  0|   168 |     0|       176 |          7|  55|  70|
| 185|  9| 104|  5|  48|  0| 168|  0|   168 |     0|        18 |         42|  50|   5|
|   6| 21| 109|  5|  47|  1| 168|  0|   168 |     0|         8 |         10|  34|  16|
|   8|  2| 107|  2|  47|  0| 169|  1|   169 |     1|         6 |          2|  11|  23|
|  18| 10|  95| 12|  46|  1| 169|  0|   169 |     0|       185 |         21| 187|  24|
|  11|  7| 101|  6|  46|  0| 169|  0|   169 |     0|        55 |         70| 104|  83|
| 187| 24|  97|  4|  46|  0| 169|  0|   169 |     0|        50 |          5| 101|   3|
|  55| 68|  89|  8|  46|  0| 169|  0|   169 |     0|        34 |         16| 101|   0|
|  50|  5|  87|  2|  46|  0| 169|  0|   169 |     0|        11 |         23|  53|  48|
|  34| 16| 102| 15|  45|  1| 169|  0|   169 |     0|       187 |         24|  30|  23|
|  30|  4|  90| 12|  45|  0| 170|  1|   170 |     1|       104 |         83|  83|  53|
|  53| 23|  88|  2|  45|  0| 170|  0|   170 |     0|       101 |          3|  91|   8|
| 101| 48|  94|  6|  45|  0| 170|  0|   170 |     0|       101 |          0| 102|  11|
| 104|  3|  97|  3|  45|  0| 170|  0|   170 |     0|        53 |         48| 105|   3|
| 101|  3|  76| 21|  45|  0| 171|  1|   171 |     1|        30 |         23| 119|  14|
| 119| 18|  89| 13|  45|  0| 171|  0|   171 |     0|        83 |         53| 110|   9|
|  83| 36|  89|  0|  44|  1| 171|  0|   171 |     0|        91 |          8| 102|   8|
|  91|  8|  97|  8|  44|  0| 171|  0|   171 |     0|       102 |         11|  98|   4|
| 105| 14|  95|  2|  44|  0| 171|  0|   171 |     0|       105 |          3|  78|  20|
| 102|  3| 104|  9|  44|  0| 171|  0|   171 |     0|       119 |         14|  78|   0|
| 110|  8| 101|  3|  44|  0| 171|  0|   171 |     0|       110 |          9|  76|   2|
| 102|  8| 110|  9|  44|  0| 172|  1|   172 |     1|       102 |          8|  73|   3|
|  98|  4| 106|  4|  43|  1| 172|  0|   172 |     0|        98 |          4|  69|   4|
|  78| 20|  97|  9|  43|  0| 172|  0|   172 |     0|        78 |         20|  88|  19|
|  78|  0| 110| 13|  43|  0| 172|  0|   172 |     0|        78 |          0|  89|   1|
|  73|  5| 112|  2|  43|  0| 172|  0|   172 |     0|        76 |          2| 113|  24|
|  76|  3| 136| 24|  43|  0| 172|  0|   172 |     0|        73 |          3| 114|   1|
|  69|  7| 139|  3|  43|  0| 173|  1|   173 |     1|        69 |          4| 194|  80|
|  88| 19| 130|  9|  43|  0| 173|  0|   173 |     0|        88 |         19|   8|  14|
|  89|  1| 123|  7|  43|  0| 173|  0|   173 |     0|        89 |          1|   1|   7|
| 114| 25| 144| 21|  42|  1| 173|  0|   173 |     0|       113 |         24| 139|  62|
| 113|  1| 152|  8|  42|  0| 173|  0|   173 |     0|       114 |          1| 141|   2|
|   1| 88| 153|  1|  42|  0| 174|  1|   174 |     1|       194 |         80| 187|  46|
| 194|  7| 151|  2|  42|  0| 174|  0|   174 |     0|         8 |         14| 188|   1|
|   8| 14| 125| 26|  41|  1| 174|  0|   174 |     0|         1 |          7| 198|  10|
| 198| 10| 121|  4|  41|  0| 174|  0|   174 |     0|       139 |         62| 176|  22|
| 187| 11|  72| 49|  41|  0| 174|  0|   174 |     0|       141 |          2| 155|  21|
| 188|  1|  36| 36|  41|  0| 174|  0|   174 |     0|       187 |         46| 141|  14|
| 141| 47|  41|  5|  41|  0| 175|  1|   175 |     1|       188 |          1|  10|  69|
| 139|  2|  44|  3|  41|  0| 175|  0|   175 |     0|       198 |         10|   3|   7|
| 141|  2|  29| 15|  41|  0| 175|  0|   175 |     0|       176 |         22|  12|   9|
| 155| 14|  33|  4|  41|  0| 175|  0|   175 |     0|       155 |         21| 168|  44|
| 176| 21|  36|  3|  41|  0| 175|  0|   175 |     0|       141 |         14| 168|   0|
|   3| 27|  36|  0|  41|  0| 175|  0|   175 |     0|        10 |         69| 180|  12|
|  10|  7|  36|  0|  40|  1| 175|  0|   175 |     0|         3 |          7| 180|   0|
|  12|  2|  38|  2|  40|  0| 175|  0|   175 |     0|        12 |          9| 171|   9|
| 180| 32|  46|  8|  40|  0| 175|  0|   175 |     0|       168 |         44| 169|   2|
| 180|  0|  90| 44|  40|  0| 175|  0|   175 |     0|       168 |          0| 165|   4|
| 168| 12|  89|  1|  40|  0| 175|  0|   175 |     0|       180 |         12| 162|   3|
| 168|  0| 102| 13|  40|  0| 176|  1|   176 |     1|       180 |          0| 162|   0|
| 169|  1|  91| 11|  40|  0| 176|  0|   176 |     0|       171 |          9| 171|   9|
| 171|  2|  86|  5|  40|  0| 176|  0|   176 |     0|       169 |          2| 175|   4|
| 165|  6|  75| 11|  39|  1| 176|  0|   176 |     0|       165 |          4| 178|   3|
| 162|  3|  95| 20|  39|  0| 176|  0|   176 |     0|       162 |          3| 182|   4|
| 162|  0|  92|  3|  38|  1| 177|  1|   177 |     1|       162 |          0| 158|  24|
| 175| 13| 111| 19|  38|  0| 177|  0|   177 |     0|       171 |          9| 145|  13|
| 178|  3| 123| 12|  38|  0| 177|  0|   177 |     0|       175 |          4| 144|   1|
| 182|  4| 132|  9|  38|  0| 177|  0|   177 |     0|       178 |          3| 135|   9|
| 171| 11| 133|  1|  38|  0| 178|  1|   178 |     1|       182 |          4| 123|  12|
| 158| 13| 120| 13|  38|  0| 178|  0|   178 |     0|       158 |         24| 120|   3|
| 135| 23| 129|  9|  38|  0| 178|  0|   178 |     0|       145 |         13| 109|  11|
| 145| 10| 131|  2|  38|  0| 179|  1|   179 |     1|       144 |          1| 107|   2|
| 144|  1| 109| 22|  38|  0| 179|  0|   179 |     0|       135 |          9| 106|   1|
| 123| 21| 124| 15|  37|  1| 179|  0|   179 |     0|       123 |         12| 106|   0|
| 120|  3| 124|  0|  37|  0| 179|  0|   179 |     0|       120 |          3|  97|   9|
| 107| 13| 120|  4|  37|  0| 179|  0|   179 |     0|       109 |         11|  94|   3|
| 106|  1| 117|  3|  37|  0| 180|  1|   180 |     1|       107 |          2| 119|  25|
| 109|  3| 114|  3|  37|  0| 180|  0|   180 |     0|       106 |          1| 136|  17|
| 106|  3| 104| 10|  36|  1| 180|  0|   180 |     0|       106 |          0| 139|   3|
|  97|  9| 111|  7|  36|  0| 180|  0|   180 |     0|        97 |          9| 142|   3|
|  94|  3| 115|  4|  36|  0| 180|  0|   180 |     0|        94 |          3| 132|  10|
| 136| 42| 111|  4|  36|  0| 180|  0|   180 |     0|       119 |         25| 123|   9|
| 139|  3|  98| 13|  36|  0| 180|  0|   180 |     0|       136 |         17| 119|   4|
| 142|  3|  98|  0|  36|  0| 180|  0|   180 |     0|       139 |          3| 118|   1|
| 119| 23|  91|  7|  35|  1| 181|  1|   181 |     1|       142 |          3| 100|  18|
| 118|  1|  97|  6|  35|  0| 181|  0|   181 |     0|       132 |         10|  93|   7|
| 119|  1|  96|  1|  35|  0| 181|  0|   181 |     0|       123 |          9|  91|   2|
| 132| 13|  94|  2|  35|  0| 181|  0|   181 |     0|       119 |          4|  75|  16|
| 123|  9|  99|  5|  35|  0| 181|  0|   181 |     0|       118 |          1|  73|   2|
| 100| 23| 104|  5|  35|  0| 181|  0|   181 |     0|       100 |         18|  52|  21|
|  93|  7| 100|  4|  35|  0| 181|  0|   181 |     0|        93 |          7|  59|   7|
|  91|  2|  84| 16|  35|  0| 182|  1|   182 |     1|        91 |          2|  71|  12|
|  73| 18|  87|  3|  34|  1| 182|  0|   182 |     0|        75 |         16|  77|   6|
|  75|  2|  81|  6|  34|  0| 182|  0|   182 |     0|        73 |          2|  84|   7|
|  52| 23|  75|  6|  34|  0| 182|  0|   182 |     0|        52 |         21|  84|   0|
|  71| 19|  78|  3|  34|  0| 182|  0|   182 |     0|        59 |          7|  59|  25|
|  77|  6|  77|  1|  33|  1| 182|  0|   182 |     0|        71 |         12|  54|   5|
|  84|  7|  76|  1|  33|  0| 182|  0|   182 |     0|        77 |          6|  42|  12|
|  84|  0|  63| 13|  33|  0| 183|  1|   183 |     1|        84 |          7|  38|   4|
|  59| 25|  67|  4|  33|  0| 183|  0|   183 |     0|        84 |          0|  32|   6|
|  59|  0| 113| 46|  33|  0| 183|  0|   183 |     0|        59 |         25|  41|   9|
|  54|  5| 115|  2|  32|  1| 183|  0|   183 |     0|        54 |          5|  41|   0|
|  42| 12| 151| 36|  32|  0| 183|  0|   183 |     0|        42 |         12|  44|   3|
|  32| 10| 109| 42|  32|  0| 184|  1|   184 |     1|        38 |          4|  45|   1|
|  38|  6| 108|  1|  31|  1| 184|  0|   184 |     0|        32 |          6|  45|   0|
|  45|  7|  93| 15|  31|  0| 184|  0|   184 |     0|        41 |          9|  35|  10|
|  44|  1|  98|  5|  30|  1| 184|  0|   184 |     0|        41 |          0|  47|  12|
|  45|  1| 106|  8|  30|  0| 184|  0|   184 |     0|        44 |          3|  49|   2|
|  41|  4| 103|  3|  30|  0| 184|  0|   184 |     0|        45 |          1|  59|  10|
|  41|  0|  95|  8|  30|  0| 184|  0|   184 |     0|        45 |          0|  59|   0|
|  35|  6|  98|  3|  30|  0| 184|  0|   184 |     0|        35 |         10|  37|  22|
|  49| 14|  81| 17|  30|  0| 185|  1|   185 |     1|        47 |         12|  35|   2|
|  59| 10|  80|  1|  30|  0| 185|  0|   185 |     0|        49 |          2|  30|   5|
|  59|  0|  62| 18|  30|  0| 185|  0|   185 |     0|        59 |         10|  21|   9|
|  47| 12|  62|  0|  29|  1| 185|  0|   185 |     0|        59 |          0|  19|   2|
|  37| 10|  58|  4|  29|  0| 185|  0|   185 |     0|        37 |         22|  26|   7|
|  19| 18|  53|  5|  29|  0| 185|  0|   185 |     0|        35 |          2|  38|  12|
|  21|  2|  59|  6|  29|  0| 185|  0|   185 |     0|        30 |          5|  45|   7|
|  35| 14|  55|  4|  29|  0| 186|  1|   186 |     1|        21 |          9|   4|  41|
|  30|  5|  55|  0|  28|  1| 186|  0|   186 |     0|        19 |          2|   4|   0|
|  26|  4|  55|  0|  28|  0| 186|  0|   186 |     0|        26 |          7| 173|  31|
|  45| 19|  53|  2|  28|  0| 186|  0|   186 |     0|        38 |         12| 177|   4|
|  38|  7|  50|  3|  27|  1| 187|  1|   187 |     1|        45 |          7| 181|   4|
|   4| 34|  46|  4|  26|  1| 187|  0|   187 |     0|         4 |         41| 185|   4|
|   4|  0|  38|  8|  26|  0| 187|  0|   187 |     0|         4 |          0| 197|  12|
| 197|  7|  38|  0|  25|  1| 187|  0|   187 |     0|       173 |         31| 157|  40|
| 185| 12|   2| 36|  25|  0| 187|  0|   187 |     0|       177 |          4| 141|  16|
| 177|  8| 180| 22|  25|  0| 187|  0|   187 |     0|       181 |          4| 134|   7|
| 181|  4| 192| 12|  23|  2| 187|  0|   187 |     0|       185 |          4| 127|   7|
| 173|  8| 191|  1|  22|  1| 188|  1|   188 |     1|       197 |         12| 127|   0|
| 157| 16| 183|  8|  22|  0| 188|  0|   188 |     0|       157 |         40| 126|   1|
| 141| 16| 188|  5|  22|  0| 188|  0|   188 |     0|       141 |         16| 145|  19|
| 134|  7| 196|  8|  22|  0| 188|  0|   188 |     0|       134 |          7| 158|  13|
| 127|  7| 200|  4|  21|  1| 188|  0|   188 |     0|       127 |          7| 159|   1|
| 127|  0|   9|  9|  21|  0| 188|  0|   188 |     0|       127 |          0| 169|  10|
| 126|  1|   9|  0|  21|  0| 188|  0|   188 |     0|       126 |          1|   1|  32|
| 158| 32|  64| 55|  21|  0| 188|  0|   188 |     0|       145 |         19| 187|  14|
| 159|  1|  65|  1|  20|  1| 188|  0|   188 |     0|       158 |         13| 193|   6|
| 145| 14|  74|  9|  20|  0| 188|  0|   188 |     0|       159 |          1| 193|   0|
| 169| 24|  77|  3|  20|  0| 189|  1|   189 |     1|       169 |         10| 194|   1|
|   1| 32|  85|  8|  20|  0| 189|  0|   189 |     0|         1 |         32|  70|  76|
| 193|  8|  77|  8|  19|  1| 189|  0|   189 |     0|       187 |         14|  70|   0|
| 187|  6|  73|  4|  19|  0| 189|  0|   189 |     0|       193 |          6|  17|  53|
| 194|  7|  91| 18|  18|  1| 190|  1|   190 |     1|       193 |          0|  15|   2|
| 193|  1| 100|  9|  17|  1| 190|  0|   190 |     0|       194 |          1|   2|  13|
|   2|  9| 100|  0|  17|  0| 190|  0|   190 |     0|        70 |         76|  49|  47|
|  15| 13|  91|  9|  17|  0| 190|  0|   190 |     0|        70 |          0|  57|   8|
|  17|  2| 116| 25|  16|  1| 190|  0|   190 |     0|        17 |         53|  63|   6|
|  70| 53|  92| 24|  15|  1| 191|  1|   191 |     1|        15 |          2| 100|  37|
|  70|  0|  91|  1|  15|  0| 191|  0|   191 |     0|         2 |         13| 121|  21|
|  49| 21| 121| 30|  15|  0| 191|  0|   191 |     0|        49 |         47| 126|   5|
|  57|  8| 133| 12|  15|  0| 191|  0|   191 |     0|        57 |          8| 129|   3|
|  63|  6| 110| 23|  15|  0| 192|  1|   192 |     1|        63 |          6| 115|  14|
| 100| 37| 103|  7|  15|  0| 192|  0|   192 |     0|       100 |         37| 110|   5|
| 121| 21| 109|  6|  13|  2| 192|  0|   192 |     0|       121 |         21| 102|   8|
| 129|  8| 106|  3|  12|  1| 192|  0|   192 |     0|       126 |          5| 105|   3|
| 126|  3| 135| 29|  11|  1| 193|  1|   193 |     1|       129 |          3| 119|  14|
| 115| 11| 139|  4|  11|  0| 193|  0|   193 |     0|       115 |         14| 141|  22|
| 102| 13| 134|  5|  11|  0| 193|  0|   193 |     0|       110 |          5| 142|   1|
| 110|  8| 128|  6|  11|  0| 193|  0|   193 |     0|       102 |          8|  98|  44|
| 119|  9|  98| 30|  11|  0| 193|  0|   193 |     0|       105 |          3|   1|  97|
| 105| 14| 109| 11|  10|  1| 193|  0|   193 |     0|       119 |         14| 172|  29|
|  98|  7| 121| 12|  10|  0| 194|  1|   194 |     1|       141 |         22| 173|   1|
| 141| 43| 115|  6|  10|  0| 194|  0|   194 |     0|       142 |          1| 185|  12|
| 142|  1| 111|  4|  10|  0| 194|  0|   194 |     0|        98 |         44| 187|   2|
|   1| 59| 119|  8|  10|  0| 194|  0|   194 |     0|         1 |         97| 175|  12|
| 187| 14| 130| 11|  10|  0| 194|  0|   194 |     0|       172 |         29| 174|   1|
| 185|  2| 121|  9|   9|  1| 194|  0|   194 |     0|       173 |          1| 173|   1|
| 172| 13| 124|  3|   9|  0| 194|  0|   194 |     0|       185 |         12| 173|   0|
| 173|  1| 138| 14|   9|  0| 194|  0|   194 |     0|       187 |          2| 160|  13|
| 175|  2| 137|  1|   9|  0| 194|  0|   194 |     0|       175 |         12| 163|   3|
| 174|  1| 129|  8|   9|  0| 194|  0|   194 |     0|       174 |          1| 166|   3|
| 173|  1| 137|  8|   9|  0| 194|  0|   194 |     0|       173 |          1| 166|   0|
| 173|  0| 134|  3|   9|  0| 194|  0|   194 |     0|       173 |          0| 171|   5|
| 160| 13| 120| 14|   9|  0| 194|  0|   194 |     0|       160 |         13| 179|   8|
| 163|  3| 114|  6|   9|  0| 195|  1|   195 |     1|       163 |          3| 158|  21|
| 166|  3| 119|  5|   9|  0| 195|  0|   195 |     0|       166 |          3| 158|   0|
| 179| 13| 126|  7|   9|  0| 195|  0|   195 |     0|       166 |          0| 181|  23|
| 166| 13| 129|  3|   8|  1| 195|  0|   195 |     0|       171 |          5| 189|   8|
| 171|  5| 127|  2|   8|  0| 195|  0|   195 |     0|       179 |          8| 190|   1|
| 158| 13| 129|  2|   8|  0| 196|  1|   196 |     1|       158 |         21| 183|   7|
| 158|  0| 122|  7|   8|  0| 196|  0|   196 |     0|       158 |          0| 169|  14|
| 189| 31| 125|  3|   8|  0| 196|  0|   196 |     0|       181 |         23|  35|  66|
| 190|  1| 119|  6|   8|  0| 196|  0|   196 |     0|       189 |          8|  30|   5|
| 181|  9| 111|  8|   7|  1| 196|  0|   196 |     0|       190 |          1|  28|   2|
| 183|  2| 117|  6|   7|  0| 196|  0|   196 |     0|       183 |          7|  34|   6|
| 169| 14| 127| 10|   7|  0| 197|  1|   197 |     1|       169 |         14|  35|   1|
|  28| 59|  78| 49|   7|  0| 197|  0|   197 |     0|        35 |         66|  41|   6|
|  30|  2|  90| 12|   7|  0| 197|  0|   197 |     0|        30 |          5|  21|  20|
|  35|  5|  98|  8|   7|  0| 197|  0|   197 |     0|        28 |          2|   7|  14|
|  34|  1|  66| 32|   6|  1| 197|  0|   197 |     0|        34 |          6| 170|  37|
|  35|  1|  68|  2|   6|  0| 197|  0|   197 |     0|        35 |          1| 170|   0|
|  41|  6|  51| 17|   6|  0| 197|  0|   197 |     0|        41 |          6| 171|   1|
|  21| 20|  51|  0|   6|  0| 197|  0|   197 |     0|        21 |         20| 172|   1|
|   7| 14|  55|  4|   6|  0| 197|  0|   197 |     0|         7 |         14| 172|   0|
| 170| 37| 109| 54|   6|  0| 197|  0|   197 |     0|       170 |         37| 174|   2|
| 170|  0|  95| 14|   5|  1| 198|  1|   198 |     1|       170 |          0| 175|   1|
| 172|  2|  95|  0|   5|  0| 198|  0|   198 |     0|       171 |          1| 121|  54|
| 172|  0|  93|  2|   5|  0| 198|  0|   198 |     0|       172 |          1| 112|   9|
| 171|  1|  87|  6|   5|  0| 198|  0|   198 |     0|       172 |          0|  86|  26|
| 175|  4|  96|  9|   5|  0| 198|  0|   198 |     0|       174 |          2|  87|   1|
| 174|  1| 103|  7|   5|  0| 198|  0|   198 |     0|       175 |          1|  99|  12|
| 121| 53| 128| 25|   5|  0| 198|  0|   198 |     0|       121 |         54|  99|   0|
| 112|  9| 121|  7|   5|  0| 198|  0|   198 |     0|       112 |          9| 110|  11|
|  86| 26| 112|  9|   4|  1| 198|  0|   198 |     0|        86 |         26| 110|   0|
|  87|  1| 123| 11|   4|  0| 198|  0|   198 |     0|        87 |          1| 112|   2|
|  99| 12| 129|  6|   4|  0| 198|  0|   198 |     0|        99 |         12| 118|   6|
|  99|  0| 116| 13|   4|  0| 199|  1|   199 |     1|        99 |          0| 123|   5|
| 110| 11|  95| 21|   4|  0| 199|  0|   199 |     0|       110 |         11| 125|   2|
| 110|  0| 117| 22|   3|  1| 199|  0|   199 |     0|       110 |          0| 125|   0|
| 112|  2| 119|  2|   3|  0| 199|  0|   199 |     0|       112 |          2| 124|   1|
| 118|  6| 113|  6|   3|  0| 199|  0|   199 |     0|       118 |          6| 118|   6|
| 123|  5| 113|  0|   3|  0| 200|  1|   200 |     1|       123 |          5| 118|   0|
| 125|  2| 132| 19|   3|  0| 200|  0|   200 |     0|       125 |          2| 117|   1|
| 125|  0| 100| 32|   3|  0| 200|  0|   200 |     0|       125 |          0| 111|   6|
| 118|  7|  95|  5|   2|  1| 200|  0|   200 |     0|       124 |          1|  43|  68|
| 118|  0|  96|  1|   2|  0| 200|  0|   200 |     0|       118 |          6|  42|   1|
| 111|  7|  74| 22|   2|  0| 200|  0|   200 |     0|       118 |          0|  42|   0|
| 117|  6|  48| 26|   2|  0| 200|  0|   200 |     0|       117 |          1|  41|   1|
--------------------------------------------------------------------------------------
|   28 ns|  141 ns|   50 ns|   75 ns|         76 ns|                   6 ns|   208 ns|
--------------------------------------------------------------------------------------
|    9 ns|    9 ns|    0 ns|    0 ns|          0 ns|                   9 ns|     9 ns|
--------------------------------------------------------------------------------------
|  FIFO  |  LIFO  |  SSTF  |  SCAN  |    C-SCAN    |      N-STEP-SCAN      |  FSCAN  |
--------------------------------------------------------------------------------------
