
The table is organized as such:
| Policy Name |
| Starting Track |
| Next track | Tracks Moved |
| ... |
| Average Seek Length |
| Average Seek Time |
--------------------------------------------------------------------------------------
|  FIFO  |  LIFO  |  SSTF  |  SCAN  |    C-SCAN    |      N-STEP-SCAN      |  FSCAN  |
--------------------------------------------------------------------------------------
|     1  |     1  |     1  |     1  |         1    |                1      |      1  |
--------------------------------------------------------------------------------------
| 114| 87| 199|  2|   1|  0|   1|  0|     1 |     0|       109 |         92| 109|  92|
| 123|  9|   3|  4|   1|  0|   1|  0|     1 |     0|       114 |          5| 114|   5|
| 119|  4| 196|  7|   1|  0|   1|  0|     1 |     0|       114 |          0| 114|   0|
| 109| 10|  14| 18|   1|  0|   1|  0|     1 |     0|       119 |          5| 119|   5|
| 114|  5|  15|  1|   1|  0|   1|  0|     1 |     0|       123 |          4| 123|   4|
| 124| 10| 166| 49|   1|  0|   1|  0|     1 |     0|       123 |          0| 130|   7|
| 147| 23| 151| 15|   1|  0|   1|  0|     1 |     0|       124 |          1| 134|   4|
| 118| 29| 155|  4|   1|  0|   1|  0|     1 |     0|       139 |         15| 153|  19|
| 123|  5| 140| 15|   1|  0|   1|  0|     1 |     0|       147 |          8| 167|  14|
| 139| 16| 137|  3|   1|  0|   1|  0|     1 |     0|       118 |         29| 113|  54|
| 134|  5| 164| 27|   1|  0|   1|  0|     1 |     0|       130 |         12| 118|   5|
| 153| 19| 153| 11|   1|  0|   1|  0|     1 |     0|       134 |          4| 123|   5|
| 167| 14| 157|  4|   1|  0|   1|  0|     1 |     0|       153 |         19| 124|   1|
| 130| 37| 173| 16|   1|  0|   1|  0|     1 |     0|       167 |         14| 139|  15|
| 113| 17| 181|  8|   1|  0|   1|  0|     1 |     0|       113 |         54| 147|   8|
| 107|  6| 167| 14|   1|  0|   1|  0|     1 |     0|       109 |          4| 121|  26|
| 109|  2| 168|  1|   2|  1|   2|  1|     2 |     1|       107 |          2| 120|   1|
| 121| 12| 174|  6|   2|  0|   2|  0|     2 |     0|       117 |         10| 117|   3|
| 117|  4| 174|  0|   2|  0|   2|  0|     2 |     0|       120 |          3| 109|   8|
| 120|  3| 174|  0|   2|  0|   2|  0|     2 |     0|       121 |          1| 107|   2|
| 120|  0| 176|  2|   2|  0|   2|  0|     2 |     0|       120 |          1| 130|  23|
| 151| 31| 176|  0|   2|  0|   2|  0|     2 |     0|       123 |          3| 149|  19|
| 167| 16| 178|  2|   3|  1|   3|  1|     3 |     1|       151 |         28| 151|   2|
| 155| 12| 177|  1|   3|  0|   3|  0|     3 |     0|       155 |          4| 152|   1|
| 123| 32| 168|  9|   3|  0|   3|  0|     3 |     0|       167 |         12| 157|   5|
| 152| 29| 161|  7|   3|  0|   3|  0|     3 |     0|       157 |         10| 157|   0|
| 130| 22| 143| 18|   3|  0|   3|  0|     3 |     0|       152 |          5| 148|   9|
| 151| 21| 146|  3|   3|  0|   3|  0|     3 |     0|       151 |          1| 147|   1|
| 157|  6| 145|  1|   3|  0|   3|  0|     3 |     0|       149 |          2| 132|  15|
| 149|  8| 145|  0|   4|  1|   4|  1|     4 |     1|       130 |         19| 128|   4|
| 148|  1| 146|  1|   4|  0|   4|  0|     4 |     0|       132 |          2| 129|   1|
| 157|  9| 148|  2|   4|  0|   4|  0|     4 |     0|       147 |         15| 131|   2|
| 147| 10| 143|  5|   4|  0|   4|  0|     4 |     0|       148 |          1| 132|   1|
| 128| 19| 131| 12|   4|  0|   4|  0|     4 |     0|       157 |          9| 126|   6|
| 132|  4| 132|  1|   4|  0|   4|  0|     4 |     0|       128 |         29| 104|  22|
| 129|  3| 138|  6|   4|  0|   4|  0|     4 |     0|       129 |          1| 125|  21|
| 132|  3| 154| 16|   5|  1|   5|  1|     5 |     1|       131 |          2| 131|   6|
| 131|  1| 125| 29|   5|  0|   5|  0|     5 |     0|       132 |          1| 140|   9|
| 126|  5| 129|  4|   5|  0|   5|  0|     5 |     0|       126 |          6| 142|   2|
| 104| 22| 127|  2|   5|  0|   5|  0|     5 |     0|       104 |         22| 157|  15|
| 140| 36| 124|  3|   5|  0|   5|  0|     5 |     0|       125 |         21| 146|  11|
| 125| 15| 129|  5|   6|  1|   6|  1|     6 |     1|       131 |          6| 142|   4|
| 131|  6| 137|  8|   6|  0|   6|  0|     6 |     0|       140 |          9| 141|   1|
| 157| 26|  96| 41|   6|  0|   6|  0|     6 |     0|       142 |          2| 137|   4|
| 142| 15|  91|  5|   6|  0|   6|  0|     6 |     0|       157 |         15| 132|   5|
| 132| 10|  69| 22|   6|  0|   6|  0|     6 |     0|       146 |         11| 134|   2|
| 137|  5|  65|  4|   7|  1|   7|  1|     7 |     1|       142 |          4| 141|   7|
| 141|  4|  56|  9|   7|  0|   7|  0|     7 |     0|       141 |          1| 142|   1|
| 142|  1|  53|  3|   7|  0|   7|  0|     7 |     0|       137 |          4| 172|  30|
| 146|  4|  37| 16|   7|  0|   7|  0|     7 |     0|       132 |          5| 122|  50|
| 141|  5| 198| 39|   8|  1|   8|  1|     8 |     1|       134 |          2| 120|   2|
| 134|  7| 195|  3|   8|  0|   8|  0|     8 |     0|       141 |          7| 123|   3|
| 122| 12| 194|  1|   8|  0|   8|  0|     8 |     0|       142 |          1| 151|  28|
| 172| 50|   1|  7|   8|  0|   8|  0|     8 |     0|       172 |         30| 155|   4|
| 142| 30|  48| 47|   8|  0|   8|  0|     8 |     0|       122 |         50| 167|  12|
| 147|  5|  43|  5|   8|  0|   8|  0|     8 |     0|       138 |         16| 150|  17|
| 138|  9|  55| 12|   9|  1|   9|  1|     9 |     1|       138 |          0| 147|   3|
| 138|  0|  63|  8|  10|  1|  10|  1|    10 |     1|       147 |          9| 138|   9|
| 150| 12|  57|  6|  10|  0|  10|  0|    10 |     0|       150 |          3| 138|   0|
| 121| 29|  54|  3|  10|  0|  10|  0|    10 |     0|       121 |         29| 121|  17|
| 142| 21|  50|  4|  10|  0|  10|  0|    10 |     0|       126 |          5| 126|   5|
| 134|  8|  49|  1|  11|  1|  11|  1|    11 |     1|       133 |          7| 133|   7|
| 133|  1|  65| 16|  11|  0|  11|  0|    11 |     0|       134 |          1| 134|   1|
| 126|  7|  77| 12|  11|  0|  11|  0|    11 |     0|       142 |          8| 142|   8|
| 117|  9|  76|  1|  11|  0|  11|  0|    11 |     0|       117 |         25| 117|  25|
| 122|  5|  75|  1|  12|  1|  12|  1|    12 |     1|       121 |          4| 100|  17|
| 121|  1|  91| 16|  12|  0|  12|  0|    12 |     0|       122 |          1| 100|   0|
| 126|  5|  91|  0|  12|  0|  12|  0|    12 |     0|       126 |          4|  97|   3|
| 104| 22| 134| 43|  12|  0|  12|  0|    12 |     0|       104 |         22|  83|  14|
| 103|  1| 145| 11|  12|  0|  12|  0|    12 |     0|       103 |          1|  82|   1|
| 100|  3| 182| 37|  12|  0|  12|  0|    12 |     0|       100 |          3|  93|  11|
|  82| 18|   6| 24|  12|  0|  12|  0|    12 |     0|       100 |          0|  97|   4|
|  83|  1|   4|  2|  13|  1|  13|  1|    13 |     1|        97 |          3|  99|   2|
| 100| 17|   4|  0|  13|  0|  13|  0|    13 |     0|        83 |         14|  70|  29|
|  97|  3|   1|  3|  13|  0|  13|  0|    13 |     0|        82 |          1|  56|  14|
|  99|  2| 181| 20|  13|  0|  13|  0|    13 |     0|        93 |         11|  54|   2|
|  97|  2| 172|  9|  14|  1|  14|  1|    14 |     1|        97 |          4|  51|   3|
|  93|  4| 169|  3|  14|  0|  14|  0|    14 |     0|        99 |          2|  50|   1|
|  70| 23| 193| 24|  14|  0|  14|  0|    14 |     0|        70 |         29|  59|   9|
|  56| 14| 188|  5|  14|  0|  14|  0|    14 |     0|        56 |         14|  65|   6|
|  51|  5| 190|  2|  14|  0|  14|  0|    14 |     0|        54 |          2|  55|  10|
|  54|  3| 183|  7|  14|  0|  14|  0|    14 |     0|        51 |          3|  54|   1|
|  59|  5| 184|  1|  14|  0|  14|  0|    14 |     0|        50 |          1|  52|   2|
|  65|  6| 189|  5|  15|  1|  15|  1|    15 |     1|        59 |          9|  45|   7|
|  50| 15| 184|  5|  15|  0|  15|  0|    15 |     0|        65 |          6|  37|   8|
|  45|  5| 159| 25|  15|  0|  15|  0|    15 |     0|        55 |         10|  37|   0|
|  37|  8| 160|  1|  15|  0|  15|  0|    15 |     0|        54 |          1|  47|  10|
|  55| 18| 159|  1|  15|  0|  15|  0|    15 |     0|        52 |          2|  47|   0|
|  54|  1| 153|  6|  15|  0|  15|  0|    15 |     0|        45 |          7|  53|   6|
|  52|  2| 160|  7|  16|  1|  16|  1|    16 |     1|        37 |          8|  62|   9|
|  37| 15| 155|  5|  17|  1|  17|  1|    17 |     1|        37 |          0|  85|  23|
|  53| 16| 156|  1|  17|  0|  17|  0|    17 |     0|        47 |         10|  89|   4|
|  47|  6| 169| 13|  17|  0|  17|  0|    17 |     0|        47 |          0|  46|  43|
|  47|  0| 166|  3|  17|  0|  17|  0|    17 |     0|        53 |          6|  43|   3|
|  62| 15| 178| 12|  17|  0|  17|  0|    17 |     0|        62 |          9|  42|   1|
|  85| 23|  25| 47|  17|  0|  17|  0|    17 |     0|        85 |         23| 143|  99|
|  89|  4|  25|  0|  17|  0|  17|  0|    17 |     0|        89 |          4| 149|   6|
|  42| 47|  33|  8|  18|  1|  18|  1|    18 |     1|        46 |         43| 156|   7|
|  46|  4|  43| 10|  19|  1|  19|  1|    19 |     1|        43 |          3| 164|   8|
|  43|  3|  54| 11|  19|  0|  19|  0|    19 |     0|        42 |          1| 166|   2|
| 166| 77|  45|  9|  20|  1|  20|  1|    20 |     1|       143 |         99| 136|  30|
| 149| 17|  63| 18|  20|  0|  20|  0|    20 |     0|       149 |          6| 135|   1|
| 164| 15|  58|  5|  21|  1|  21|  1|    21 |     1|       156 |          7| 132|   3|
| 156|  8|  39| 19|  21|  0|  21|  0|    21 |     0|       164 |          8| 115|  17|
| 143| 13|  44|  5|  21|  0|  21|  0|    21 |     0|       166 |          2|  88|  27|
| 136|  7|  21| 23|  21|  0|  21|  0|    21 |     0|       136 |         30| 103|  15|
| 135|  1|  27|  6|  21|  0|  21|  0|    21 |     0|       135 |          1| 104|   1|
| 132|  3|  29|  2|  22|  1|  22|  1|    22 |     1|       132 |          3| 121|  17|
| 115| 17|  51| 22|  22|  0|  22|  0|    22 |     0|       115 |         17| 122|   1|
|  88| 27|  54|  3|  22|  0|  22|  0|    22 |     0|        88 |         27| 126|   4|
|  94|  6|  54|  0|  22|  0|  22|  0|    22 |     0|        90 |          2|  94|  32|
|  94|  0|  34| 20|  22|  0|  22|  0|    22 |     0|        94 |          4|  94|   0|
|  94|  0|  17| 17|  22|  0|  22|  0|    22 |     0|        94 |          0|  94|   0|
|  90|  4|  17|  0|  22|  0|  22|  0|    22 |     0|        94 |          0|  90|   4|
| 145| 55| 156| 61|  22|  0|  22|  0|    22 |     0|       145 |         51| 145|  55|
| 151|  6| 132| 24|  23|  1|  23|  1|    23 |     1|       147 |          2| 164|  19|
| 147|  4| 132|  0|  23|  0|  23|  0|    23 |     0|       151 |          4| 167|   3|
| 168| 21| 127|  5|  23|  0|  23|  0|    23 |     0|       168 |         17| 173|   6|
| 174|  6| 127|  0|  24|  1|  24|  1|    24 |     1|       174 |          6| 173|   0|
| 178|  4| 130|  3|  24|  0|  24|  0|    24 |     0|       178 |          4| 180|   7|
| 173|  5| 128|  2|  25|  1|  25|  1|    25 |     1|       173 |          5| 178|   2|
| 180|  7|  99| 29|  25|  0|  25|  0|    25 |     0|       173 |          0| 174|   4|
| 173|  7|  97|  2|  25|  0|  25|  0|    25 |     0|       167 |          6| 168|   6|
| 164|  9|  97|  0|  25|  0|  25|  0|    25 |     0|       164 |          3| 151|  17|
| 167|  3|  92|  5|  25|  0|  25|  0|    25 |     0|       180 |         16| 147|   4|
| 171|  4| 105| 13|  25|  0|  25|  0|    25 |     0|       172 |          8| 171|  24|
| 172|  1| 118| 13|  25|  0|  25|  0|    25 |     0|       171 |          1| 172|   1|
| 183| 11|  77| 41|  25|  0|  25|  0|    25 |     0|       183 |         12| 183|  11|
| 198| 15|  78|  1|  26|  1|  26|  1|    26 |     1|       191 |          8| 191|   8|
| 191|  7|  89| 11|  27|  1|  27|  1|    27 |     1|       198 |          7| 198|   7|
|   2| 11|  88|  1|  27|  0|  27|  0|    27 |     0|        81 |         83| 125|  73|
|   8|  6|  77| 11|  28|  1|  28|  1|    28 |     1|        14 |         67| 120|   5|
|  12|  4|  82|  5|  29|  1|  29|  1|    29 |     1|        12 |          2| 119|   1|
|  14|  2| 107| 25|  29|  0|  29|  0|    29 |     0|         8 |          4| 116|   3|
|  81| 67| 111|  4|  29|  0|  29|  0|    29 |     0|         2 |          6|  82|  34|
|  82|  1| 128| 17|  30|  1|  30|  1|    30 |     1|        82 |         80| 120|  38|
| 116| 34| 118| 10|  30|  0|  30|  0|    30 |     0|       116 |         34| 128|   8|
| 119|  3| 129| 11|  32|  2|  32|  2|    32 |     2|       119 |          3| 141|  13|
| 125|  6| 113| 16|  32|  0|  32|  0|    32 |     0|       120 |          1| 145|   4|
| 120|  5| 104|  9|  33|  1|  33|  1|    33 |     1|       125 |          5| 152|   7|
| 120|  0| 108|  4|  33|  0|  33|  0|    33 |     0|       120 |          5|  81|  71|
| 128|  8| 113|  5|  33|  0|  33|  0|    33 |     0|       128 |          8|  14|  67|
| 141| 13| 111|  2|  33|  0|  33|  0|    33 |     0|       141 |         13|  12|   2|
| 145|  4| 128| 17|  34|  1|  34|  1|    34 |     1|       145 |          4|   8|   4|
| 152|  7| 145| 17|  34|  0|  34|  0|    34 |     0|       152 |          7|   2|   6|
| 142| 10| 148|  3|  34|  0|  34|  0|    34 |     0|       142 |         10| 109|  93|
| 140|  2| 151|  3|  34|  0|  34|  0|    34 |     0|       140 |          2| 125|  16|
| 125| 15| 159|  8|  35|  1|  35|  1|    35 |     1|       128 |         12| 128|   3|
| 128|  3| 177| 18|  35|  0|  35|  0|    35 |     0|       125 |          3| 140|  12|
| 109| 19| 165| 12|  35|  0|  35|  0|    35 |     0|       109 |         16| 142|   2|
| 114|  5| 168|  3|  35|  0|  35|  0|    35 |     0|       114 |          5| 114|  28|
| 108|  6| 169|  1|  35|  0|  35|  0|    35 |     0|       108 |          6| 108|   6|
| 108|  0| 151| 18|  35|  0|  35|  0|    35 |     0|       108 |          0| 108|   0|
|  89| 19| 152|  1|  36|  1|  36|  1|    36 |     1|        94 |         14|  94|  14|
|  94|  5| 152|  0|  36|  0|  36|  0|    36 |     0|        89 |          5|  89|   5|
|  80| 14| 142| 10|  37|  1|  37|  1|    37 |     1|        87 |          2|  84|   5|
|  86|  6| 131| 11|  37|  0|  37|  0|    37 |     0|        86 |          1|  80|   4|
|  87|  1| 145| 14|  37|  0|  37|  0|    37 |     0|        85 |          1|  76|   4|
|  85|  2| 142|  3|  37|  0|  37|  0|    37 |     0|        80 |          5|  73|   3|
|  62| 23| 158| 16|  37|  0|  37|  0|    37 |     0|        62 |         18|  71|   2|
|  84| 22| 166|  8|  39|  2|  39|  2|    39 |     2|        71 |          9|  49|  22|
|  76|  8| 167|  1|  39|  0|  39|  0|    39 |     0|        73 |          2|  37|  12|
|  80|  4| 183| 16|  40|  1|  40|  1|    40 |     1|        76 |          3|  29|   8|
|  71|  9| 189|  6|  41|  1|  41|  1|    41 |     1|        80 |          4|  25|   4|
|  73|  2| 188|  1|  42|  1|  42|  1|    42 |     1|        84 |          4|  15|  10|
|  49| 24| 180|  8|  42|  0|  42|  0|    42 |     0|        49 |         35|  22|   7|
|  37| 12| 178|  2|  43|  1|  43|  1|    43 |     1|        37 |         12| 157|  65|
|  15| 22| 184|  6|  43|  0|  43|  0|    43 |     0|        29 |          8| 159|   2|
|  29| 14| 185|  1|  43|  0|  43|  0|    43 |     0|        25 |          4| 171|  12|
|  25|  4| 172| 13|  43|  0|  43|  0|    43 |     0|        15 |         10| 184|  13|
|  22|  3| 166|  6|  43|  0|  43|  0|    43 |     0|        22 |          7|  87|  97|
| 157| 65| 165|  1|  43|  0|  43|  0|    43 |     0|       157 |         65|  86|   1|
| 159|  2| 176| 11|  44|  1|  44|  1|    44 |     1|       159 |          2|  85|   1|
| 184| 25| 173|  3|  45|  1|  45|  1|    45 |     1|       171 |         12|  80|   5|
| 171| 13| 187| 14|  45|  0|  45|  0|    45 |     0|       184 |         13|  62|  18|
| 169|  2| 167| 20|  45|  0|  45|  0|    45 |     0|       178 |          6| 155|  93|
| 169|  0| 184| 17|  46|  1|  46|  1|    46 |     1|       169 |          9| 169|  14|
| 169|  0| 189|  5|  46|  0|  46|  0|    46 |     0|       169 |          0| 169|   0|
| 178|  9| 173| 16|  47|  1|  47|  1|    47 |     1|       169 |          0| 169|   0|
| 155| 23| 174|  1|  47|  0|  47|  0|    47 |     0|       155 |         14| 178|   9|
| 152|  3| 174|  0|  47|  0|  47|  0|    47 |     0|       153 |          2| 169|   9|
| 153|  1| 194| 20|  47|  0|  47|  0|    47 |     0|       152 |          1| 161|   8|
| 149|  4| 198|  4|  47|  0|  47|  0|    47 |     0|       149 |          3| 153|   8|
| 161| 12| 200|  2|  48|  1|  48|  1|    48 |     1|       161 |         12| 152|   1|
| 169|  8|   1|  1|  48|  0|  48|  0|    48 |     0|       169 |          8| 149|   3|
| 166|  3| 169| 32|  49|  1|  49|  1|    49 |     1|       166 |          3| 149|   0|
| 177| 11| 167|  2|  49|  0|  49|  0|    49 |     0|       154 |         12|  20|  71|
| 154| 23| 170|  3|  49|  0|  49|  0|    49 |     0|       146 |          8|  20|   0|
| 142| 12|   7| 37|  49|  0|  49|  0|    49 |     0|       142 |          4|  10|  10|
| 146|  4| 197| 10|  50|  1|  50|  1|    50 |     1|       177 |         35| 188|  22|
| 149|  3| 198|  1|  50|  0|  50|  0|    50 |     0|       149 |         28| 193|   5|
| 188| 39|   6|  8|  50|  0|  50|  0|    50 |     0|        20 |         71|  11|  18|
|  20| 32|   5|  1|  50|  0|  50|  0|    50 |     0|        20 |          0|   4|   7|
|  20|  0|   6|  1|  50|  0|  50|  0|    50 |     0|        10 |         10|   2|   2|
|  10| 10|  14|  8|  50|  0|  50|  0|    50 |     0|       188 |         22|   2|   0|
| 193| 17|   7|  7|  51|  1|  51|  1|    51 |     1|       193 |          5| 172|  30|
|  11| 18| 198|  9|  51|  0|  51|  0|    51 |     0|        11 |         18| 179|   7|
|   4|  7|  12| 14|  51|  0|  51|  0|    51 |     0|         4 |          7| 184|   5|
|   2|  2| 188| 24|  52|  1|  52|  1|    52 |     1|         2 |          2| 190|   6|
|   2|  0|   8| 20|  52|  0|  52|  0|    52 |     0|         2 |          0| 190|   0|
| 190| 12| 198| 10|  52|  0|  52|  0|    52 |     0|       172 |         30| 183|   7|
| 190|  0| 189|  9|  53|  1|  53|  1|    53 |     1|       179 |          7| 172|  11|
| 184|  6| 187|  2|  53|  0|  53|  0|    53 |     0|       184 |          5| 163|   9|
| 179|  5|  14| 27|  54|  1|  54|  1|    54 |     1|       190 |          6| 139|  24|
| 172|  7|  17|  3|  54|  0|  54|  0|    54 |     0|       190 |          0|   1|  62|
| 172|  0|  15|  2|  54|  0|  54|  0|    54 |     0|       183 |          7|   4|   3|
| 183| 11|   3| 12|  54|  0|  54|  0|    54 |     0|       172 |         11|  12|   8|
| 163| 20|   5|  2|  54|  0|  54|  0|    54 |     0|       163 |          9|  14|   2|
| 139| 24|   1|  4|  54|  0|  54|  0|    54 |     0|       139 |         24|  15|   1|
|   1| 62| 152| 49|  54|  0|  54|  0|    54 |     0|         1 |         62|  25|  10|
|   4|  3| 138| 14|  54|  0|  54|  0|    54 |     0|         4 |          3|  25|   0|
|  14| 10| 141|  3|  54|  0|  54|  0|    54 |     0|        12 |          8|  25|   0|
|  12|  2| 135|  6|  54|  0|  54|  0|    54 |     0|        14 |          2|  10|  15|
|  15|  3| 160| 25|  55|  1|  55|  1|    55 |     1|        15 |          1|   8|   2|
|  25| 10| 179| 19|  55|  0|  55|  0|    55 |     0|        25 |         10|  28|  20|
|  25|  0| 164| 15|  55|  0|  55|  0|    55 |     0|        25 |          0|  14|  14|
|  28|  3| 163|  1|  55|  0|  55|  0|    55 |     0|        25 |          0|   7|   7|
|  25|  3| 186| 23|  55|  0|  55|  0|    55 |     0|        10 |         15|   6|   1|
|   8| 17| 180|  6|  56|  1|  56|  1|    56 |     1|         8 |          2|   4|   2|
|  10|  2| 192| 12|  56|  0|  56|  0|    56 |     0|        28 |         20|   3|   1|
|   6|  4| 192|  0|  56|  0|  56|  0|    56 |     0|        14 |         14|   5|   2|
|   7|  1|  19| 27|  56|  0|  56|  0|    56 |     0|         7 |          7|   8|   3|
|   4|  3|  22|  3|  56|  0|  56|  0|    56 |     0|         6 |          1|  11|   3|
|   3|  1|  13|  9|  56|  0|  56|  0|    56 |     0|         4 |          2|  18|   7|
|  14| 11|  16|  3|  57|  1|  57|  1|    57 |     1|         3 |          1|   1|  17|
|  18|  4|  17|  1|  58|  1|  58|  1|    58 |     1|         5 |          2|   5|   4|
|  11|  7|  21|  4|  59|  1|  59|  1|    59 |     1|         8 |          3|  21|  16|
|   8|  3|   2| 19|  59|  0|  59|  0|    59 |     0|        11 |          3|  30|   9|
|   1|  7|   3|  1|  59|  0|  59|  0|    59 |     0|        18 |          7|  30|   0|
|   5|  4| 152| 51|  59|  0|  59|  0|    59 |     0|         1 |         17| 101|  71|
|   5|  0| 145|  7|  59|  0|  59|  0|    59 |     0|         5 |          4|  75|  26|
|  30| 25| 139|  6|  59|  0|  59|  0|    59 |     0|        21 |         16|  74|   1|
|  30|  0| 142|  3|  60|  1|  60|  1|    60 |     1|        30 |          9|  72|   2|
|  21|  9| 124| 18|  60|  0|  60|  0|    60 |     0|        30 |          0|  68|   4|
| 101| 80| 125|  1|  60|  0|  60|  0|    60 |     0|       101 |         71|  63|   5|
|  63| 38| 139| 14|  60|  0|  60|  0|    60 |     0|        75 |         26|  63|   0|
|  68|  5| 150| 11|  61|  1|  61|  1|    61 |     1|        74 |          1|  66|   3|
|  72|  4| 156|  6|  61|  0|  61|  0|    61 |     0|        72 |          2|  67|   1|
|  74|  2| 159|  3|  61|  0|  61|  0|    61 |     0|        68 |          4|  72|   5|
|  75|  1| 166|  7|  61|  0|  61|  0|    61 |     0|        63 |          5|  79|   7|
|  66|  9| 151| 15|  61|  0|  61|  0|    61 |     0|        63 |          0|  76|   3|
|  72|  6| 152|  1|  62|  1|  62|  1|    62 |     1|        66 |          3|  67|   9|
|  79|  7| 182| 30|  62|  0|  62|  0|    62 |     0|        67 |          1|  64|   3|
|  67| 12| 159| 23|  62|  0|  62|  0|    62 |     0|        72 |          5|  63|   1|
|  63|  4| 160|  1|  62|  0|  62|  0|    62 |     0|        79 |          7|  59|   4|
|  67|  4| 162|  2|  62|  0|  62|  0|    62 |     0|        76 |          3|  78|  19|
|  59|  8| 164|  2|  62|  0|  62|  0|    62 |     0|        67 |          9|  81|   3|
|  64|  5| 164|  0|  63|  1|  63|  1|    63 |     1|        64 |          3|  87|   6|
|  76| 12| 150| 14|  63|  0|  63|  0|    63 |     0|        63 |          1| 100|  13|
|  63| 13| 159|  9|  63|  0|  63|  0|    63 |     0|        59 |          4| 103|   3|
|  81| 18| 154|  5|  63|  0|  63|  0|    63 |     0|        78 |         19| 112|   9|
|  87|  6| 156|  2|  63|  0|  63|  0|    63 |     0|        81 |          3| 113|   1|
|  78|  9| 167| 11|  63|  0|  63|  0|    63 |     0|        87 |          6|  67|  46|
| 103| 25| 167|  0|  63|  0|  63|  0|    63 |     0|       100 |         13|  64|   3|
| 100|  3|   1| 34|  63|  0|  63|  0|    63 |     0|       103 |          3|  62|   2|
| 113| 13|   3|  2|  64|  1|  64|  1|    64 |     1|       112 |          9|  64|   2|
| 112|  1| 196|  7|  64|  0|  64|  0|    64 |     0|       113 |          1|  84|  20|
|  67| 45| 197|  1|  64|  0|  64|  0|    64 |     0|        67 |         46|  86|   2|
|  64|  3|  23| 26|  64|  0|  64|  0|    64 |     0|        64 |          3|  99|  13|
|  62|  2|  15|  8|  64|  0|  64|  0|    64 |     0|        62 |          2| 102|   3|
|  64|  2|  17|  2|  64|  0|  64|  0|    64 |     0|        64 |          2| 106|   4|
|  86| 22|  47| 30|  64|  0|  64|  0|    64 |     0|        84 |         20| 112|   6|
|  84|  2|  60| 13|  65|  1|  65|  1|    65 |     1|        86 |          2| 112|   0|
| 102| 18|  55|  5|  65|  0|  65|  0|    65 |     0|        99 |         13| 113|   1|
|  99|  3|  61|  6|  65|  0|  65|  0|    65 |     0|       102 |          3| 131|  18|
| 106|  7|  61|  0|  66|  1|  66|  1|    66 |     1|       106 |          4| 129|   2|
| 112|  6| 124| 63|  66|  0|  66|  0|    66 |     0|       112 |          6| 126|   3|
| 113|  1| 132|  8|  67|  1|  67|  1|    67 |     1|       112 |          0| 125|   1|
| 131| 18| 129|  3|  67|  0|  67|  0|    67 |     0|       113 |          1| 113|  12|
| 112| 19| 102| 27|  67|  0|  67|  0|    67 |     0|       131 |         18| 134|  21|
| 113|  1|  93|  9|  67|  0|  67|  0|    67 |     0|       129 |          2| 132|   2|
| 125| 12|  90|  3|  67|  0|  67|  0|    67 |     0|       126 |          3| 135|   3|
| 126|  1|  85|  5|  67|  0|  67|  0|    67 |     0|       125 |          1| 136|   1|
| 129|  3|  85|  0|  67|  0|  67|  0|    67 |     0|       113 |         12| 181|  45|
| 134|  5|  84|  1|  68|  1|  68|  1|    68 |     1|       134 |         21| 182|   1|
| 132|  2|  59| 25|  68|  0|  68|  0|    68 |     0|       132 |          2| 188|   6|
| 136|  4|  51|  8|  68|  0|  68|  0|    68 |     0|       135 |          3| 192|   4|
| 135|  1|  56|  5|  69|  1|  69|  1|    69 |     1|       136 |          1| 195|   3|
| 182| 47|  41| 15|  69|  0|  69|  0|    69 |     0|       181 |         45| 177|  18|
| 181|  1|  25| 16|  69|  0|  69|  0|    69 |     0|       182 |          1| 177|   0|
| 192| 11|  64| 39|  70|  1|  70|  1|    70 |     1|       188 |          6| 179|   2|
| 188|  4|  64|  0|  70|  0|  70|  0|    70 |     0|       192 |          4| 187|   8|
| 177| 11|  91| 27|  70|  0|  70|  0|    70 |     0|       195 |          3| 190|   3|
| 177|  0|  97|  6|  70|  0|  70|  0|    70 |     0|       177 |         18|   1|  11|
| 195| 18| 128| 31|  71|  1|  71|  1|    71 |     1|       177 |          0|   1|   0|
| 190|  5| 128|  0|  71|  0|  71|  0|    71 |     0|       179 |          2|  22|  21|
|   1| 11| 128|  0|  72|  1|  72|  1|    72 |     1|       187 |          8|  25|   3|
|   1|  0| 139| 11|  72|  0|  72|  0|    72 |     0|       190 |          3|  33|   8|
| 187| 14| 128| 11|  72|  0|  72|  0|    72 |     0|         1 |         11|  35|   2|
| 179|  8| 140| 12|  72|  0|  72|  0|    72 |     0|         1 |          0| 195|  40|
| 195| 16| 118| 22|  73|  1|  73|  1|    73 |     1|        22 |         21|  61|  66|
|  22| 27| 118|  0|  73|  0|  73|  0|    73 |     0|        25 |          3|  56|   5|
|  25|  3| 139| 21|  73|  0|  73|  0|    73 |     0|        33 |          8|  54|   2|
|  33|  8| 134|  5|  73|  0|  73|  0|    73 |     0|        35 |          2|  52|   2|
|  35|  2| 126|  8|  73|  0|  73|  0|    73 |     0|       195 |         40|  34|  18|
|  34|  1| 135|  9|  73|  0|  73|  0|    73 |     0|        61 |         66|  43|   9|
|  54| 20| 127|  8|  74|  1|  74|  1|    74 |     1|        56 |          5|  59|  16|
|  56|  2| 128|  1|  74|  0|  74|  0|    74 |     0|        54 |          2|  61|   2|
|  52|  4| 126|  2|  75|  1|  75|  1|    75 |     1|        52 |          2|  78|  17|
|  61|  9| 126|  0|  75|  0|  75|  0|    75 |     0|        34 |         18|  22|  56|
|  61|  0| 128|  2|  75|  0|  75|  0|    75 |     0|        43 |          9|  33|  11|
|  78| 17| 119|  9|  76|  1|  76|  1|    76 |     1|        59 |         16|  36|   3|
|  59| 19| 128|  9|  76|  0|  76|  0|    76 |     0|        61 |          2|  54|  18|
|  43| 16| 123|  5|  76|  0|  76|  0|    76 |     0|        78 |         17|  12|  42|
|  22| 21| 117|  6|  76|  0|  76|  0|    76 |     0|        22 |         56|   4|   8|
|  33| 11| 115|  2|  76|  0|  76|  0|    76 |     0|        33 |         11|  56|  52|
|  36|  3| 122|  7|  76|  0|  76|  0|    76 |     0|        36 |          3|  84|  28|
|  12| 24| 145| 23|  76|  0|  76|  0|    76 |     0|        54 |         18|  84|   0|
|   4|  8| 155| 10|  77|  1|  77|  1|    77 |     1|        12 |         42|  98|  14|
|  54| 50| 150|  5|  77|  0|  77|  0|    77 |     0|         4 |          8|   1|  97|
|  56|  2| 143|  7|  77|  0|  77|  0|    77 |     0|        56 |         52|   3|   2|
|  84| 28| 199| 56|  77|  0|  77|  0|    77 |     0|        84 |         28|  17|  14|
|  98| 14| 197|  2|  77|  0|  77|  0|    77 |     0|        84 |          0|  22|   5|
|  84| 14| 173| 24|  78|  1|  78|  1|    78 |     1|        98 |         14|  35|  13|
|   1| 83| 173|  0|  78|  0|  78|  0|    78 |     0|         1 |         97|  36|   1|
|   3|  2| 164|  9|  78|  0|  78|  0|    78 |     0|         3 |          2|  22|  14|
|  22| 19| 164|  0|  78|  0|  78|  0|    78 |     0|        17 |         14|   1|  21|
|  17|  5| 163|  1|  78|  0|  78|  0|    78 |     0|        22 |          5| 136|  65|
|  36| 19| 176| 13|  79|  1|  79|  1|    79 |     1|        35 |         13| 141|   5|
|  35|  1| 176|  0|  79|  0|  79|  0|    79 |     0|        36 |          1| 142|   1|
|  22| 13| 176|  0|  79|  0|  79|  0|    79 |     0|        22 |         14| 142|   0|
|   1| 21| 174|  2|  79|  0|  79|  0|    79 |     0|         1 |         21| 146|   4|
| 141| 60| 199| 25|  79|  0|  79|  0|    79 |     0|       136 |         65| 154|   8|
| 142|  1| 194|  5|  80|  1|  80|  1|    80 |     1|       141 |          5| 166|  12|
| 136|  6| 156| 38|  80|  0|  80|  0|    80 |     0|       142 |          1| 177|  11|
| 109| 27| 148|  8|  80|  0|  80|  0|    80 |     0|       109 |         33| 163|  14|
| 103|  6| 138| 10|  80|  0|  80|  0|    80 |     0|       107 |          2| 143|  20|
| 107|  4| 113| 25|  81|  1|  81|  1|    81 |     1|       103 |          4| 109|  34|
| 143| 36| 125| 12|  81|  0|  81|  0|    81 |     0|       143 |         40| 107|   2|
| 163| 20| 132|  7|  81|  0|  81|  0|    81 |     0|       163 |         20| 103|   4|
| 178| 15| 130|  2|  81|  0|  81|  0|    81 |     0|       171 |          8|  76|  27|
| 171|  7| 129|  1|  82|  1|  82|  1|    82 |     1|       178 |          7|  62|  14|
| 180|  9| 127|  2|  82|  0|  82|  0|    82 |     0|       180 |          2|  27|  35|
| 196| 16| 122|  5|  82|  0|  82|  0|    82 |     0|       196 |         16|  26|   1|
|   1|  5| 113|  9|  82|  0|  82|  0|    82 |     0|         1 |          5|   1|  25|
|  62| 61| 112|  1|  83|  1|  83|  1|    83 |     1|         1 |          0|   2|   1|
|  76| 14| 115|  3|  83|  0|  83|  0|    83 |     0|        26 |         25| 172|  30|
|  27| 49| 107|  8|  84|  1|  84|  1|    84 |     1|        27 |          1| 180|   8|
|  26|  1| 121| 14|  84|  0|  84|  0|    84 |     0|        62 |         35| 182|   2|
|   1| 25| 162| 41|  84|  0|  84|  0|    84 |     0|        76 |         14| 193|  11|
|   2|  1| 151| 11|  84|  0|  84|  0|    84 |     0|         2 |         74| 168|  25|
| 182| 20| 167| 16|  84|  0|  84|  0|    84 |     0|       172 |         30| 165|   3|
| 180|  2| 136| 31|  84|  0|  84|  0|    84 |     0|       180 |          8| 149|  16|
| 172|  8| 138|  2|  84|  0|  84|  0|    84 |     0|       182 |          2| 149|   0|
| 193| 21| 125| 13|  84|  0|  84|  0|    84 |     0|       193 |         11| 127|  22|
| 168| 25| 120|  5|  85|  1|  85|  1|    85 |     1|       168 |         25| 127|   0|
| 165|  3| 128|  8|  85|  0|  85|  0|    85 |     0|       165 |          3| 123|   4|
| 149| 16| 112| 16|  85|  0|  85|  0|    85 |     0|       149 |         16| 115|   8|
| 149|  0| 102| 10|  85|  0|  85|  0|    85 |     0|       149 |          0| 114|   1|
| 127| 22| 102|  0|  85|  0|  85|  0|    85 |     0|       127 |         22| 114|   0|
| 123|  4|  79| 23|  85|  0|  85|  0|    85 |     0|       127 |          0| 114|   0|
| 114|  9| 118| 39|  85|  0|  85|  0|    85 |     0|       123 |          4|  17|  97|
| 115|  1| 124|  6|  85|  0|  85|  0|    85 |     0|       115 |          8|   8|   9|
| 127| 12| 121|  3|  86|  1|  86|  1|    86 |     1|       114 |          1|   2|   6|
| 114| 13| 119|  2|  86|  0|  86|  0|    86 |     0|       114 |          0|   1|   1|
| 114|  0| 118|  1|  86|  0|  86|  0|    86 |     0|       114 |          0|   3|   2|
|   1| 87| 161| 43|  86|  0|  86|  0|    86 |     0|        17 |         97|  13|  10|
|  17| 16| 161|  0|  86|  0|  86|  0|    86 |     0|         8 |          9|  19|   6|
|   8|  9| 188| 27|  87|  1|  87|  1|    87 |     1|         2 |          6|  21|   2|
|   2|  6| 187|  1|  87|  0|  87|  0|    87 |     0|         1 |          1|  24|   3|
|  13| 11| 182|  5|  87|  0|  87|  0|    87 |     0|         3 |          2|  15|   9|
|  21|  8| 192| 10|  88|  1|  88|  1|    88 |     1|        13 |         10|  11|   4|
|  24|  3| 187|  5|  88|  0|  88|  0|    88 |     0|        19 |          6|  10|   1|
|  19|  5| 175| 12|  88|  0|  88|  0|    88 |     0|        21 |          2|  29|  19|
|   3| 16| 173|  2|  88|  0|  88|  0|    88 |     0|        24 |          3|  35|   6|
|  10|  7| 173|  0|  88|  0|  88|  0|    88 |     0|        15 |          9|  35|   0|
|  11|  1| 152| 21|  88|  0|  88|  0|    88 |     0|        11 |          4|  33|   2|
|  15|  4| 127| 25|  88|  0|  88|  0|    88 |     0|        10 |          1|  32|   1|
|  29| 14| 124|  3|  89|  1|  89|  1|    89 |     1|        29 |         19|  43|  11|
|  35|  6| 126|  2|  89|  0|  89|  0|    89 |     0|        35 |          6|  66|  23|
|  35|  0| 124|  2|  89|  0|  89|  0|    89 |     0|        35 |          0|  67|   1|
|  43|  8|  94| 30|  90|  1|  90|  1|    90 |     1|        33 |          2|  67|   0|
|  32| 11|  85|  9|  90|  0|  90|  0|    90 |     0|        32 |          1|  60|   7|
|  33|  1|  85|  0|  90|  0|  90|  0|    90 |     0|        43 |         11|  60|   0|
|  66| 33| 102| 17|  90|  0|  90|  0|    90 |     0|        66 |         23|  32|  28|
|  67|  1|  97|  5|  91|  1|  91|  1|    91 |     1|        67 |          1|  34|   2|
|  60|  7|  86| 11|  91|  0|  91|  0|    91 |     0|        67 |          0|  34|   0|
|  60|  0| 104| 18|  91|  0|  91|  0|    91 |     0|        60 |          7| 192|  42|
|  67|  7|  68| 36|  91|  0|  91|  0|    91 |     0|        60 |          0|  24|  32|
|  32| 35|  70|  2|  91|  0|  91|  0|    91 |     0|        32 |         28|  12|  12|
|  34|  2|  39| 31|  92|  1|  92|  1|    92 |     1|        34 |          2| 151|  61|
|  34|  0|  12| 27|  92|  0|  92|  0|    92 |     0|        34 |          0| 163|  12|
|  24| 10|   7|  5|  93|  1|  93|  1|    93 |     1|       192 |         42| 187|  24|
|  12| 12|   9|  2|  93|  0|  93|  0|    93 |     0|        24 |         32| 189|   2|
| 192| 20| 198| 11|  93|  0|  93|  0|    93 |     0|        12 |         12| 189|   0|
| 189|  3| 200|  2|  93|  0|  93|  0|    93 |     0|       151 |         61| 149|  40|
| 189|  0| 195|  5|  93|  0|  93|  0|    93 |     0|       163 |         12| 146|   3|
| 187|  2| 197|  2|  93|  0|  93|  0|    93 |     0|       187 |         24| 145|   1|
| 163| 24| 200|  3|  94|  1|  94|  1|    94 |     1|       189 |          2| 135|  10|
| 151| 12| 191|  9|  94|  0|  94|  0|    94 |     0|       189 |          0| 131|   4|
| 146|  5| 185|  6|  94|  0|  94|  0|    94 |     0|       149 |         40| 141|  10|
| 135| 11| 190|  5|  94|  0|  94|  0|    94 |     0|       146 |          3| 143|   2|
| 131|  4| 188|  2|  94|  0|  94|  0|    94 |     0|       145 |          1| 146|   3|
| 145| 14| 188|  0|  94|  0|  94|  0|    94 |     0|       135 |         10| 152|   6|
| 149|  4| 184|  4|  94|  0|  94|  0|    94 |     0|       131 |          4| 152|   0|
| 146|  3| 156| 28|  95|  1|  95|  1|    95 |     1|       141 |         10| 170|  18|
| 152|  6| 167| 11|  95|  0|  95|  0|    95 |     0|       143 |          2| 118|  52|
| 141| 11| 152| 15|  96|  1|  96|  1|    96 |     1|       146 |          3|  93|  25|
| 143|  2| 154|  2|  97|  1|  97|  1|    97 |     1|       152 |          6|  88|   5|
| 152|  9| 143| 11|  97|  0|  97|  0|    97 |     0|       152 |          0|  88|   0|
| 170| 18| 155| 12|  97|  0|  97|  0|    97 |     0|       170 |         18|  73|  15|
| 118| 52| 151|  4|  97|  0|  97|  0|    97 |     0|       118 |         52|  70|   3|
|  88| 30| 142|  9|  97|  0|  97|  0|    97 |     0|        93 |         25|  54|  16|
|  88|  0| 143|  1|  97|  0|  97|  0|    97 |     0|        88 |          5|  52|   2|
|  93|  5| 143|  0|  97|  0|  97|  0|    97 |     0|        88 |          0|  45|   7|
|  73| 20| 141|  2|  97|  0|  97|  0|    97 |     0|        73 |         15|  47|   2|
|  70|  3| 147|  6|  97|  0|  97|  0|    97 |     0|        70 |          3|  59|  12|
|  52| 18| 137| 10|  97|  0|  97|  0|    97 |     0|        54 |         16|  79|  20|
|  54|  2| 137|  0|  98|  1|  98|  1|    98 |     1|        52 |          2| 105|  26|
|  45|  9| 137|  0|  98|  0|  98|  0|    98 |     0|        45 |          7| 105|   0|
|  59| 14| 143|  6|  98|  0|  98|  0|    98 |     0|        47 |          2| 106|   1|
|  47| 12| 127| 16|  99|  1|  99|  1|    99 |     1|        59 |         12| 108|   2|
|  79| 32| 125|  2|  99|  0|  99|  0|    99 |     0|        79 |         20| 121|  13|
| 105| 26| 114| 11|  99|  0|  99|  0|    99 |     0|       105 |         26| 102|  19|
| 105|  0| 106|  8| 100|  1| 100|  1|   100 |     1|       105 |          0|  98|   4|
| 121| 16|  93| 13| 100|  0| 100|  0|   100 |     0|       106 |          1| 110|  12|
| 106| 15|  93|  0| 100|  0| 100|  0|   100 |     0|       108 |          2|  87|  23|
|  98|  8| 106| 13| 101|  1| 101|  1|   101 |     1|       121 |         13|  85|   2|
| 102|  4| 109|  3| 101|  0| 101|  0|   101 |     0|       102 |         19|  78|   7|
| 108|  6| 122| 13| 102|  1| 102|  1|   102 |     1|        98 |          4|  68|  10|
| 110|  2| 123|  1| 102|  0| 102|  0|   102 |     0|       110 |         12|  85|  17|
|  87| 23|  82| 41| 102|  0| 102|  0|   102 |     0|        87 |         23| 132|  47|
|  68| 19|  76|  6| 102|  0| 102|  0|   102 |     0|        85 |          2| 133|   1|
|  85| 17|  69|  7| 102|  0| 102|  0|   102 |     0|        78 |          7| 134|   1|
|  78|  7|  49| 20| 102|  0| 102|  0|   102 |     0|        68 |         10| 149|  15|
|  85|  7|   4| 45| 103|  1| 103|  1|   103 |     1|        85 |         17| 145|   4|
| 132| 47|  14| 10| 103|  0| 103|  0|   103 |     0|       132 |         47| 152|   7|
| 134|  2|  21|  7| 103|  0| 103|  0|   103 |     0|       133 |          1| 153|   1|
| 133|  1|  22|  1| 103|  0| 103|  0|   103 |     0|       134 |          1| 174|  21|
| 149| 16|  37| 15| 104|  1| 104|  1|   104 |     1|       149 |         15| 199|  25|
| 145|  4|  35|  2| 104|  0| 104|  0|   104 |     0|       145 |          4| 185|  14|
| 153|  8|  35|  0| 104|  0| 104|  0|   104 |     0|       152 |          7|   8|  23|
| 152|  1|  43|  8| 104|  0| 104|  0|   104 |     0|       153 |          1|   1|   7|
| 174| 22|  47|  4| 104|  0| 104|  0|   104 |     0|       174 |         21|   1|   0|
| 199| 25|  64| 17| 105|  1| 105|  1|   105 |     1|       199 |         25| 200|   1|
|   8|  9|  62|  2| 105|  0| 105|  0|   105 |     0|       185 |         14| 197|   3|
| 185| 23|  61|  1| 105|  0| 105|  0|   105 |     0|         8 |         23|  50|  53|
|   1| 16|  60|  1| 105|  0| 105|  0|   105 |     0|         1 |          7|  46|   4|
|   1|  0|  56|  4| 106|  1| 106|  1|   106 |     1|         1 |          0|  40|   6|
| 200|  1|  50|  6| 106|  0| 106|  0|   106 |     0|       200 |          1|   6|  34|
| 197|  3|  50|  0| 106|  0| 106|  0|   106 |     0|       197 |          3|  12|   6|
|   6|  9|  48|  2| 106|  0| 106|  0|   106 |     0|        50 |         53|  13|   1|
|  46| 40|  54|  6| 106|  0| 106|  0|   106 |     0|        46 |          4|  55|  42|
|  40|  6|  62|  8| 106|  0| 106|  0|   106 |     0|        40 |          6| 193|  62|
|  50| 10|  63|  1| 107|  1| 107|  1|   107 |     1|         6 |         34|   5|  12|
|  55|  5|  74| 11| 107|  0| 107|  0|   107 |     0|        12 |          6|  10|   5|
|  12| 43|  79|  5| 107|  0| 107|  0|   107 |     0|        13 |          1|  13|   3|
|  13|  1|  84|  5| 107|  0| 107|  0|   107 |     0|        55 |         42|  22|   9|
|   5|  8|  94| 10| 108|  1| 108|  1|   108 |     1|       193 |         62|  23|   1|
| 193| 12|  90|  4| 108|  0| 108|  0|   108 |     0|         5 |         12|  23|   0|
|  13| 20|  78| 12| 108|  0| 108|  0|   108 |     0|        10 |          5|  11|  12|
|  23| 10|  88| 10| 108|  0| 108|  0|   108 |     0|        13 |          3|  55|  44|
|  23|  0|  88|  0| 109|  1| 109|  1|   109 |     1|        22 |          9|  59|   4|
|  22|  1|  80|  8| 109|  0| 109|  0|   109 |     0|        23 |          1|  69|  10|
|  10| 12|  95| 15| 109|  0| 109|  0|   109 |     0|        23 |          0|  70|   1|
|  11|  1|  98|  3| 109|  0| 109|  0|   109 |     0|        11 |         12|  67|   3|
|  55| 44| 103|  5| 109|  0| 109|  0|   109 |     0|        55 |         44|  64|   3|
|  59|  4|  97|  6| 110|  1| 110|  1|   110 |     1|        59 |          4|  63|   1|
|  70| 11| 101|  4| 111|  1| 111|  1|   111 |     1|        69 |         10|  50|  13|
|  69|  1| 106|  5| 111|  0| 111|  0|   111 |     0|        70 |          1|  49|   1|
|  49| 20| 111|  5| 111|  0| 111|  0|   111 |     0|        67 |          3|  67|  18|
|  50|  1|  97| 14| 112|  1| 112|  1|   112 |     1|        64 |          3|  79|  12|
|  64| 14|  76| 21| 112|  0| 112|  0|   112 |     0|        63 |          1|  83|   4|
|  67|  3|  42| 34| 112|  0| 112|  0|   112 |     0|        50 |         13| 106|  23|
|  63|  4| 128| 86| 112|  0| 112|  0|   112 |     0|        49 |          1| 115|   9|
|  83| 20| 145| 17| 112|  0| 112|  0|   112 |     0|        67 |         18| 116|   1|
|  79|  4| 142|  3| 113|  1| 113|  1|   113 |     1|        79 |         12| 117|   1|
|  67| 12| 141|  1| 113|  0| 113|  0|   113 |     0|        83 |          4| 135|  18|
| 106| 39| 137|  4| 113|  0| 113|  0|   113 |     0|       106 |         23| 137|   2|
| 115|  9| 142|  5| 113|  0| 113|  0|   113 |     0|       115 |          9| 139|   2|
| 117|  2| 142|  0| 113|  0| 113|  0|   113 |     0|       116 |          1| 135|   4|
| 139| 22| 139|  3| 113|  0| 113|  0|   113 |     0|       117 |          1| 125|  10|
| 135|  4| 105| 34| 113|  0| 113|  0|   113 |     0|       135 |         18|  95|  30|
| 137|  2| 104|  1| 113|  0| 113|  0|   113 |     0|       137 |          2|  92|   3|
| 116| 21|  84| 20| 114|  1| 114|  1|   114 |     1|       139 |          2|  73|  19|
| 135| 19|  84|  0| 114|  0| 114|  0|   114 |     0|       135 |          4|  94|  21|
| 125| 10|  91|  7| 114|  0| 114|  0|   114 |     0|       125 |         10|  97|   3|
|  73| 52|  86|  5| 114|  0| 114|  0|   114 |     0|        95 |         30|  97|   0|
|  92| 19|  76| 10| 114|  0| 114|  0|   114 |     0|        92 |          3| 137|  40|
|  95|  3|  75|  1| 114|  0| 114|  0|   114 |     0|        73 |         19| 145|   8|
|  97|  2|  73|  2| 114|  0| 114|  0|   114 |     0|        94 |         21| 146|   1|
|  97|  0|  73|  0| 115|  1| 115|  1|   115 |     1|        97 |          3| 161|  15|
|  94|  3|  73|  0| 115|  0| 115|  0|   115 |     0|        97 |          0| 163|   2|
| 137| 43|  86| 13| 115|  0| 115|  0|   115 |     0|       137 |         40| 172|   9|
| 145|  8|  93|  7| 115|  0| 115|  0|   115 |     0|       145 |          8| 173|   1|
| 146|  1|  90|  3| 115|  0| 115|  0|   115 |     0|       146 |          1| 184|  11|
| 161| 15|  77| 13| 116|  1| 116|  1|   116 |     1|       161 |         15| 158|  26|
| 163|  2|  77|  0| 116|  0| 116|  0|   116 |     0|       163 |          2| 155|   3|
| 172|  9|  71|  6| 117|  1| 117|  1|   117 |     1|       172 |          9| 151|   4|
| 173|  1|  88| 17| 117|  0| 117|  0|   117 |     0|       173 |          1| 144|   7|
| 184| 11|  81|  7| 117|  0| 117|  0|   117 |     0|       184 |         11| 146|   2|
| 144| 40|  81|  0| 117|  0| 117|  0|   117 |     0|       158 |         26| 158|  12|
| 151|  7|  80|  1| 118|  1| 118|  1|   118 |     1|       155 |          3| 158|   0|
| 155|  4|  72|  8| 118|  0| 118|  0|   118 |     0|       151 |          4| 159|   1|
| 158|  3|  72|  0| 118|  0| 118|  0|   118 |     0|       144 |          7| 168|   9|
| 159|  1|  63|  9| 118|  0| 118|  0|   118 |     0|       146 |          2| 140|  28|
| 168|  9| 130| 67| 118|  0| 118|  0|   118 |     0|       158 |         12| 140|   0|
| 158| 10| 140| 10| 118|  0| 118|  0|   118 |     0|       158 |          0| 130|  10|
| 158|  0| 140|  0| 118|  0| 118|  0|   118 |     0|       159 |          1| 128|   2|
| 146| 12| 128| 12| 118|  0| 118|  0|   118 |     0|       168 |          9|  63|  65|
| 128| 18| 146| 18| 119|  1| 119|  1|   119 |     1|       140 |         28|  72|   9|
| 140| 12| 158| 12| 119|  0| 119|  0|   119 |     0|       140 |          0|  72|   0|
| 140|  0| 158|  0| 119|  0| 119|  0|   119 |     0|       130 |         10|  80|   8|
| 130| 10| 168| 10| 119|  0| 119|  0|   119 |     0|       128 |          2|  81|   1|
|  63| 67| 159|  9| 120|  1| 120|  1|   120 |     1|        63 |         65|  81|   0|
|  72|  9| 158|  1| 120|  0| 120|  0|   120 |     0|        72 |          9|  88|   7|
|  72|  0| 155|  3| 120|  0| 120|  0|   120 |     0|        72 |          0|  90|   2|
|  80|  8| 151|  4| 120|  0| 120|  0|   120 |     0|        80 |          8|  77|  13|
|  81|  1| 144|  7| 120|  0| 120|  0|   120 |     0|        81 |          1|  77|   0|
|  81|  0| 184| 40| 121|  1| 121|  1|   121 |     1|        81 |          0|  71|   6|
|  88|  7| 173| 11| 121|  0| 121|  0|   121 |     0|        88 |          7|  73|   2|
|  71| 17| 172|  1| 121|  0| 121|  0|   121 |     0|        90 |          2|  73|   0|
|  77|  6| 163|  9| 121|  0| 121|  0|   121 |     0|        77 |         13|  73|   0|
|  77|  0| 161|  2| 121|  0| 121|  0|   121 |     0|        77 |          0|  86|  13|
|  90| 13| 146| 15| 121|  0| 121|  0|   121 |     0|        71 |          6|  93|   7|
|  93|  3| 145|  1| 122|  1| 122|  1|   122 |     1|        73 |          2|  91|   2|
|  86|  7| 137|  8| 122|  0| 122|  0|   122 |     0|        73 |          0|  86|   5|
|  73| 13|  94| 43| 122|  0| 122|  0|   122 |     0|        73 |          0|  84|   2|
|  73|  0|  97|  3| 122|  0| 122|  0|   122 |     0|        86 |         13|  76|   8|
|  73|  0|  97|  0| 122|  0| 122|  0|   122 |     0|        93 |          7|  75|   1|
|  75|  2|  95|  2| 123|  1| 123|  1|   123 |     1|        91 |          2|  84|   9|
|  76|  1|  92|  3| 123|  0| 123|  0|   123 |     0|        86 |          5| 104|  20|
|  86| 10|  73| 19| 123|  0| 123|  0|   123 |     0|        84 |          2| 105|   1|
|  91|  5| 125| 52| 123|  0| 123|  0|   123 |     0|        76 |          8| 139|  34|
|  84|  7| 135| 10| 123|  0| 123|  0|   123 |     0|        75 |          1| 142|   3|
|  84|  0| 116| 19| 123|  0| 123|  0|   123 |     0|        84 |          9| 142|   0|
| 104| 20| 137| 21| 124|  1| 124|  1|   124 |     1|       104 |         20| 142|   0|
| 105|  1| 135|  2| 124|  0| 124|  0|   124 |     0|       105 |          1| 141|   1|
| 139| 34| 139|  4| 124|  0| 124|  0|   124 |     0|       139 |         34| 137|   4|
| 142|  3| 117| 22| 124|  0| 124|  0|   124 |     0|       142 |          3| 145|   8|
| 142|  0| 115|  2| 124|  0| 124|  0|   124 |     0|       142 |          0| 128|  17|
| 137|  5| 106|  9| 124|  0| 124|  0|   124 |     0|       142 |          0| 111|  17|
| 141|  4|  67| 39| 124|  0| 124|  0|   124 |     0|       141 |          1|  97|  14|
| 142|  1|  79| 12| 125|  1| 125|  1|   125 |     1|       137 |          4|  76|  21|
| 145|  3|  83|  4| 125|  0| 125|  0|   125 |     0|       145 |          8|  42|  34|
| 128| 17|  63| 20| 125|  0| 125|  0|   125 |     0|       128 |         17|  97|  55|
|  42| 86|  67|  4| 125|  0| 125|  0|   125 |     0|       111 |         17|  98|   1|
|  76| 34|  64|  3| 125|  0| 125|  0|   125 |     0|        97 |         14| 101|   3|
|  97| 21|  50| 14| 125|  0| 125|  0|   125 |     0|        76 |         21| 103|   2|
| 111| 14|  49|  1| 125|  0| 125|  0|   125 |     0|        42 |         34| 106|   3|
| 106|  5|  69| 20| 125|  0| 125|  0|   125 |     0|        97 |         55|  95|  11|
| 101|  5|  70|  1| 125|  0| 125|  0|   125 |     0|        98 |          1|  88|   7|
|  97|  4|  59| 11| 125|  0| 125|  0|   125 |     0|       101 |          3|  88|   0|
| 103|  6|  55|  4| 126|  1| 126|  1|   126 |     1|       103 |          2|  80|   8|
|  98|  5|  11| 44| 126|  0| 126|  0|   126 |     0|       106 |          3|  78|   2|
|  95|  3|  10|  1| 126|  0| 126|  0|   126 |     0|        95 |         11|  79|   1|
|  80| 15|  22| 12| 126|  0| 126|  0|   126 |     0|        88 |          7|  84|   5|
|  88|  8|  23|  1| 126|  0| 126|  0|   126 |     0|        88 |          0|  90|   6|
|  88|  0|  23|  0| 126|  0| 126|  0|   126 |     0|        80 |          8|  94|   4|
|  78| 10|  13| 10| 126|  0| 126|  0|   126 |     0|        78 |          2|  74|  20|
|  90| 12| 193| 20| 126|  0| 126|  0|   126 |     0|        79 |          1|  63|  11|
|  94|  4|   5| 12| 127|  1| 127|  1|   127 |     1|        84 |          5|  62|   1|
|  84| 10|  13|  8| 127|  0| 127|  0|   127 |     0|        90 |          6|  54|   8|
|  79|  5|  12|  1| 127|  0| 127|  0|   127 |     0|        94 |          4|  50|   4|
|  74|  5|  55| 43| 127|  0| 127|  0|   127 |     0|        74 |         20|  48|   2|
|  63| 11|  50|  5| 127|  0| 127|  0|   127 |     0|        63 |         11|  50|   2|
|  62|  1|  40| 10| 127|  0| 127|  0|   127 |     0|        62 |          1|  56|   6|
|  54|  8|  46|  6| 127|  0| 127|  0|   127 |     0|        54 |          8|  60|   4|
|  48|  6|   6| 40| 127|  0| 127|  0|   127 |     0|        50 |          4|  61|   1|
|  50|  2| 197|  9| 127|  0| 127|  0|   127 |     0|        48 |          2|  62|   1|
|  50|  0| 200|  3| 128|  1| 128|  1|   128 |     1|        50 |          2| 171|  91|
|  56|  6|   1|  1| 128|  0| 128|  0|   128 |     0|        56 |          6| 178|   7|
|  60|  4|   1|  0| 128|  0| 128|  0|   128 |     0|        60 |          4| 180|   2|
|  61|  1| 185| 16| 128|  0| 128|  0|   128 |     0|        61 |          1| 196|  16|
|  62|  1|   8| 23| 128|  0| 128|  0|   128 |     0|        62 |          1|   1|   5|
|  64|  2| 199|  9| 128|  0| 128|  0|   128 |     0|        64 |          2|  35|  34|
|  47| 17| 174| 25| 128|  0| 128|  0|   128 |     0|        47 |         17|  35|   0|
|  43|  4| 152| 22| 128|  0| 128|  0|   128 |     0|        43 |          4|  43|   8|
|  35|  8| 153|  1| 128|  0| 128|  0|   128 |     0|        35 |          8|  47|   4|
|  35|  0| 145|  8| 128|  0| 128|  0|   128 |     0|        35 |          0|  64|  17|
|  37|  2| 149|  4| 128|  0| 128|  0|   128 |     0|        37 |          2|  37|  27|
|  22| 15| 133| 16| 128|  0| 128|  0|   128 |     0|        22 |         15|  22|  15|
|  21|  1| 134|  1| 128|  0| 128|  0|   128 |     0|        21 |          1|  21|   1|
|  14|  7| 132|  2| 128|  0| 128|  0|   128 |     0|        14 |          7|  14|   7|
|   4| 10|  85| 47| 128|  0| 128|  0|   128 |     0|         4 |         10|   4|  10|
|  49| 45|  78|  7| 128|  0| 128|  0|   128 |     0|        49 |         45|  93|  89|
|  69| 20|  85|  7| 129|  1| 129|  1|   129 |     1|        69 |         20|  93|   0|
|  76|  7|  68| 17| 129|  0| 129|  0|   129 |     0|        76 |          7| 106|  13|
|  82|  6|  87| 19| 129|  0| 129|  0|   129 |     0|        82 |          6| 109|   3|
| 123| 41| 110| 23| 129|  0| 129|  0|   129 |     0|       123 |         41| 122|  13|
| 122|  1| 108|  2| 129|  0| 129|  0|   129 |     0|       122 |          1|  82|  40|
| 109| 13| 102|  6| 129|  0| 129|  0|   129 |     0|       109 |         13|  76|   6|
| 106|  3|  98|  4| 129|  0| 129|  0|   129 |     0|       106 |          3|  69|   7|
|  93| 13| 106|  8| 130|  1| 130|  1|   130 |     1|        93 |         13|  49|  20|
|  93|  0| 121| 15| 130|  0| 130|  0|   130 |     0|        93 |          0| 123|  74|
| 106| 13| 105| 16| 130|  0| 130|  0|   130 |     0|       106 |         13| 137|  14|
| 114|  8| 105|  0| 130|  0| 130|  0|   130 |     0|       114 |          8| 137|   0|
| 125| 11|  79| 26| 130|  0| 130|  0|   130 |     0|       125 |         11| 137|   0|
| 127|  2|  47| 32| 131|  1| 131|  1|   131 |     1|       127 |          2| 141|   4|
| 143| 16|  59| 12| 131|  0| 131|  0|   131 |     0|       143 |         16| 147|   6|
| 137|  6|  45| 14| 131|  0| 131|  0|   131 |     0|       141 |          2| 143|   4|
| 137|  0|  54|  9| 131|  0| 131|  0|   131 |     0|       137 |          4| 127|  16|
| 137|  0|  52|  2| 131|  0| 131|  0|   131 |     0|       137 |          0| 125|   2|
| 147| 10|  70| 18| 131|  0| 131|  0|   131 |     0|       137 |          0| 114|  11|
| 141|  6|  73|  3| 132|  1| 132|  1|   132 |     1|       147 |         10| 106|   8|
| 143|  2|  93| 20| 132|  0| 132|  0|   132 |     0|       143 |          4| 142|  36|
| 143|  0|  88|  5| 132|  0| 132|  0|   132 |     0|       143 |          0| 143|   1|
| 142|  1|  88|  0| 132|  0| 132|  0|   132 |     0|       142 |          1| 143|   0|
| 151|  9| 118| 30| 132|  0| 132|  0|   132 |     0|       151 |          9| 151|   8|
| 155|  4| 170| 52| 132|  0| 132|  0|   132 |     0|       155 |          4| 155|   4|
| 143| 12| 152| 18| 132|  0| 132|  0|   132 |     0|       154 |          1| 184|  29|
| 154| 11| 143|  9| 132|  0| 132|  0|   132 |     0|       152 |          2| 185|   1|
| 152|  2| 141|  2| 132|  0| 132|  0|   132 |     0|       143 |          9| 188|   3|
| 167| 15| 152| 11| 132|  0| 132|  0|   132 |     0|       156 |         13| 188|   0|
| 156| 11| 146|  6| 132|  0| 132|  0|   132 |     0|       167 |         11| 190|   2|
| 184| 28| 149|  3| 133|  1| 133|  1|   133 |     1|       184 |         17| 191|   1|
| 188|  4| 145|  4| 133|  0| 133|  0|   133 |     0|       185 |          1| 195|   4|
| 188|  0| 131| 14| 134|  1| 134|  1|   134 |     1|       188 |          3| 197|   2|
| 190|  2| 135|  4| 134|  0| 134|  0|   134 |     0|       188 |          0| 200|   3|
| 185|  5| 146| 11| 134|  0| 134|  0|   134 |     0|       190 |          2| 200|   0|
| 191|  6| 151|  5| 134|  0| 134|  0|   134 |     0|       191 |          1| 198|   2|
| 200|  9| 163| 12| 134|  0| 134|  0|   134 |     0|       195 |          4|  39|  41|
| 197|  3| 187| 24| 134|  0| 134|  0|   134 |     0|       197 |          2|  12|  27|
| 195|  2| 189|  2| 134|  0| 134|  0|   134 |     0|       200 |          3|   9|   3|
| 200|  5| 189|  0| 135|  1| 135|  1|   135 |     1|       200 |          0|   7|   2|
| 198|  2| 192|  3| 135|  0| 135|  0|   135 |     0|       198 |          2| 143|  64|
|   9| 11|  12| 20| 135|  0| 135|  0|   135 |     0|        39 |         41| 152|   9|
|   7|  2|  24| 12| 135|  0| 135|  0|   135 |     0|        12 |         27| 154|   2|
|  12|  5|  34| 10| 135|  0| 135|  0|   135 |     0|         9 |          3| 156|   2|
|  39| 27|  34|  0| 135|  0| 135|  0|   135 |     0|         7 |          2| 167|  11|
|  70| 31|  32|  2| 135|  0| 135|  0|   135 |     0|        68 |         61| 104|  63|
|  68|  2|  67| 35| 136|  1| 136|  1|   136 |     1|        70 |          2|  97|   7|
| 104| 36|  60|  7| 136|  0| 136|  0|   136 |     0|        86 |         16|  86|  11|
|  86| 18|  60|  0| 136|  0| 136|  0|   136 |     0|        97 |         11|  70|  16|
|  97| 11|  67|  7| 136|  0| 136|  0|   136 |     0|       104 |          7|  68|   2|
| 102|  5|  66|  1| 137|  1| 137|  1|   137 |     1|       102 |          2| 124|  56|
|  85| 17|  33| 33| 137|  0| 137|  0|   137 |     0|        94 |          8| 126|   2|
|  85|  0|  32|  1| 137|  0| 137|  0|   137 |     0|        85 |          9| 127|   1|
|  94|  9|  43| 11| 137|  0| 137|  0|   137 |     0|        85 |          0| 152|  25|
| 124| 30|  35|  8| 137|  0| 137|  0|   137 |     0|       124 |         39| 173|  21|
| 126|  2|  35|  0| 137|  0| 137|  0|   137 |     0|       124 |          0| 124|  49|
| 124|  2|  29|  6| 137|  0| 137|  0|   137 |     0|       126 |          2| 102|  22|
| 127|  3|  15| 14| 137|  0| 137|  0|   137 |     0|       127 |          1|  94|   8|
| 152| 25|  11|  4| 137|  0| 137|  0|   137 |     0|       152 |         25|  85|   9|
| 173| 21|  10|  1| 138|  1| 138|  1|   138 |     1|       173 |         21|  85|   0|
| 173|  0|   3|  7| 138|  0| 138|  0|   138 |     0|       173 |          0| 173|  88|
| 175|  2|  19| 16| 138|  0| 138|  0|   138 |     0|       175 |          2| 175|   2|
| 187| 12|  24|  5| 138|  0| 138|  0|   138 |     0|       182 |          7| 182|   7|
| 192|  5|  21|  3| 138|  0| 138|  0|   138 |     0|       187 |          5| 187|   5|
| 182| 10|  13|  8| 138|  0| 138|  0|   138 |     0|       192 |          5| 192|   5|
| 187|  5|   2| 11| 139|  1| 139|  1|   139 |     1|       188 |          4| 188|   4|
| 188|  1|   8|  6| 139|  0| 139|  0|   139 |     0|       187 |          1| 187|   1|
| 161| 27|  17|  9| 139|  0| 139|  0|   139 |     0|       161 |         26| 161|  26|
| 161|  0|   1| 16| 139|  0| 139|  0|   139 |     0|       161 |          0| 161|   0|
| 118| 43| 114| 87| 139|  0| 139|  0|   139 |     0|       118 |         43| 118|  43|
| 119|  1| 114|  0| 139|  0| 139|  0|   139 |     0|       118 |          0| 118|   0|
| 121|  2| 127| 13| 139|  0| 139|  0|   139 |     0|       119 |          1| 119|   1|
| 124|  3| 115| 12| 139|  0| 139|  0|   139 |     0|       121 |          2| 121|   2|
| 118|  6| 114|  1| 140|  1| 140|  1|   140 |     1|       124 |          3| 124|   3|
|  79| 39| 123|  9| 140|  0| 140|  0|   140 |     0|        79 |         45|  79|  45|
| 102| 23| 127|  4| 140|  0| 140|  0|   140 |     0|       102 |         23| 125|  46|
| 102|  0| 149| 22| 140|  0| 140|  0|   140 |     0|       102 |          0| 136|  11|
| 112| 10| 149|  0| 140|  0| 140|  0|   140 |     0|       112 |         10| 138|   2|
| 128| 16| 165| 16| 140|  0| 140|  0|   140 |     0|       120 |          8| 151|  13|
| 120|  8| 168|  3| 141|  1| 141|  1|   141 |     1|       128 |          8| 167|  16|
| 125|  5| 193| 25| 141|  0| 141|  0|   141 |     0|       125 |          3| 162|   5|
| 138| 13| 172| 21| 141|  0| 141|  0|   141 |     0|       136 |         11| 121|  41|
| 136|  2| 180|  8| 141|  0| 141|  0|   141 |     0|       138 |          2| 115|   6|
| 167| 31| 182|  2| 141|  0| 141|  0|   141 |     0|       151 |         13| 112|   3|
| 151| 16|   2| 20| 141|  0| 141|  0|   141 |     0|       167 |         16| 107|   5|
| 162| 11|   1|  1| 141|  0| 141|  0|   141 |     0|       162 |          5| 113|   6|
| 121| 41|  26| 25| 141|  0| 141|  0|   141 |     0|       121 |         41| 122|   9|
| 107| 14|  27|  1| 142|  1| 142|  1|   142 |     1|       115 |          6| 127|   5|
| 115|  8|  76| 49| 142|  0| 142|  0|   142 |     0|       112 |          3| 129|   2|
| 112|  3|  62| 14| 142|  0| 142|  0|   142 |     0|       107 |          5| 130|   1|
| 113|  1|   1| 61| 142|  0| 142|  0|   142 |     0|       113 |          6| 128|   2|
| 122|  9| 196|  5| 142|  0| 142|  0|   142 |     0|       122 |          9| 120|   8|
| 127|  5| 180| 16| 142|  0| 142|  0|   142 |     0|       127 |          5| 112|   8|
| 129|  2| 171|  9| 142|  0| 142|  0|   142 |     0|       129 |          2| 102|  10|
| 130|  1| 178|  7| 142|  0| 142|  0|   142 |     0|       130 |          1| 102|   0|
| 132|  2| 163| 15| 142|  0| 142|  0|   142 |     0|       132 |          2| 113|  11|
| 125|  7| 143| 20| 142|  0| 142|  0|   142 |     0|       138 |          6| 125|  12|
| 113| 12| 107| 36| 142|  0| 142|  0|   142 |     0|       148 |         10| 132|   7|
| 138| 25| 103|  4| 142|  0| 142|  0|   142 |     0|       125 |         23| 138|   6|
| 148| 10| 109|  6| 142|  0| 142|  0|   142 |     0|       113 |         12| 148|  10|
| 156|  8| 136| 27| 142|  0| 142|  0|   142 |     0|       156 |         43| 156|   8|
| 194| 38| 142|  6| 143|  1| 143|  1|   143 |     1|       174 |         18| 174|  18|
| 199|  5| 141|  1| 143|  0| 143|  0|   143 |     0|       176 |          2| 176|   2|
| 174| 25|   1| 60| 143|  0| 143|  0|   143 |     0|       194 |         18| 194|  18|
| 176|  2|  22| 21| 143|  0| 143|  0|   143 |     0|       199 |          5| 199|   5|
| 176|  0|  35| 13| 143|  0| 143|  0|   143 |     0|       176 |         23| 199|   0|
| 176|  0|  36|  1| 143|  0| 143|  0|   143 |     0|       176 |          0| 197|   2|
| 163| 13|  17| 19| 143|  0| 143|  0|   143 |     0|       164 |         12| 173|  24|
| 164|  1|  22|  5| 143|  0| 143|  0|   143 |     0|       164 |          0| 173|   0|
| 164|  0|   3| 19| 143|  0| 143|  0|   143 |     0|       163 |          1| 143|  30|
| 173|  9|   1|  2| 143|  0| 143|  0|   143 |     0|       173 |         10| 145|   2|
| 173|  0|  84| 83| 144|  1| 144|  1|   144 |     1|       173 |          0| 150|   5|
| 197| 24|  98| 14| 145|  1| 145|  1|   145 |     1|       197 |         24| 155|   5|
| 199|  2|  84| 14| 145|  0| 145|  0|   145 |     0|       199 |          2| 122|  33|
| 143| 56|  56| 28| 145|  0| 145|  0|   145 |     0|       143 |         56| 115|   7|
| 150|  7|  54|  2| 145|  0| 145|  0|   145 |     0|       145 |          2| 117|   2|
| 155|  5|   4| 50| 145|  0| 145|  0|   145 |     0|       150 |          5| 119|   2|
| 145| 10|  12|  8| 145|  0| 145|  0|   145 |     0|       155 |          5| 123|   4|
| 122| 23|  36| 24| 145|  0| 145|  0|   145 |     0|       122 |         33| 128|   5|
| 115|  7|  33|  3| 145|  0| 145|  0|   145 |     0|       115 |          7| 128|   0|
| 117|  2|  22| 11| 145|  0| 145|  0|   145 |     0|       117 |          2| 128|   0|
| 123|  6|  43| 21| 145|  0| 145|  0|   145 |     0|       119 |          2| 127|   1|
| 128|  5|  59| 16| 145|  0| 145|  0|   145 |     0|       123 |          4| 126|   1|
| 119|  9|  78| 19| 145|  0| 145|  0|   145 |     0|       128 |          5| 126|   0|
| 128|  9|  61| 17| 145|  0| 145|  0|   145 |     0|       128 |          0| 135|   9|
| 126|  2|  61|  0| 146|  1| 146|  1|   146 |     1|       128 |          0| 134|   1|
| 126|  0|  52|  9| 146|  0| 146|  0|   146 |     0|       127 |          1| 126|   8|
| 128|  2|  56|  4| 146|  0| 146|  0|   146 |     0|       126 |          1| 118|   8|
| 127|  1|  54|  2| 146|  0| 146|  0|   146 |     0|       126 |          0| 118|   0|
| 135|  8|  34| 20| 146|  0| 146|  0|   146 |     0|       135 |          9| 139|  21|
| 126|  9|  35|  1| 146|  0| 146|  0|   146 |     0|       134 |          1| 139|   0|
| 134|  8|  33|  2| 146|  0| 146|  0|   146 |     0|       126 |          8| 140|   1|
| 139|  5|  25|  8| 146|  0| 146|  0|   146 |     0|       118 |          8| 128|  12|
| 118| 21|  22|  3| 147|  1| 147|  1|   147 |     1|       118 |          0| 128|   0|
| 118|  0| 195| 27| 147|  0| 147|  0|   147 |     0|       139 |         21| 128|   0|
| 140| 22| 179| 16| 147|  0| 147|  0|   147 |     0|       139 |          0| 128|   0|
| 128| 12| 187|  8| 147|  0| 147|  0|   147 |     0|       140 |          1|  97|  31|
| 139| 11|   1| 14| 147|  0| 147|  0|   147 |     0|       128 |         12|  91|   6|
| 128| 11|   1|  0| 148|  1| 148|  1|   148 |     1|       128 |          0|  64|  27|
| 128|  0| 190| 11| 148|  0| 148|  0|   148 |     0|       128 |          0|  64|   0|
| 128|  0| 195|  5| 148|  0| 148|  0|   148 |     0|       128 |          0|  59|   5|
|  97| 31| 177| 18| 148|  0| 148|  0|   148 |     0|        97 |         31|  56|   3|
|  91|  6| 177|  0| 149|  1| 149|  1|   149 |     1|        91 |          6|  51|   5|
|  64| 27| 188| 11| 149|  0| 149|  0|   149 |     0|        64 |         27|  41|  10|
|  64|  0| 192|  4| 149|  0| 149|  0|   149 |     0|        64 |          0|  25|  16|
|  25| 39| 181| 11| 149|  0| 149|  0|   149 |     0|        59 |          5|  84|  59|
|  41| 16| 182|  1| 149|  0| 149|  0|   149 |     0|        56 |          3|  85|   1|
|  56| 15| 135| 47| 149|  0| 149|  0|   149 |     0|        51 |          5|  85|   0|
|  51|  5| 136|  1| 149|  0| 149|  0|   149 |     0|        41 |         10|  90|   5|
|  59|  8| 132|  4| 149|  0| 149|  0|   149 |     0|        25 |         16|  93|   3|
|  84| 25| 134|  2| 150|  1| 150|  1|   150 |     1|        84 |         59| 102|   9|
|  85|  1| 129|  5| 150|  0| 150|  0|   150 |     0|        85 |          1| 124|  22|
|  85|  0| 126|  3| 150|  0| 150|  0|   150 |     0|        85 |          0| 129|   5|
|  90|  5| 125|  1| 150|  0| 150|  0|   150 |     0|        90 |          5| 132|   3|
|  93|  3| 113| 12| 151|  1| 151|  1|   151 |     1|        93 |          3|  61|  71|
| 102|  9| 112|  1| 151|  0| 151|  0|   151 |     0|       102 |          9|  61|   0|
| 129| 27| 131| 19| 151|  0| 151|  0|   151 |     0|       124 |         22|  60|   1|
| 132|  3| 113| 18| 151|  0| 151|  0|   151 |     0|       129 |          5|  55|   5|
| 124|  8| 112|  1| 151|  0| 151|  0|   151 |     0|       132 |          3|  47|   8|
|  61| 63| 106|  6| 151|  0| 151|  0|   151 |     0|        61 |         71|  17|  30|
|  61|  0|  99|  7| 151|  0| 151|  0|   151 |     0|        61 |          0|  15|   2|
|  55|  6| 102|  3| 151|  0| 151|  0|   151 |     0|        60 |          1|   3|  12|
|  60|  5|  84| 18| 151|  0| 151|  0|   151 |     0|        55 |          5|  23|  20|
|  47| 13|  86|  2| 151|  0| 151|  0|   151 |     0|        47 |          8| 196|  27|
|  17| 30|  64| 22| 151|  0| 151|  0|   151 |     0|        17 |         30| 197|   1|
|  15|  2|  62|  2| 152|  1| 152|  1|   152 |     1|        15 |          2| 167|  30|
|  23|  8|  64|  2| 152|  0| 152|  0|   152 |     0|         3 |         12| 167|   0|
| 197| 26|  67|  3| 152|  0| 152|  0|   152 |     0|        23 |         20| 156|  11|
| 196|  1| 112| 45| 152|  0| 152|  0|   152 |     0|       196 |         27| 154|   2|
|   3|  7| 113|  1| 152|  0| 152|  0|   152 |     0|       197 |          1|   1|  47|
|   1|  2| 100| 13| 152|  0| 152|  0|   152 |     0|       167 |         30| 150|  51|
| 167| 34| 103|  3| 152|  0| 152|  0|   152 |     0|       167 |          0| 159|   9|
| 167|  0|  78| 25| 152|  0| 152|  0|   152 |     0|       156 |         11| 162|   3|
| 156| 11|  87|  9| 152|  0| 152|  0|   152 |     0|       154 |          2| 164|   2|
| 154|  2|  81|  6| 152|  0| 152|  0|   152 |     0|         1 |         47| 164|   0|
| 159|  5|  63| 18| 152|  0| 152|  0|   152 |     0|       150 |         51| 160|   4|
| 150|  9|  76| 13| 152|  0| 152|  0|   152 |     0|       159 |          9| 159|   1|
| 164| 14|  64| 12| 152|  0| 152|  0|   152 |     0|       162 |          3| 152|   7|
| 164|  0|  59|  5| 153|  1| 153|  1|   153 |     1|       164 |          2| 151|   1|
| 162|  2|  67|  8| 153|  0| 153|  0|   153 |     0|       164 |          0| 182|  31|
| 160|  2|  63|  4| 153|  0| 153|  0|   153 |     0|       160 |          4| 166|  16|
| 159|  1|  67|  4| 153|  0| 153|  0|   153 |     0|       159 |          1| 159|   7|
| 182| 23|  79| 12| 153|  0| 153|  0|   153 |     0|       152 |          7| 156|   3|
| 152| 30|  72|  7| 154|  1| 154|  1|   154 |     1|       151 |          1| 150|   6|
| 151|  1|  66|  6| 154|  0| 154|  0|   154 |     0|       182 |         31| 139|  11|
| 166| 15|  75|  9| 154|  0| 154|  0|   154 |     0|       166 |         16| 139|   0|
| 159|  7|  74|  1| 154|  0| 154|  0|   154 |     0|       159 |          7| 125|  14|
| 156|  3|  72|  2| 155|  1| 155|  1|   155 |     1|       156 |          3| 124|   1|
| 150|  6|  68|  4| 155|  0| 155|  0|   155 |     0|       150 |          6| 142|  18|
| 139| 11|  63|  5| 155|  0| 155|  0|   155 |     0|       139 |         11| 145|   3|
| 125| 14| 101| 38| 155|  0| 155|  0|   155 |     0|       139 |          0| 152|   7|
| 124|  1|  21| 80| 155|  0| 155|  0|   155 |     0|       125 |         14|  21|  69|
| 142| 18|  30|  9| 155|  0| 155|  0|   155 |     0|       124 |          1|  17|   4|
| 139|  3|  30|  0| 155|  0| 155|  0|   155 |     0|       142 |         18|   3|  14|
| 145|  6|   5| 25| 156|  1| 156|  1|   156 |     1|       145 |          3|   2|   1|
| 152|  7|   5|  0| 156|  0| 156|  0|   156 |     0|       152 |          7|  13|  11|
|   3| 51|   1|  4| 156|  0| 156|  0|   156 |     0|        21 |         69|  16|   3|
|   2|  1|   8|  7| 156|  0| 156|  0|   156 |     0|        17 |          4|  19|   3|
|  21| 19|  11|  3| 156|  0| 156|  0|   156 |     0|         3 |         14|  22|   3|
|  17|  4|  18|  7| 156|  0| 156|  0|   156 |     0|         2 |          1| 192|  30|
|  16|  1|  14|  4| 156|  0| 156|  0|   156 |     0|        13 |         11| 192|   0|
|  13|  3|   3| 11| 157|  1| 157|  1|   157 |     1|        16 |          3| 186|   6|
|  22|  9|   4|  1| 157|  0| 157|  0|   157 |     0|        19 |          3| 180|   6|
|  19|  3|   7|  3| 157|  0| 157|  0|   157 |     0|        22 |          3| 164|  16|
| 192| 27|   6|  1| 157|  0| 157|  0|   157 |     0|       192 |         30| 163|   1|
| 192|  0|  10|  4| 157|  0| 157|  0|   157 |     0|       192 |          0| 179|  16|
| 180| 12|   8|  2| 158|  1| 158|  1|   158 |     1|       186 |          6| 160|  19|
| 186|  6|  25| 17| 158|  0| 158|  0|   158 |     0|       180 |          6| 141|  19|
| 163| 23|  28|  3| 158|  0| 158|  0|   158 |     0|       164 |         16| 138|   3|
| 164|  1|  25|  3| 158|  0| 158|  0|   158 |     0|       163 |          1| 135|   3|
| 179| 15|  25|  0| 159|  1| 159|  1|   159 |     1|       179 |         16| 163|  28|
| 160| 19|  15| 10| 159|  0| 159|  0|   159 |     0|       160 |         19| 164|   1|
| 135| 25|  12|  3| 159|  0| 159|  0|   159 |     0|       141 |         19| 164|   0|
| 141|  6|  14|  2| 159|  0| 159|  0|   159 |     0|       138 |          3| 176|  12|
| 138|  3|   4| 10| 159|  0| 159|  0|   159 |     0|       135 |          3| 176|   0|
| 152| 14|   1|  3| 159|  0| 159|  0|   159 |     0|       152 |         17| 152|  24|
|   1| 49| 139| 62| 159|  0| 159|  0|   159 |     0|        15 |         63|  15|  63|
|   5|  4| 163| 24| 159|  0| 159|  0|   159 |     0|         5 |         10|   5|  10|
|   3|  2| 183| 20| 160|  1| 160|  1|   160 |     1|         3 |          2|   3|   2|
|  15| 12| 172| 11| 160|  0| 160|  0|   160 |     0|         1 |          2|   1|   2|
|  17|  2| 172|  0| 160|  0| 160|  0|   160 |     0|        14 |         13|  14|  13|
|  14|  3| 179|  7| 160|  0| 160|  0|   160 |     0|        17 |          3|  17|   3|
| 187| 27| 184|  5| 161|  1| 161|  1|   161 |     1|       187 |         30| 187|  30|
| 189|  2| 190|  6| 161|  0| 161|  0|   161 |     0|       189 |          2| 189|   2|
| 198|  9| 190|  0| 161|  0| 161|  0|   161 |     0|       198 |          9| 198|   9|
|   8| 10|   2| 12| 161|  0| 161|  0|   161 |     0|       198 |          0| 198|   0|
| 188| 20|   2|  0| 161|  0| 161|  0|   161 |     0|       188 |         10|  14|  16|
|  12| 24|   4|  2| 162|  1| 162|  1|   162 |     1|        12 |         24|   6|   8|
| 198| 14|  11|  7| 162|  0| 162|  0|   162 |     0|         8 |          4|   6|   0|
|   7|  9| 193| 18| 163|  1| 163|  1|   163 |     1|         7 |          1|   5|   1|
|  14|  7|  10| 17| 163|  0| 163|  0|   163 |     0|        14 |          7|   7|   2|
|   6|  8|  20| 10| 163|  0| 163|  0|   163 |     0|       198 |         16| 167|  40|
|   5|  1|  20|  0| 163|  0| 163|  0|   163 |     0|         6 |          8| 169|   2|
|   6|  1| 188| 32| 163|  0| 163|  0|   163 |     0|         6 |          0| 170|   1|
| 198|  8| 149| 39| 163|  0| 163|  0|   163 |     0|         5 |          1| 197|  27|
| 197|  1| 146|  3| 164|  1| 164|  1|   164 |     1|         7 |          2| 194|   3|
|   7| 10| 142|  4| 164|  0| 164|  0|   164 |     0|       167 |         40| 174|  20|
| 170| 37| 154| 12| 164|  0| 164|  0|   164 |     0|       169 |          2|   1|  27|
| 167|  3| 177| 23| 164|  0| 164|  0|   164 |     0|       170 |          1| 198|   3|
| 169|  2| 166| 11| 164|  0| 164|  0|   164 |     0|       197 |         27| 200|   2|
|   1| 32| 169|  3| 164|  0| 164|  0|   164 |     0|       194 |          3| 198|   2|
| 200|  1| 161|  8| 164|  0| 164|  0|   164 |     0|       174 |         20| 188|  10|
| 198|  2| 149| 12| 164|  0| 164|  0|   164 |     0|         1 |         27|  12|  24|
| 194|  4| 153|  4| 165|  1| 165|  1|   165 |     1|       198 |          3|   8|   4|
| 174| 20| 152|  1| 165|  0| 165|  0|   165 |     0|       200 |          2|   7|   1|
| 174|  0| 155|  3| 165|  0| 165|  0|   165 |     0|       189 |         11| 167|  40|
| 173|  1| 178| 23| 166|  1| 166|  1|   166 |     1|       184 |          5| 173|   6|
| 189| 16| 169|  9| 166|  0| 166|  0|   166 |     0|       174 |         10| 174|   1|
| 184|  5| 169|  0| 166|  0| 166|  0|   166 |     0|       173 |          1| 184|  10|
| 167| 17| 169|  0| 166|  0| 166|  0|   166 |     0|       167 |          6| 189|   5|
| 187| 20| 171|  2| 166|  0| 166|  0|   166 |     0|       173 |          6| 185|   4|
| 173| 14| 184| 13| 166|  0| 166|  0|   166 |     0|       176 |          3| 184|   1|
| 176|  3| 159| 25| 166|  0| 166|  0|   166 |     0|       187 |         11| 180|   4|
| 165| 11| 157|  2| 167|  1| 167|  1|   167 |     1|       166 |         21| 178|   2|
| 166|  1|  22| 65| 167|  0| 167|  0|   167 |     0|       165 |          1| 172|   6|
| 172|  6|  25|  3| 167|  0| 167|  0|   167 |     0|       172 |          7| 183|  11|
| 185| 13|  29|  4| 167|  0| 167|  0|   167 |     0|       178 |          6| 188|   5|
| 184|  1|  15| 14| 167|  0| 167|  0|   167 |     0|       180 |          2| 189|   1|
| 178|  6|  37| 22| 167|  0| 167|  0|   167 |     0|       184 |          4| 167|  22|
| 180|  2|  49| 12| 167|  0| 167|  0|   167 |     0|       185 |          1| 166|   1|
| 188|  8|  73| 24| 167|  0| 167|  0|   167 |     0|       188 |          3| 158|   8|
| 189|  1|  71|  2| 167|  0| 167|  0|   167 |     0|       189 |          1| 145|  13|
| 183|  6|  80|  9| 167|  0| 167|  0|   167 |     0|       183 |          6| 142|   3|
| 167| 16|  76|  4| 167|  0| 167|  0|   167 |     0|       167 |         16| 142|   0|
| 166|  1|  84|  8| 168|  1| 168|  1|   168 |     1|       166 |          1| 131|  11|
| 158|  8|  62| 22| 168|  0| 168|  0|   168 |     0|       158 |          8| 151|  20|
| 142| 16|  85| 23| 168|  0| 168|  0|   168 |     0|       145 |         13| 152|   1|
| 145|  3|  87|  2| 168|  0| 168|  0|   168 |     0|       142 |          3| 152|   0|
| 131| 14|  86|  1| 168|  0| 168|  0|   168 |     0|       142 |          0| 168|  16|
| 142| 11|  80|  6| 168|  0| 168|  0|   168 |     0|       131 |         11| 169|   1|
| 152| 10|  94| 14| 169|  1| 169|  1|   169 |     1|       151 |         20| 165|   4|
| 152|  0|  89|  5| 169|  0| 169|  0|   169 |     0|       152 |          1| 159|   6|
| 151|  1| 108| 19| 169|  0| 169|  0|   169 |     0|       152 |          0| 151|   8|
| 169| 18| 108|  0| 169|  0| 169|  0|   169 |     0|       168 |         16| 148|   3|
| 168|  1| 114|  6| 169|  0| 169|  0|   169 |     0|       169 |          1| 177|  29|
| 165|  3| 109|  5| 169|  0| 169|  0|   169 |     0|       165 |          4| 145|  32|
| 177| 12| 128| 19| 169|  0| 169|  0|   169 |     0|       159 |          6| 128|  17|
| 159| 18| 125|  3| 169|  0| 169|  0|   169 |     0|       151 |          8| 113|  15|
| 151|  8| 140| 15| 170|  1| 170|  1|   170 |     1|       148 |          3| 111|   2|
| 148|  3| 142|  2| 170|  0| 170|  0|   170 |     0|       177 |         29| 108|   3|
| 145|  3| 152| 10| 171|  1| 171|  1|   171 |     1|       145 |         32| 104|   4|
| 128| 17| 145|  7| 171|  0| 171|  0|   171 |     0|       128 |         17| 113|   9|
| 111| 17| 141|  4| 171|  0| 171|  0|   171 |     0|       113 |         15| 118|   5|
| 113|  2| 128| 13| 172|  1| 172|  1|   172 |     1|       111 |          2| 128|  10|
| 108|  5| 120|  8| 172|  0| 172|  0|   172 |     0|       108 |          3| 129|   1|
| 104|  4| 120|  0| 172|  0| 172|  0|   172 |     0|       104 |          4| 111|  18|
| 113|  9| 125|  5| 172|  0| 172|  0|   172 |     0|       113 |          9| 107|   4|
| 129| 16| 119|  6| 172|  0| 172|  0|   172 |     0|       118 |          5|  88|  19|
| 118| 11| 116|  3| 172|  0| 172|  0|   172 |     0|       128 |         10|  82|   6|
| 128| 10|  82| 34| 172|  0| 172|  0|   172 |     0|       129 |          1|  77|   5|
| 111| 17|  81|  1| 172|  0| 172|  0|   172 |     0|       111 |         18|  77|   0|
| 107|  4|  14| 67| 173|  1| 173|  1|   173 |     1|       107 |          4|  78|   1|
|  82| 25|  12|  2| 173|  0| 173|  0|   173 |     0|        88 |         19|  89|  11|
|  77|  5|   8|  4| 173|  0| 173|  0|   173 |     0|        82 |          6| 105|  16|
|  88| 11|   2|  6| 173|  0| 173|  0|   173 |     0|        77 |          5| 118|  13|
|  89|  1| 191| 11| 173|  0| 173|  0|   173 |     0|        77 |          0|  99|  19|
|  78| 11| 198|  7| 173|  0| 173|  0|   173 |     0|        78 |          1|  97|   2|
|  77|  1| 183| 15| 173|  0| 173|  0|   173 |     0|        89 |         11|  97|   0|
| 118| 41| 172| 11| 173|  0| 173|  0|   173 |     0|       105 |         16|  92|   5|
| 105| 13| 171|  1| 173|  0| 173|  0|   173 |     0|       118 |         13| 128|  36|
|  92| 13| 167|  4| 173|  0| 173|  0|   173 |     0|        99 |         19| 130|   2|
|  97|  5| 164|  3| 174|  1| 174|  1|   174 |     1|        97 |          2| 132|   2|
|  97|  0| 173|  9| 174|  0| 174|  0|   174 |     0|        97 |          0| 132|   0|
|  99|  2| 180|  7| 174|  0| 174|  0|   174 |     0|        92 |          5| 127|   5|
| 128| 29| 173|  7| 174|  0| 174|  0|   174 |     0|       128 |         36| 127|   0|
| 130|  2| 178|  5| 174|  0| 174|  0|   174 |     0|       130 |          2| 156|  29|
| 127|  3| 174|  4| 174|  0| 174|  0|   174 |     0|       132 |          2|  54|  98|
| 127|  0| 168|  6| 174|  0| 174|  0|   174 |     0|       132 |          0|  34|  20|
| 132|  5| 147| 21| 174|  0| 174|  0|   174 |     0|       127 |          5|  17|  17|
| 132|  0| 151|  4| 175|  1| 175|  1|   175 |     1|       127 |          0|  17|   0|
| 156| 24| 145|  6| 176|  1| 176|  1|   176 |     1|       156 |         29|  21|   4|
|  17| 61|  90| 55| 176|  0| 176|  0|   176 |     0|        54 |         98|  27|   6|
|  17|  0|  94|  4| 176|  0| 176|  0|   176 |     0|        34 |         20|  29|   2|
|  34| 17|  94|  0| 176|  0| 176|  0|   176 |     0|        17 |         17|  51|  22|
|  54| 20|  94|  0| 176|  0| 176|  0|   176 |     0|        17 |          0|  54|   3|
|  54|  0|  88|  6| 176|  0| 176|  0|   176 |     0|        21 |          4|  45|   9|
|  51|  3| 115| 27| 177|  1| 177|  1|   177 |     1|        27 |          6|  44|   1|
|  29| 22| 132| 17| 177|  0| 177|  0|   177 |     0|        29 |          2|  39|   5|
|  27|  2| 135|  3| 177|  0| 177|  0|   177 |     0|        51 |         22|  58|  19|
|  21|  6| 136|  1| 177|  0| 177|  0|   177 |     0|        54 |          3|  63|   5|
|  44| 23| 143|  7| 177|  0| 177|  0|   177 |     0|        45 |          9|  54|   9|
|  39|  5| 156| 13| 178|  1| 178|  1|   178 |     1|        44 |          1|  43|  11|
|  58| 19| 164|  8| 178|  0| 178|  0|   178 |     0|        39 |          5|  33|  10|
|  63|  5| 149| 15| 178|  0| 178|  0|   178 |     0|        58 |         19|  25|   8|
|  45| 18| 166| 17| 178|  0| 178|  0|   178 |     0|        63 |          5|  25|   0|
|  54|  9|  43| 77| 178|  0| 178|  0|   178 |     0|        54 |          9| 155|  70|
|  43| 11|  46|  3| 178|  0| 178|  0|   178 |     0|        43 |         11| 156|   1|
|  33| 10|  42|  4| 179|  1| 179|  1|   179 |     1|        33 |         10| 166|  10|
|  25|  8|  89| 47| 179|  0| 179|  0|   179 |     0|        25 |          8| 169|   3|
|  25|  0|  85|  4| 179|  0| 179|  0|   179 |     0|        25 |          0| 178|   9|
| 178| 47|  62| 23| 180|  1| 180|  1|   180 |     1|       155 |         70| 160|  18|
| 166| 12|  47| 15| 180|  0| 180|  0|   180 |     0|       156 |          1| 160|   0|
| 169|  3|  47|  0| 180|  0| 180|  0|   180 |     0|       166 |         10| 159|   1|
| 156| 13|  53|  6| 180|  0| 180|  0|   180 |     0|       169 |          3| 159|   0|
| 155|  1|  37| 16| 180|  0| 180|  0|   180 |     0|       178 |          9| 153|   6|
| 160|  5|  52| 15| 181|  1| 181|  1|   181 |     1|       160 |         18| 183|  30|
| 153|  7|  54|  2| 181|  0| 181|  0|   181 |     0|       160 |          0| 184|   1|
| 159|  6|  55|  1| 181|  0| 181|  0|   181 |     0|       159 |          1| 184|   0|
| 160|  1|  37| 18| 182|  1| 182|  1|   182 |     1|       159 |          0| 189|   5|
| 159|  1|  45|  8| 182|  0| 182|  0|   182 |     0|       153 |          6| 190|   1|
| 184| 25|  50|  5| 182|  0| 182|  0|   182 |     0|       183 |         30| 188|   2|
| 189|  5|  65| 15| 182|  0| 182|  0|   182 |     0|       184 |          1| 181|   7|
| 184|  5|  59|  6| 182|  0| 182|  0|   182 |     0|       184 |          0| 172|   9|
| 183|  1|  54|  5| 183|  1| 183|  1|   183 |     1|       189 |          5| 169|   3|
| 190|  7|  51|  3| 183|  0| 183|  0|   183 |     0|       190 |          1| 193|  24|
| 188|  2|  56|  5| 183|  0| 183|  0|   183 |     0|       188 |          2| 187|   6|
| 193|  5|  70| 14| 183|  0| 183|  0|   183 |     0|       181 |          7| 176|  11|
| 169| 24|  93| 23| 184|  1| 184|  1|   184 |     1|       172 |          9| 173|   3|
| 172|  3|  97|  4| 184|  0| 184|  0|   184 |     0|       169 |          3| 166|   7|
| 181|  9|  99|  2| 184|  0| 184|  0|   184 |     0|       193 |         24| 165|   1|
|   1| 20|  97|  2| 184|  0| 184|  0|   184 |     0|       182 |         11|   6|  41|
|   4|  3| 100|  3| 184|  0| 184|  0|   184 |     0|         6 |         24|   4|   2|
|   4|  0|  83| 17| 184|  0| 184|  0|   184 |     0|         4 |          2|   4|   0|
|   6|  2|  82|  1| 184|  0| 184|  0|   184 |     0|         4 |          0|   1|   3|
| 182| 24| 100| 18| 184|  0| 184|  0|   184 |     0|         1 |          3| 182|  19|
| 145| 37| 103|  3| 185|  1| 185|  1|   185 |     1|        75 |         74|  77|  95|
| 134| 11| 104|  1| 185|  0| 185|  0|   185 |     0|        91 |         16|  76|   1|
|  91| 43| 126| 22| 185|  0| 185|  0|   185 |     0|        91 |          0|  65|  11|
|  91|  0| 121|  5| 186|  1| 186|  1|   186 |     1|       134 |         43|  50|  15|
|  75| 16| 122|  1| 187|  1| 187|  1|   187 |     1|       145 |         11|  49|   1|
|  76|  1| 117|  5| 187|  0| 187|  0|   187 |     0|        77 |         68|  54|   5|
|  77|  1| 126|  9| 187|  0| 187|  0|   187 |     0|        76 |          1|  55|   1|
|  65| 12| 133|  7| 187|  0| 187|  0|   187 |     0|        65 |         11|  57|   2|
|  49| 16| 134|  1| 187|  0| 187|  0|   187 |     0|        50 |         15|  63|   6|
|  50|  1| 142|  8| 187|  0| 187|  0|   187 |     0|        49 |          1|  43|  20|
|  54|  4| 121| 21| 188|  1| 188|  1|   188 |     1|        54 |          5|  48|   5|
|  57|  3| 150| 29| 188|  0| 188|  0|   188 |     0|        55 |          1| 194|  54|
|  63|  6| 138| 12| 188|  0| 188|  0|   188 |     0|        57 |          2| 195|   1|
|  55|  8| 138|  0| 188|  0| 188|  0|   188 |     0|        63 |          6| 198|   3|
|  43| 12| 147|  9| 188|  0| 188|  0|   188 |     0|        43 |         20|   1|   3|
|  48|  5| 142|  5| 188|  0| 188|  0|   188 |     0|        48 |          5|  37|  36|
|   1| 47| 172| 30| 188|  0| 188|  0|   188 |     0|       194 |         54|  53|  16|
| 194|  7| 122| 50| 188|  0| 188|  0|   188 |     0|       195 |          1|  56|   3|
| 195|  1| 134| 12| 189|  1| 189|  1|   189 |     1|       198 |          3|  65|   9|
| 198|  3| 141|  7| 189|  0| 189|  0|   189 |     0|         1 |          3|  69|   4|
|  37| 39| 146|  5| 189|  0| 189|  0|   189 |     0|        37 |         36|  91|  22|
|  53| 16| 142|  4| 189|  0| 189|  0|   189 |     0|        53 |         16|  96|   5|
|  56|  3| 141|  1| 189|  0| 189|  0|   189 |     0|        56 |          3| 124|  28|
|  65|  9| 137|  4| 189|  0| 189|  0|   189 |     0|        65 |          9| 129|   5|
|  69|  4| 132|  5| 190|  1| 190|  1|   190 |     1|        69 |          4| 137|   8|
|  91| 22| 142| 10| 190|  0| 190|  0|   190 |     0|        91 |         22| 129|   8|
|  96|  5| 157| 15| 190|  0| 190|  0|   190 |     0|        96 |          5| 127|   2|
| 137| 41| 131| 26| 190|  0| 190|  0|   190 |     0|       124 |         28| 125|   2|
| 129|  8| 125|  6| 190|  0| 190|  0|   190 |     0|       129 |          5| 138|  13|
| 124|  5| 140| 15| 191|  1| 191|  1|   191 |     1|       137 |          8| 154|  16|
| 127|  3| 104| 36| 191|  0| 191|  0|   191 |     0|       129 |          8| 148|   6|
| 129|  2| 126| 22| 192|  1| 192|  1|   192 |     1|       127 |          2| 146|   2|
| 125|  4| 131|  5| 192|  0| 192|  0|   192 |     0|       125 |          2| 143|   3|
| 154| 29| 132|  1| 192|  0| 192|  0|   192 |     0|       138 |         13| 132|  11|
| 138| 16| 129|  3| 192|  0| 192|  0|   192 |     0|       154 |         16| 131|   1|
| 132|  6| 132|  3| 192|  0| 192|  0|   192 |     0|       148 |          6| 143|  12|
| 131|  1| 128|  4| 193|  1| 193|  1|   193 |     1|       146 |          2| 145|   2|
| 143| 12| 147| 19| 193|  0| 193|  0|   193 |     0|       143 |          3| 145|   0|
| 148|  5| 157| 10| 193|  0| 193|  0|   193 |     0|       132 |         11| 146|   1|
| 146|  2| 148|  9| 193|  0| 193|  0|   193 |     0|       131 |          1| 161|  15|
| 145|  1| 149|  1| 194|  1| 194|  1|   194 |     1|       143 |         12| 168|   7|
| 145|  0| 157|  8| 194|  0| 194|  0|   194 |     0|       145 |          2| 176|   8|
| 146|  1| 151|  6| 194|  0| 194|  0|   194 |     0|       145 |          0| 176|   0|
| 143|  3| 130| 21| 195|  1| 195|  1|   195 |     1|       146 |          1| 177|   1|
| 161| 18| 152| 22| 195|  0| 195|  0|   195 |     0|       161 |         15| 178|   1|
| 168|  7| 123| 29| 195|  0| 195|  0|   195 |     0|       168 |          7| 174|   4|
| 177|  9| 155| 32| 195|  0| 195|  0|   195 |     0|       176 |          8| 174|   0|
| 178|  1| 167| 12| 196|  1| 196|  1|   196 |     1|       176 |          0| 174|   0|
| 176|  2| 151| 16| 196|  0| 196|  0|   196 |     0|       177 |          1| 168|   6|
| 176|  0| 120| 31| 196|  0| 196|  0|   196 |     0|       178 |          1| 167|   1|
| 174|  2| 120|  0| 197|  1| 197|  1|   197 |     1|       174 |          4| 173|   6|
| 174|  0| 117|  3| 197|  0| 197|  0|   197 |     0|       174 |          0| 181|   8|
| 174|  0| 121|  4| 197|  0| 197|  0|   197 |     0|       174 |          0| 164|  17|
| 168|  6| 109| 12| 197|  0| 197|  0|   197 |     0|       168 |          6| 157|   7|
| 167|  1| 107|  2| 197|  0| 197|  0|   197 |     0|       167 |          1| 153|   4|
| 181| 14| 113|  6| 198|  1| 198|  1|   198 |     1|       173 |          6| 151|   2|
| 173|  8| 130| 17| 198|  0| 198|  0|   198 |     0|       181 |          8| 140|  11|
| 157| 16| 167| 37| 198|  0| 198|  0|   198 |     0|       164 |         17| 137|   3|
| 153|  4| 153| 14| 198|  0| 198|  0|   198 |     0|       157 |          7| 155|  18|
| 164| 11| 134| 19| 198|  0| 198|  0|   198 |     0|       153 |          4| 166|  11|
| 137| 27| 139|  5| 198|  0| 198|  0|   198 |     0|       151 |          2|  15|  49|
| 140|  3| 123| 16| 198|  0| 198|  0|   198 |     0|       140 |         11|  14|   1|
| 155| 15| 118|  5| 199|  1| 199|  1|   199 |     1|       137 |          3|   3|  11|
| 151|  4| 147| 29| 199|  0| 199|  0|   199 |     0|       155 |         18| 196|   7|
| 166| 15| 124| 23| 199|  0| 199|  0|   199 |     0|       166 |         11| 199|   3|
|  15| 49| 114| 10| 199|  0| 199|  0|   199 |     0|        15 |         49| 145|  54|
|  14|  1| 109|  5| 200|  1| 200|  1|   200 |     1|        14 |          1| 134|  11|
| 196| 18| 119| 10| 200|  0| 200|  0|   200 |     0|         3 |         11|  91|  43|
|   3|  7| 123|  4| 200|  0| 200|  0|   200 |     0|       196 |          7|  91|   0|
--------------------------------------------------------------------------------------
|  144 ns|  244 ns|   63 ns|   78 ns|         87 ns|                  27 ns|   141 ns|
--------------------------------------------------------------------------------------
|   10 ns|   10 ns|    0 ns|    0 ns|          0 ns|                  10 ns|    11 ns|
--------------------------------------------------------------------------------------
|  FIFO  |  LIFO  |  SSTF  |  SCAN  |    C-SCAN    |      N-STEP-SCAN      |  FSCAN  |
--------------------------------------------------------------------------------------
