
The table is organized as such:
| Policy Name |
| Starting Track |
| Next track | Tracks Moved |
| ... |
| Average Seek Length |
| Average Seek Time |
--------------------------------------------------------------------------------------
|  FIFO  |  LIFO  |  SSTF  |  SCAN  |    C-SCAN    |      N-STEP-SCAN      |  FSCAN  |
--------------------------------------------------------------------------------------
|     1  |     1  |     1  |     1  |         1    |                1      |      1  |
--------------------------------------------------------------------------------------
| 124| 77|  90| 89|   1|  0|   1|  0|     1 |     0|        78 |         77|  78|  77|
| 129|  5|  83|  7|   1|  0|   1|  0|     1 |     0|       102 |         24| 102|  24|
| 102| 27|  88|  5|   1|  0|   1|  0|     1 |     0|       104 |          2| 104|   2|
|  78| 24|  86|  2|   1|  0|   1|  0|     1 |     0|       124 |         20| 124|  20|
| 104| 26|  93|  7|   1|  0|   1|  0|     1 |     0|       129 |          5| 129|   5|
| 100|  4|  87|  6|   1|  0|   1|  0|     1 |     0|       102 |         27|  91|  38|
|  94|  6| 109| 22|   1|  0|   1|  0|     1 |     0|       100 |          2|  62|  29|
|  94|  0| 114|  5|   1|  0|   1|  0|     1 |     0|        94 |          6|  62|   0|
| 102|  8| 117|  3|   1|  0|   1|  0|     1 |     0|        94 |          0|  58|   4|
|  86| 16|  88| 29|   1|  0|   1|  0|     1 |     0|        86 |          8|  53|   5|
|  91|  5|  94|  6|   1|  0|   1|  0|     1 |     0|        91 |          5|  63|  10|
|  62| 29|  94|  0|   1|  0|   1|  0|     1 |     0|        62 |         29|  64|   1|
|  58|  4|  94|  0|   2|  1|   2|  1|     2 |     1|        62 |          0| 147|  83|
|  53|  5|  85|  9|   2|  0|   2|  0|     2 |     0|        58 |          4| 197|  50|
|  62|  9|  78|  7|   2|  0|   2|  0|     2 |     0|        53 |          5|   1|   4|
|  64|  2|  91| 13|   2|  0|   2|  0|     2 |     0|        63 |         10| 145|  56|
|  63|  1|  91|  0|   2|  0|   2|  0|     2 |     0|        64 |          1| 146|   1|
|   1| 62|  86|  5|   3|  1|   3|  1|     3 |     1|       147 |         83| 153|   7|
| 197|  4|  88|  2|   3|  0|   3|  0|     3 |     0|       197 |         50| 153|   0|
| 147| 50|  84|  4|   3|  0|   3|  0|     3 |     0|         1 |          4| 155|   2|
| 146|  1|  81|  3|   3|  0|   3|  0|     3 |     0|       145 |         56| 151|   4|
| 155|  9|  82|  1|   4|  1|   4|  1|     4 |     1|       146 |          1| 151|   0|
| 153|  2|  84|  2|   4|  0|   4|  0|     4 |     0|       153 |          7| 157|   6|
| 145|  8|  84|  0|   4|  0|   4|  0|     4 |     0|       153 |          0| 167|  10|
| 153|  8|  82|  2|   4|  0|   4|  0|     4 |     0|       155 |          2| 174|   7|
| 151|  2|  91|  9|   5|  1|   5|  1|     5 |     1|       151 |          4| 172|   2|
| 151|  0|  91|  0|   5|  0|   5|  0|     5 |     0|       151 |          0| 170|   2|
| 157|  6|  94|  3|   5|  0|   5|  0|     5 |     0|       157 |          6| 165|   5|
| 174| 17|  94|  0|   5|  0|   5|  0|     5 |     0|       167 |         10| 163|   2|
| 167|  7|  67| 27|   5|  0|   5|  0|     5 |     0|       174 |          7| 176|  13|
| 165|  2|  62|  5|   6|  1|   6|  1|     6 |     1|       172 |          2| 176|   0|
| 170|  5|  62|  0|   6|  0|   6|  0|     6 |     0|       170 |          2| 172|   4|
| 176|  6|  69|  7|   6|  0|   6|  0|     6 |     0|       165 |          5| 168|   4|
| 163| 13|  76|  7|   6|  0|   6|  0|     6 |     0|       163 |          2| 152|  16|
| 172|  9|  78|  2|   6|  0|   6|  0|     6 |     0|       176 |         13| 180|  28|
| 172|  0|  87|  9|   8|  2|   8|  2|     8 |     2|       176 |          0| 160|  20|
| 168|  4|  30| 57|   8|  0|   8|  0|     8 |     0|       172 |          4| 153|   7|
| 176|  8|  32|  2|   8|  0|   8|  0|     8 |     0|       168 |          4|  47|  94|
| 180|  4|  41|  9|   8|  0|   8|  0|     8 |     0|       152 |         16|  28|  19|
| 152| 28|  42|  1|   9|  1|   9|  1|     9 |     1|       180 |         28|  26|   2|
| 153|  1|  90| 48|   9|  0|   9|  0|     9 |     0|       160 |         20|  21|   5|
| 160|  7|  81|  9|   9|  0|   9|  0|     9 |     0|       153 |          7|  10|  11|
|  47| 87|  80|  1|   9|  0|   9|  0|     9 |     0|        47 |         94|   5|   5|
|  28| 19|  76|  4|  10|  1|  10|  1|    10 |     1|        28 |         19|   5|   0|
|  26|  2|  82|  6|  10|  0|  10|  0|    10 |     0|        26 |          2|   2|   3|
|  21|  5|  68| 14|  10|  0|  10|  0|    10 |     0|        21 |          5|  86|  84|
|  10| 11|  65|  3|  10|  0|  10|  0|    10 |     0|        10 |         11|  94|   8|
|   5|  5|  58|  7|  10|  0|  10|  0|    10 |     0|         5 |          5|  94|   0|
|   2|  3|  57|  1|  10|  0|  10|  0|    10 |     0|         5 |          0| 100|   6|
|   5|  3|  76| 19|  11|  1|  11|  1|    11 |     1|         2 |          3| 102|   2|
|  10|  5|  50| 26|  11|  0|  11|  0|    11 |     0|        10 |          8| 153|  51|
| 188| 22|  54|  4|  11|  0|  11|  0|    11 |     0|       158 |         52| 154|   1|
| 166| 22|  48|  6|  11|  0|  11|  0|    11 |     0|       166 |          8| 155|   1|
| 180| 14|  42|  6|  11|  0|  11|  0|    11 |     0|       180 |         14| 160|   5|
| 158| 22|  48|  6|  11|  0|  11|  0|    11 |     0|       188 |          8| 163|   3|
| 153|  5|  54|  6|  12|  1|  12|  1|    12 |     1|       163 |         25| 158|   5|
| 154|  1|  39| 15|  12|  0|  12|  0|    12 |     0|       160 |          3|  10|  52|
| 160|  6|  39|  0|  13|  1|  13|  1|    13 |     1|       155 |          5| 166|  44|
| 155|  5|  40|  1|  13|  0|  13|  0|    13 |     0|       154 |          1| 180|  14|
| 163|  8|  33|  7|  13|  0|  13|  0|    13 |     0|       153 |          1| 188|   8|
| 162|  1|  24|  9|  14|  1|  14|  1|    14 |     1|       160 |          7| 162|  26|
| 162|  0|  16|  8|  14|  0|  14|  0|    14 |     0|       162 |          2| 162|   0|
| 160|  2|  30| 14|  15|  1|  15|  1|    15 |     1|       162 |          0| 160|   2|
| 147| 13|  24|  6|  15|  0|  15|  0|    15 |     0|       151 |         11| 151|   9|
| 151|  4|  24|  0|  15|  0|  15|  0|    15 |     0|       147 |          4| 147|   4|
| 174| 23|  23|  1|  15|  0|  15|  0|    15 |     0|       154 |          7| 154|   7|
| 154| 20|  22|  1|  15|  0|  15|  0|    15 |     0|       162 |          8| 162|   8|
| 162|  8|  34| 12|  15|  0|  15|  0|    15 |     0|       166 |          4| 166|   4|
| 166|  4| 199| 35|  16|  1|  16|  1|    16 |     1|       168 |          2| 168|   2|
| 168|  2|   3|  4|  16|  0|  16|  0|    16 |     0|       174 |          6| 174|   6|
| 161|  7|   2|  1|  16|  0|  16|  0|    16 |     0|       173 |          1| 179|   5|
| 166|  5|  26| 24|  16|  0|  16|  0|    16 |     0|       172 |          1| 182|   3|
| 173|  7|  16| 10|  16|  0|  16|  0|    16 |     0|       166 |          6| 196|  14|
| 172|  1|  11|  5|  16|  0|  16|  0|    16 |     0|       161 |          5| 169|  27|
| 179|  7|  24| 13|  16|  0|  16|  0|    16 |     0|       179 |         18| 164|   5|
| 179|  0|  27|  3|  16|  0|  16|  0|    16 |     0|       179 |          0| 142|  22|
| 196| 17|  31|  4|  16|  0|  16|  0|    16 |     0|       169 |         10| 135|   7|
| 169| 27|  36|  5|  16|  0|  16|  0|    16 |     0|       164 |          5| 131|   4|
| 182| 13|  52| 16|  17|  1|  17|  1|    17 |     1|       182 |         18| 130|   1|
| 164| 18|  55|  3|  17|  0|  17|  0|    17 |     0|       196 |         14| 127|   3|
| 142| 22|  51|  4|  17|  0|  17|  0|    17 |     0|       142 |         54| 130|   3|
| 131| 11|  45|  6|  17|  0|  17|  0|    17 |     0|       135 |          7| 132|   2|
| 130|  1|  60| 15|  18|  1|  18|  1|    18 |     1|       131 |          4| 139|   7|
| 127|  3|  51|  9|  18|  0|  18|  0|    18 |     0|       130 |          1| 154|  15|
| 135|  8|  45|  6|  19|  1|  19|  1|    19 |     1|       127 |          3| 155|   1|
| 130|  5|  38|  7|  19|  0|  19|  0|    19 |     0|       130 |          3| 158|   3|
| 132|  2|  29|  9|  20|  1|  20|  1|    20 |     1|       132 |          2| 160|   2|
| 139|  7|  19| 10|  20|  0|  20|  0|    20 |     0|       139 |          7| 161|   1|
| 155| 16| 199| 20|  20|  0|  20|  0|    20 |     0|       154 |         15| 167|   6|
| 154|  1|   1|  2|  21|  1|  21|  1|    21 |     1|       155 |          1| 168|   1|
| 158|  4| 145| 56|  21|  0|  21|  0|    21 |     0|       158 |          3| 160|   8|
| 161|  3| 155| 10|  21|  0|  21|  0|    21 |     0|       160 |          2| 128|  32|
| 168|  7| 152|  3|  21|  0|  21|  0|    21 |     0|       161 |          1| 126|   2|
| 167|  1| 182| 30|  21|  0|  21|  0|    21 |     0|       167 |          6| 125|   1|
| 160|  7| 183|  1|  21|  0|  21|  0|    21 |     0|       168 |          1| 123|   2|
| 160|  0| 184|  1|  21|  0|  21|  0|    21 |     0|       160 |          8| 105|  18|
| 125| 35| 184|  0|  21|  0|  21|  0|    21 |     0|       128 |         32| 128|  23|
| 128|  3| 178|  6|  21|  0|  21|  0|    21 |     0|       126 |          2| 134|   6|
| 126|  2| 175|  3|  21|  0|  21|  0|    21 |     0|       125 |          1| 154|  20|
| 123|  3| 174|  1|  22|  1|  22|  1|    22 |     1|       123 |          2| 169|  15|
| 105| 18| 150| 24|  22|  0|  22|  0|    22 |     0|       105 |         18| 161|   8|
| 128| 23| 174| 24|  22|  0|  22|  0|    22 |     0|       128 |         23| 153|   8|
| 134|  6| 181|  7|  22|  0|  22|  0|    22 |     0|       134 |          6| 152|   1|
| 169| 35| 181|  0|  23|  1|  23|  1|    23 |     1|       154 |         20| 144|   8|
| 154| 15| 183|  2|  23|  0|  23|  0|    23 |     0|       169 |         15| 180|  36|
| 161|  7| 130| 53|  23|  0|  23|  0|    23 |     0|       161 |          8| 178|   2|
| 144| 17| 133|  3|  24|  1|  24|  1|    24 |     1|       153 |          8| 164|  14|
| 153|  9| 127|  6|  24|  0|  24|  0|    24 |     0|       152 |          1| 161|   3|
| 152|  1| 131|  4|  24|  0|  24|  0|    24 |     0|       144 |          8| 151|  10|
| 180| 28|  96| 35|  24|  0|  24|  0|    24 |     0|       180 |         36| 151|   0|
| 178|  2|  94|  2|  25|  1|  25|  1|    25 |     1|       178 |          2| 151|   0|
| 164| 14|  88|  6|  25|  0|  25|  0|    25 |     0|       164 |         14| 149|   2|
| 161|  3|  71| 17|  25|  0|  25|  0|    25 |     0|       161 |          3| 153|   4|
| 151| 10|  76|  5|  25|  0|  25|  0|    25 |     0|       151 |         10| 153|   0|
| 151|  0|  73|  3|  26|  1|  26|  1|    26 |     1|       151 |          0| 155|   2|
| 151|  0|  61| 12|  26|  0|  26|  0|    26 |     0|       151 |          0| 162|   7|
| 155|  4|  59|  2|  26|  0|  26|  0|    26 |     0|       149 |          2| 163|   1|
| 149|  6|  48| 11|  26|  0|  26|  0|    26 |     0|       153 |          4| 166|   3|
| 153|  4|  40|  8|  27|  1|  27|  1|    27 |     1|       153 |          0| 169|   3|
| 153|  0|  48|  8|  27|  0|  27|  0|    27 |     0|       155 |          2| 169|   0|
| 166| 13|  55|  7|  27|  0|  27|  0|    27 |     0|       162 |          7|  22|  53|
| 163|  3|  53|  2|  27|  0|  27|  0|    27 |     0|       163 |          1|  16|   6|
| 162|  1|  52|  1|  27|  0|  27|  0|    27 |     0|       166 |          3|  16|   0|
| 169|  7|  41| 11|  28|  1|  28|  1|    28 |     1|       169 |          3|  11|   5|
| 169|  0|  39|  2|  28|  0|  28|  0|    28 |     0|       169 |          0|  10|   1|
|  10| 41|  39|  0|  28|  0|  28|  0|    28 |     0|        22 |         53|  37|  27|
|  11|  1|  43|  4|  29|  1|  29|  1|    29 |     1|        16 |          6|  41|   4|
|  16|  5| 191| 52|  29|  0|  29|  0|    29 |     0|        16 |          0|  50|   9|
|  16|  0| 150| 41|  29|  0|  29|  0|    29 |     0|        11 |          5|  50|   0|
|  22|  6| 150|  0|  30|  1|  30|  1|    30 |     1|        10 |          1|  55|   5|
|  37| 15| 157|  7|  30|  0|  30|  0|    30 |     0|        37 |         27|  55|   0|
|  41|  4| 129| 28|  31|  1|  31|  1|    31 |     1|        41 |          4|  54|   1|
|  50|  9| 111| 18|  31|  0|  31|  0|    31 |     0|        50 |          9|  58|   4|
|  55|  5| 130| 19|  31|  0|  31|  0|    31 |     0|        50 |          0|  61|   3|
|  50|  5| 128|  2|  31|  0|  31|  0|    31 |     0|        55 |          5|  76|  15|
|  54|  4| 133|  5|  32|  1|  32|  1|    32 |     1|        55 |          0|  79|   3|
|  58|  4| 124|  9|  32|  0|  32|  0|    32 |     0|        54 |          1|  85|   6|
|  61|  3| 125|  1|  32|  0|  32|  0|    32 |     0|        58 |          4|  67|  18|
|  55|  6| 112| 13|  32|  0|  32|  0|    32 |     0|        61 |          3|  62|   5|
|  76| 21| 115|  3|  33|  1|  33|  1|    33 |     1|        76 |         15|  60|   2|
|  85|  9| 140| 25|  33|  0|  33|  0|    33 |     0|        79 |          3|  68|   8|
|  79|  6| 131|  9|  33|  0|  33|  0|    33 |     0|        85 |          6|  87|  19|
|  62| 17| 144| 13|  34|  1|  34|  1|    34 |     1|        67 |         18|  94|   7|
|  60|  2| 144|  0|  34|  0|  34|  0|    34 |     0|        62 |          5| 114|  20|
|  67|  7| 149|  5|  34|  0|  34|  0|    34 |     0|        60 |          2| 116|   2|
|  68|  1| 166| 17|  35|  1|  35|  1|    35 |     1|        68 |          8| 115|   1|
|  87| 19| 176| 10|  35|  0|  35|  0|    35 |     0|        87 |         19| 108|   7|
|  94|  7|  11| 35|  36|  1|  36|  1|    36 |     1|        94 |          7| 106|   2|
| 116| 22|   6|  5|  36|  0|  36|  0|    36 |     0|       114 |         20| 102|   4|
| 114|  2|   6|  0|  37|  1|  37|  1|    37 |     1|       116 |          2|  99|   3|
| 115|  1| 194| 12|  37|  0|  37|  0|    37 |     0|       115 |          1| 103|   4|
| 102| 13| 197|  3|  38|  1|  38|  1|    38 |     1|       108 |          7| 107|   4|
| 108|  6| 198|  1|  38|  0|  38|  0|    38 |     0|       106 |          2|  98|   9|
| 106|  2| 194|  4|  38|  0|  38|  0|    38 |     0|       102 |          4|  95|   3|
|  99|  7| 187|  7|  38|  0|  38|  0|    38 |     0|        99 |          3|  86|   9|
| 103|  4| 178|  9|  38|  0|  38|  0|    38 |     0|       103 |          4|  86|   0|
| 107|  4| 179|  1|  39|  1|  39|  1|    39 |     1|       107 |          4|  88|   2|
|  98|  9| 175|  4|  39|  0|  39|  0|    39 |     0|        98 |          9| 100|  12|
|  95|  3| 169|  6|  39|  0|  39|  0|    39 |     0|        95 |          3| 106|   6|
|  86|  9| 167|  2|  39|  0|  39|  0|    39 |     0|        86 |          9|  76|  30|
|  88|  2| 173|  6|  39|  0|  39|  0|    39 |     0|        86 |          0|  79|   3|
|  76| 12| 171|  2|  39|  0|  39|  0|    39 |     0|        88 |          2| 100|  21|
|  86| 10| 157| 14|  39|  0|  39|  0|    39 |     0|       100 |         12| 106|   6|
| 106| 20| 159|  2|  39|  0|  39|  0|    39 |     0|       106 |          6|  75|  31|
| 100|  6| 164|  5|  39|  0|  39|  0|    39 |     0|        76 |         30|  74|   1|
| 100|  0| 176| 12|  40|  1|  40|  1|    40 |     1|        79 |          3|  67|   7|
| 106|  6| 176|  0|  40|  0|  40|  0|    40 |     0|       100 |         21|  63|   4|
|  79| 27| 172|  4|  40|  0|  40|  0|    40 |     0|       106 |          6|  63|   0|
|  75|  4| 180|  8|  40|  0|  40|  0|    40 |     0|        75 |         31|  84|  21|
|  74|  1| 181|  1|  41|  1|  41|  1|    41 |     1|        74 |          1|  99|  15|
|  67|  7| 181|  0|  41|  0|  41|  0|    41 |     0|        67 |          7| 161|  62|
|  63|  4| 182|  1|  41|  0|  41|  0|    41 |     0|        63 |          4| 166|   5|
|  63|  0| 169| 13|  41|  0|  41|  0|    41 |     0|        63 |          0| 172|   6|
|  84| 21| 166|  3|  42|  1|  42|  1|    42 |     1|        84 |         21| 173|   1|
|  99| 15| 156| 10|  42|  0|  42|  0|    42 |     0|        99 |         15| 179|   6|
|  93|  6| 143| 13|  42|  0|  42|  0|    42 |     0|        93 |          6|  52|  73|
|  74| 19| 145|  2|  43|  1|  43|  1|    43 |     1|        74 |         19|  28|  24|
|  63| 11| 144|  1|  43|  0|  43|  0|    43 |     0|        71 |          3|  27|   1|
|  71|  8| 144|  0|  43|  0|  43|  0|    43 |     0|        71 |          0|  25|   2|
|  71|  0| 143|  1|  44|  1|  44|  1|    44 |     1|        63 |          8|  21|   4|
|  52| 19| 144|  1|  44|  0|  44|  0|    44 |     0|        52 |         11|  63|  42|
|  21| 31| 157| 13|  44|  0|  44|  0|    44 |     0|        28 |         24|  71|   8|
|  28|  7| 155|  2|  44|  0|  44|  0|    44 |     0|        27 |          1|  71|   0|
|  25|  3| 163|  8|  44|  0|  44|  0|    44 |     0|        25 |          2|  74|   3|
|  27|  2| 163|  0|  44|  0|  44|  0|    44 |     0|        21 |          4|  93|  19|
|  33|  6| 154|  9|  45|  1|  45|  1|    45 |     1|        21 |          0|  39|  54|
|  34|  1| 166| 12|  45|  0|  45|  0|    45 |     0|        33 |         12|  34|   5|
|  15| 19| 169|  3|  45|  0|  45|  0|    45 |     0|        34 |          1|  33|   1|
|  21|  6| 169|  0|  45|  0|  45|  0|    45 |     0|        39 |          5|  21|  12|
|  39| 18| 166|  3|  45|  0|  45|  0|    45 |     0|        15 |         24|  15|   6|
|  44|  5| 155| 11|  45|  0|  45|  0|    45 |     0|        15 |          0|  17|   2|
|  29| 15| 155|  0|  45|  0|  45|  0|    45 |     0|        21 |          6|  18|   1|
|  21|  8| 159|  4|  46|  1|  46|  1|    46 |     1|        29 |          8|  40|  22|
|   1| 20| 173| 14|  46|  0|  46|  0|    46 |     0|        44 |         15|  47|   7|
|  15| 14| 168|  5|  46|  0|  46|  0|    46 |     0|         1 |         43|  13|  34|
|  18|  3| 157| 11|  46|  0|  46|  0|    46 |     0|        13 |         12|  40|  27|
|  17|  1| 158|  1|  46|  0|  46|  0|    46 |     0|        17 |          4|  46|   6|
|  13|  4| 155|  3|  47|  1|  47|  1|    47 |     1|        18 |          1|  46|   0|
|  47| 34| 156|  1|  47|  0|  47|  0|    47 |     0|        40 |         22|  48|   2|
|  40|  7| 162|  6|  48|  1|  48|  1|    48 |     1|        47 |          7|  50|   2|
|  40|  0| 161|  1|  48|  0|  48|  0|    48 |     0|        46 |          1|  49|   1|
|  46|  6| 155|  6|  48|  0|  48|  0|    48 |     0|        46 |          0|  51|   2|
|  46|  0| 152|  3|  48|  0|  48|  0|    48 |     0|        40 |          6|  56|   5|
|  50|  4| 139| 13|  48|  0|  48|  0|    48 |     0|        48 |          8|  60|   4|
|  48|  2| 138|  1|  48|  0|  48|  0|    48 |     0|        50 |          2|  61|   1|
|  49|  1| 141|  3|  49|  1|  49|  1|    49 |     1|        49 |          1|  55|   6|
|  51|  2| 133|  8|  49|  0|  49|  0|    49 |     0|        51 |          2|  39|  16|
|  56|  5| 129|  4|  49|  0|  49|  0|    49 |     0|        56 |          5|  64|  25|
|  60|  4| 131|  2|  50|  1|  50|  1|    50 |     1|        60 |          4|  64|   0|
|  61|  1| 129|  2|  50|  0|  50|  0|    50 |     0|        61 |          1|  92|  28|
|  55|  6| 108| 21|  50|  0|  50|  0|    50 |     0|        55 |          6|  66|  26|
|  64|  9| 112|  4|  50|  0|  50|  0|    50 |     0|        39 |         16|  61|   5|
|  64|  0| 113|  1|  50|  0|  50|  0|    50 |     0|        64 |         25|  60|   1|
|  39| 25| 131| 18|  50|  0|  50|  0|    50 |     0|        64 |          0|  60|   0|
|  92| 53| 137|  6|  50|  0|  50|  0|    50 |     0|        92 |         28|  60|   0|
|  61| 31| 140|  3|  51|  1|  51|  1|    51 |     1|        66 |         26|  16|  44|
|  60|  1| 116| 24|  51|  0|  51|  0|    51 |     0|        61 |          5|   6|  10|
|  60|  0| 131| 15|  51|  0|  51|  0|    51 |     0|        60 |          1|   3|   3|
|  60|  0| 131|  0|  51|  0|  51|  0|    51 |     0|        60 |          0| 169|  34|
|  66|  6| 146| 15|  51|  0|  51|  0|    51 |     0|        60 |          0| 180|  11|
|  16| 50| 167| 21|  51|  0|  51|  0|    51 |     0|        16 |         44| 178|   2|
|   6| 10| 176|  9|  51|  0|  51|  0|    51 |     0|         6 |         10| 163|  15|
|   3|  3|   1| 25|  51|  0|  51|  0|    51 |     0|         3 |          3| 160|   3|
| 180| 23|   3|  2|  52|  1|  52|  1|    52 |     1|       169 |         34| 146|  14|
| 169| 11|  18| 15|  52|  0|  52|  0|    52 |     0|       180 |         11| 139|   7|
| 139| 30|  22|  4|  52|  0|  52|  0|    52 |     0|       178 |          2| 167|  28|
| 146|  7|  14|  8|  52|  0|  52|  0|    52 |     0|       163 |         15| 168|   1|
| 160| 14|  17|  3|  52|  0|  52|  0|    52 |     0|       160 |          3| 168|   0|
| 163|  3|  17|  0|  53|  1|  53|  1|    53 |     1|       146 |         14| 175|   7|
| 178| 15|  36| 19|  53|  0|  53|  0|    53 |     0|       139 |          7| 180|   5|
| 175|  3|  38|  2|  53|  0|  53|  0|    53 |     0|       167 |         28| 178|   2|
| 180|  5|  26| 12|  53|  0|  53|  0|    53 |     0|       168 |          1| 162|  16|
| 168| 12|  25|  1|  53|  0|  53|  0|    53 |     0|       168 |          0| 162|   0|
| 167|  1|  39| 14|  53|  0|  53|  0|    53 |     0|       175 |          7| 182|  20|
| 168|  1|  43|  4|  53|  0|  53|  0|    53 |     0|       180 |          5| 185|   3|
| 162|  6|  62| 19|  53|  0|  53|  0|    53 |     0|       178 |          2| 173|  12|
| 162|  0|  66|  4|  54|  1|  54|  1|    54 |     1|       162 |         16| 149|  24|
| 185| 23| 133| 67|  54|  0|  54|  0|    54 |     0|       162 |          0|   8|  59|
| 182|  3| 135|  2|  54|  0|  54|  0|    54 |     0|       182 |         20|   6|   2|
| 178|  4| 156| 21|  54|  0|  54|  0|    54 |     0|       185 |          3|   1|   5|
| 149| 29| 175| 19|  54|  0|  54|  0|    54 |     0|       173 |         12| 187|  14|
| 173| 24| 188| 13|  54|  0|  54|  0|    54 |     0|       149 |         24| 189|   2|
|   1| 28| 190|  2|  55|  1|  55|  1|    55 |     1|         8 |         59| 190|   1|
|   6|  5| 199|  9|  55|  0|  55|  0|    55 |     0|         6 |          2| 190|   0|
|   8|  2| 195|  4|  55|  0|  55|  0|    55 |     0|         1 |          5| 194|   4|
| 189| 19| 193|  2|  55|  0|  55|  0|    55 |     0|       187 |         14| 192|   2|
| 194|  5|  46| 53|  55|  0|  55|  0|    55 |     0|       189 |          2| 188|   4|
| 190|  4|  59| 13|  55|  0|  55|  0|    55 |     0|       190 |          1| 180|   8|
| 187|  3|  53|  6|  56|  1|  56|  1|    56 |     1|       190 |          0| 170|  10|
| 190|  3|  54|  1|  56|  0|  56|  0|    56 |     0|       194 |          4| 166|   4|
| 180| 10|  57|  3|  56|  0|  56|  0|    56 |     0|       192 |          2| 178|  12|
| 192| 12|  80| 23|  56|  0|  56|  0|    56 |     0|       188 |          4| 182|   4|
| 188|  4|  71|  9|  57|  1|  57|  1|    57 |     1|       180 |          8| 183|   1|
| 170| 18|  70|  1|  57|  0|  57|  0|    57 |     0|       170 |         10| 132|  51|
| 166|  4|  70|  0|  57|  0|  57|  0|    57 |     0|       166 |          4|   9|  77|
| 183| 17| 102| 32|  58|  1|  58|  1|    58 |     1|       178 |         12| 132|  77|
| 178|  5| 102|  0|  58|  0|  58|  0|    58 |     0|       182 |          4| 150|  18|
| 182|  4|  97|  5|  58|  0|  58|  0|    58 |     0|       183 |          1| 152|   2|
|   9| 27|  92|  5|  58|  0|  58|  0|    58 |     0|       132 |         51| 172|  20|
| 132| 77| 112| 20|  59|  1|  59|  1|    59 |     1|         9 |         77| 178|   6|
| 132|  0| 112|  0|  59|  0|  59|  0|    59 |     0|       132 |         77| 178|   0|
| 152| 20| 122| 10|  59|  0|  59|  0|    59 |     0|       150 |         18| 174|   4|
| 150|  2| 118|  4|  60|  1|  60|  1|    60 |     1|       152 |          2| 168|   6|
| 172| 22| 121|  3|  60|  0|  60|  0|    60 |     0|       172 |         20| 168|   0|
| 178|  6| 124|  3|  60|  0|  60|  0|    60 |     0|       178 |          6| 179|  11|
| 178|  0| 125|  1|  60|  0|  60|  0|    60 |     0|       178 |          0| 176|   3|
| 179|  1| 104| 21|  60|  0|  60|  0|    60 |     0|       174 |          4| 174|   2|
| 174|  5|  94| 10|  60|  0|  60|  0|    60 |     0|       168 |          6| 180|   6|
| 168|  6|  97|  3|  60|  0|  60|  0|    60 |     0|       168 |          0| 183|   3|
| 168|  0| 105|  8|  61|  1|  61|  1|    61 |     1|       179 |         11| 188|   5|
| 174|  6| 107|  2|  61|  0|  61|  0|    61 |     0|       176 |          3| 182|   6|
| 176|  2|  99|  8|  61|  0|  61|  0|    61 |     0|       174 |          2| 179|   3|
| 188| 12|  96|  3|  61|  0|  61|  0|    61 |     0|       180 |          6| 179|   0|
| 183|  5|  94|  2|  62|  1|  62|  1|    62 |     1|       183 |          3| 170|   9|
| 180|  3|  85|  9|  62|  0|  62|  0|    62 |     0|       188 |          5| 196|  26|
| 179|  1|  82|  3|  62|  0|  62|  0|    62 |     0|       182 |          6| 165|  31|
| 179|  0|  86|  4|  62|  0|  62|  0|    62 |     0|       179 |          3| 157|   8|
| 182|  3|  50| 36|  62|  0|  62|  0|    62 |     0|       179 |          0| 150|   7|
| 196| 14|  52|  2|  62|  0|  62|  0|    62 |     0|       170 |          9|  20|  70|
| 170| 26|  56|  4|  62|  0|  62|  0|    62 |     0|       196 |         26|  15|   5|
| 157| 13|  60|  4|  62|  0|  62|  0|    62 |     0|       165 |         31|  35|  20|
| 150|  7|  53|  7|  63|  1|  63|  1|    63 |     1|       157 |          8|  39|   4|
| 165| 15|  51|  2|  63|  0|  63|  0|    63 |     0|       150 |          7|  51|  12|
|  15| 50|  27| 24|  63|  0|  63|  0|    63 |     0|        20 |         70|  53|   2|
|  20|  5|  31|  4|  63|  0|  63|  0|    63 |     0|        15 |          5|  54|   1|
|  53| 33|   4| 27|  63|  0|  63|  0|    63 |     0|        35 |         20|  45|   9|
|  51|  2|  35| 31|  63|  0|  63|  0|    63 |     0|        39 |          4|  44|   1|
|  54|  3|  38|  3|  64|  1|  64|  1|    64 |     1|        51 |         12|  64|  20|
|  35| 19|  38|  0|  64|  0|  64|  0|    64 |     0|        53 |          2|  64|   0|
|  39|  4|  33|  5|  64|  0|  64|  0|    64 |     0|        54 |          1|  69|   5|
|  44|  5|  31|  2|  64|  0|  64|  0|    64 |     0|        45 |          9|  66|   3|
|  45|  1|  34|  3|  64|  0|  64|  0|    64 |     0|        44 |          1|  70|   4|
|  64| 19|  28|  6|  65|  1|  65|  1|    65 |     1|        64 |         20|  78|   8|
|  64|  0|  63| 35|  65|  0|  65|  0|    65 |     0|        64 |          0| 116|  38|
|  69|  5|  77| 14|  65|  0|  65|  0|    65 |     0|        69 |          5| 141|  25|
|  66|  3|  69|  8|  66|  1|  66|  1|    66 |     1|        66 |          3| 143|   2|
|  70|  4|  71|  2|  66|  0|  66|  0|    66 |     0|        70 |          4| 125|  18|
|  78|  8|  41| 30|  66|  0|  66|  0|    66 |     0|        78 |          8| 117|   8|
| 116| 38|  31| 10|  67|  1|  67|  1|    67 |     1|       116 |         38| 113|   4|
| 141| 25|  21| 10|  67|  0|  67|  0|    67 |     0|       141 |         25| 104|   9|
| 143|  2|  21|  0|  67|  0|  67|  0|    67 |     0|       143 |          2| 104|   0|
| 113| 30|  20|  1|  68|  1|  68|  1|    68 |     1|       125 |         18| 110|   6|
| 117|  4|  13|  7|  68|  0|  68|  0|    68 |     0|       117 |          8| 132|  22|
| 104| 13|  10|  3|  69|  1|  69|  1|    69 |     1|       113 |          4| 139|   7|
| 125| 21|  11|  1|  69|  0|  69|  0|    69 |     0|       104 |          9| 145|   6|
| 145| 20| 198| 13|  69|  0|  69|  0|    69 |     0|       104 |          0|  95|  50|
| 139|  6| 187| 11|  69|  0|  69|  0|    69 |     0|       110 |          6|  90|   5|
| 132|  7| 179|  8|  70|  1|  70|  1|    70 |     1|       132 |         22|  89|   1|
| 104| 28| 198| 19|  70|  0|  70|  0|    70 |     0|       139 |          7|  87|   2|
| 110|  6| 199|  1|  70|  0|  70|  0|    70 |     0|       145 |          6|  78|   9|
|  87| 23| 199|  0|  71|  1|  71|  1|    71 |     1|        95 |         50| 104|  26|
|  89|  2| 197|  2|  71|  0|  71|  0|    71 |     0|        90 |          5| 104|   0|
|  78| 11| 192|  5|  71|  0|  71|  0|    71 |     0|        89 |          1| 112|   8|
|  95| 17|  16| 24|  71|  0|  71|  0|    71 |     0|        87 |          2| 112|   0|
|  90|  5| 182| 34|  71|  0|  71|  0|    71 |     0|        78 |          9| 113|   1|
| 112| 22| 175|  7|  72|  1|  72|  1|    72 |     1|       104 |         26| 106|   7|
| 112|  0| 187| 12|  73|  1|  73|  1|    73 |     1|       104 |          0| 104|   2|
| 113|  1| 197| 10|  74|  1|  74|  1|    74 |     1|       112 |          8| 102|   2|
| 104|  9|  13| 16|  74|  0|  74|  0|    74 |     0|       112 |          0|  83|  19|
| 104|  0|  15|  2|  74|  0|  74|  0|    74 |     0|       113 |          1|  77|   6|
| 104|  0|   1| 14|  74|  0|  74|  0|    74 |     0|       106 |          7|  93|  16|
| 106|  2| 196|  5|  74|  0|  74|  0|    74 |     0|       104 |          2| 106|  13|
|  83| 23| 198|  2|  75|  1|  75|  1|    75 |     1|       102 |          2| 107|   1|
|  77|  6|   1|  3|  75|  0|  75|  0|    75 |     0|        83 |         19| 111|   4|
| 102| 25|   5|  4|  75|  0|  75|  0|    75 |     0|        77 |          6|  74|  37|
| 106|  4|  17| 12|  75|  0|  75|  0|    75 |     0|        93 |         16|  83|   9|
| 107|  1|  19|  2|  76|  1|  76|  1|    76 |     1|       106 |         13|  85|   2|
| 111|  4|  11|  8|  76|  0|  76|  0|    76 |     0|       107 |          1|  91|   6|
|  93| 18|  15|  4|  76|  0|  76|  0|    76 |     0|       111 |          4|  72|  19|
|  74| 19|  12|  3|  76|  0|  76|  0|    76 |     0|        74 |         37|  69|   3|
|  83|  9| 197| 15|  76|  0|  76|  0|    76 |     0|        83 |          9|  77|   8|
|  85|  2|  26| 29|  76|  0|  76|  0|    76 |     0|        85 |          2|  80|   3|
|  91|  6|  25|  1|  76|  0|  76|  0|    76 |     0|        91 |          6|  80|   0|
|  69| 22|  48| 23|  76|  0|  76|  0|    76 |     0|        72 |         19|  92|  12|
|  72|  3|  50|  2|  77|  1|  77|  1|    77 |     1|        69 |          3|  99|   7|
|  77|  5|  54|  4|  77|  0|  77|  0|    77 |     0|        77 |          8|  96|   3|
|  80|  3|  53|  1|  77|  0|  77|  0|    77 |     0|        80 |          3|  91|   5|
|  80|  0|  53|  0|  78|  1|  78|  1|    78 |     1|        80 |          0|  51|  40|
|  92| 12|  85| 32|  78|  0|  78|  0|    78 |     0|        92 |         12| 100|  49|
|  99|  7|  92|  7|  78|  0|  78|  0|    78 |     0|        99 |          7| 100|   0|
|  96|  3|  92|  0|  78|  0|  78|  0|    78 |     0|        96 |          3|  44|  56|
| 100|  4|  84|  8|  78|  0|  78|  0|    78 |     0|        91 |          5|  44|   0|
| 100|  0|  85|  1|  78|  0|  78|  0|    78 |     0|        51 |         40|  38|   6|
|  91|  9|  29| 56|  79|  1|  79|  1|    79 |     1|       100 |         49|   1|  37|
|  51| 40|  10| 19|  79|  0|  79|  0|    79 |     0|       100 |          0| 195|   6|
|  44|  7|   9|  1|  80|  1|  80|  1|    80 |     1|        44 |         56|  44|  49|
|  44|  0| 185| 24|  80|  0|  80|  0|    80 |     0|        44 |          0|  29|  15|
|  38|  6| 166| 19|  80|  0|  80|  0|    80 |     0|        38 |          6|  21|   8|
|   1| 37| 153| 13|  80|  0|  80|  0|    80 |     0|         1 |         37|  15|   6|
| 195|  6| 155|  2|  81|  1|  81|  1|    81 |     1|       195 |          6|   1|  14|
| 194|  1| 155|  0|  81|  0|  81|  0|    81 |     0|       194 |          1| 179|  22|
| 185|  9| 155|  0|  82|  1|  82|  1|    82 |     1|       185 |          9| 181|   2|
| 185|  0| 165| 10|  82|  0|  82|  0|    82 |     0|       185 |          0| 185|   4|
| 181|  4| 170|  5|  82|  0|  82|  0|    82 |     0|       181 |          4| 185|   0|
| 179|  2| 165|  5|  82|  0|  82|  0|    82 |     0|       179 |          2| 194|   9|
| 182|  3| 176| 11|  82|  0|  82|  0|    82 |     0|       179 |          0| 194|   0|
| 179|  3| 161| 15|  83|  1|  83|  1|    83 |     1|       182 |          3| 174|  20|
| 191| 12| 169|  8|  83|  0|  83|  0|    83 |     0|       190 |          8| 172|   2|
| 190|  1| 181| 12|  83|  0|  83|  0|    83 |     0|       191 |          1| 171|   1|
| 196|  6| 200| 19|  83|  0|  83|  0|    83 |     0|       196 |          5| 196|  25|
| 194|  2|   6|  6|  83|  0|  83|  0|    83 |     0|       196 |          0| 180|  16|
| 196|  2|   1|  5|  84|  1|  84|  1|    84 |     1|       194 |          2| 162|  18|
| 171| 25| 188| 13|  84|  0|  84|  0|    84 |     0|       174 |         20| 159|   3|
| 174|  3|  14| 26|  84|  0|  84|  0|    84 |     0|       172 |          2| 149|  10|
| 172|  2| 145| 69|  84|  0|  84|  0|    84 |     0|       171 |          1| 149|   0|
| 149| 23| 148|  3|  84|  0|  84|  0|    84 |     0|       162 |          9| 150|   1|
| 149|  0| 148|  0|  84|  0|  84|  0|    84 |     0|       159 |          3| 169|  19|
| 159| 10| 152|  4|  84|  0|  84|  0|    84 |     0|       149 |         10| 181|  12|
| 162|  3| 143|  9|  84|  0|  84|  0|    84 |     0|       149 |          0| 148|  33|
| 180| 18| 135|  8|  84|  0|  84|  0|    84 |     0|       180 |         31| 142|   6|
| 181|  1| 158| 23|  84|  0|  84|  0|    84 |     0|       181 |          1| 147|   5|
| 169| 12| 164|  6|  84|  0|  84|  0|    84 |     0|       169 |         12| 148|   1|
| 142| 27| 169|  5|  85|  1|  85|  1|    85 |     1|       150 |         19| 155|   7|
| 150|  8| 163|  6|  85|  0|  85|  0|    85 |     0|       148 |          2| 140|  15|
| 148|  2| 160|  3|  85|  0|  85|  0|    85 |     0|       142 |          6| 139|   1|
| 155|  7| 164|  4|  85|  0|  85|  0|    85 |     0|       147 |          5| 144|   5|
| 148|  7| 159|  5|  85|  0|  85|  0|    85 |     0|       148 |          1| 149|   5|
| 140|  8| 154|  5|  85|  0|  85|  0|    85 |     0|       155 |          7| 184|  35|
| 139|  1| 161|  7|  85|  0|  85|  0|    85 |     0|       140 |         15| 184|   0|
| 147|  8| 147| 14|  85|  0|  85|  0|    85 |     0|       139 |          1|   1|  17|
| 144|  3| 146|  1|  86|  1|  86|  1|    86 |     1|       144 |          5| 166|  35|
| 149|  5| 149|  3|  86|  0|  86|  0|    86 |     0|       149 |          5| 169|   3|
| 184| 35| 141|  8|  86|  0|  86|  0|    86 |     0|       184 |         35| 170|   1|
| 184|  0| 150|  9|  86|  0|  86|  0|    86 |     0|       184 |          0| 180|  10|
|   1| 17| 133| 17|  86|  0|  86|  0|    86 |     0|         1 |         17| 193|  13|
| 193|  8| 110| 23|  86|  0|  86|  0|    86 |     0|       166 |         35| 191|   2|
| 180| 13| 109|  1|  86|  0|  86|  0|    86 |     0|       169 |          3| 190|   1|
| 166| 14| 106|  3|  87|  1|  87|  1|    87 |     1|       170 |          1| 182|   8|
| 170|  4| 101|  5|  87|  0|  87|  0|    87 |     0|       180 |         10| 179|   3|
| 169|  1| 111| 10|  87|  0|  87|  0|    87 |     0|       193 |         13| 196|  17|
| 165|  4| 110|  1|  87|  0|  87|  0|    87 |     0|       165 |         28| 165|  31|
| 151| 14| 110|  0|  87|  0|  87|  0|    87 |     0|       153 |         12| 153|  12|
| 147|  4| 110|  0|  88|  1|  88|  1|    88 |     1|       153 |          0| 153|   0|
| 153|  6| 108|  2|  88|  0|  88|  0|    88 |     0|       151 |          2| 151|   2|
| 153|  0| 119| 11|  88|  0|  88|  0|    88 |     0|       147 |          4| 147|   4|
| 162|  9| 123|  4|  88|  0|  88|  0|    88 |     0|       162 |         15| 162|  15|
| 168|  6| 124|  1|  88|  0|  88|  0|    88 |     0|       168 |          6| 168|   6|
| 137| 31| 124|  0|  88|  0|  88|  0|    88 |     0|       145 |         23| 145|  23|
| 145|  8| 114| 10|  89|  1|  89|  1|    89 |     1|       140 |          5| 140|   5|
| 140|  5| 138| 24|  90|  1|  90|  1|    90 |     1|       137 |          3| 137|   3|
| 138|  2| 148| 10|  90|  0|  90|  0|    90 |     0|       138 |          1| 138|   1|
| 138|  0| 143|  5|  90|  0|  90|  0|    90 |     0|       138 |          0| 138|   0|
| 139|  1| 134|  9|  91|  1|  91|  1|    91 |     1|       139 |          1| 139|   1|
| 130|  9| 114| 20|  91|  0|  91|  0|    91 |     0|       136 |          3| 136|   3|
| 136|  6| 112|  2|  91|  0|  91|  0|    91 |     0|       130 |          6| 130|   6|
| 140|  4| 154| 42|  91|  0|  91|  0|    91 |     0|       140 |         10| 189|  59|
| 149|  9| 138| 16|  91|  0|  91|  0|    91 |     0|       149 |          9| 198|   9|
| 162| 13| 135|  3|  91|  0|  91|  0|    91 |     0|       162 |         13|  16|  18|
| 169|  7| 118| 17|  91|  0|  91|  0|    91 |     0|       169 |          7|  12|   4|
| 188| 19| 120|  2|  91|  0|  91|  0|    91 |     0|       188 |         19|  10|   2|
| 189|  1| 134| 14|  91|  0|  91|  0|    91 |     0|       189 |          1|   9|   1|
| 198|  9| 134|  0|  92|  1|  92|  1|    92 |     1|       198 |          9|  27|  18|
|  12| 14| 122| 12|  92|  0|  92|  0|    92 |     0|        16 |         18|  49|  22|
|  16|  4| 121|  1|  92|  0|  92|  0|    92 |     0|        12 |          4|  58|   9|
|  10|  6| 138| 17|  92|  0|  92|  0|    92 |     0|        10 |          2|  65|   7|
|   9|  1| 149| 11|  92|  0|  92|  0|    92 |     0|         9 |          1|  65|   0|
|  27| 18| 129| 20|  92|  0|  92|  0|    92 |     0|        27 |         18|  63|   2|
|  49| 22| 121|  8|  92|  0|  92|  0|    92 |     0|        49 |         22|  62|   1|
|  58|  9|  91| 30|  93|  1|  93|  1|    93 |     1|        58 |          9|  57|   5|
|  65|  7| 106| 15|  93|  0|  93|  0|    93 |     0|        65 |          7|  56|   1|
|  63|  2|  93| 13|  93|  0|  93|  0|    93 |     0|        65 |          0|  49|   7|
|  65|  2|  93|  0|  93|  0|  93|  0|    93 |     0|        63 |          2|  59|  10|
|  62|  3| 113| 20|  93|  0|  93|  0|    93 |     0|        62 |          1|  91|  32|
|  56|  6| 119|  6|  94|  1|  94|  1|    94 |     1|        57 |          5|  96|   5|
|  57|  1| 131| 12|  94|  0|  94|  0|    94 |     0|        56 |          1|  96|   0|
|  49|  8| 128|  3|  94|  0|  94|  0|    94 |     0|        49 |          7|  94|   2|
|  59| 10| 156| 28|  94|  0|  94|  0|    94 |     0|        59 |         10|  39|  55|
|  96| 37| 172| 16|  94|  0|  94|  0|    94 |     0|        91 |         32|  37|   2|
|  96|  0| 173|  1|  94|  0|  94|  0|    94 |     0|        96 |          5|  20|  17|
|  91|  5| 179|  6|  94|  0|  94|  0|    94 |     0|        96 |          0|  16|   4|
|  94|  3| 178|  1|  94|  0|  94|  0|    94 |     0|        94 |          2|  15|   1|
|  39| 55| 179|  1|  94|  0|  94|  0|    94 |     0|        39 |         55|   1|  14|
|  37|  2| 179|  0|  94|  0|  94|  0|    94 |     0|        37 |          2|  21|  20|
|  20| 17| 195| 16|  94|  0|  94|  0|    94 |     0|        20 |         17|  22|   1|
|  16|  4|   8| 13|  94|  0|  94|  0|    94 |     0|        16 |          4|  23|   1|
|  15|  1|   1|  7|  94|  0|  94|  0|    94 |     0|        15 |          1|   2|  21|
|  21|  6|  94| 93|  95|  1|  95|  1|    95 |     1|         1 |         14|   2|   0|
|  23|  2| 100|  6|  95|  0|  95|  0|    95 |     0|        21 |         20| 184|  18|
|  22|  1|  96|  4|  95|  0|  95|  0|    95 |     0|        22 |          1| 189|   5|
|   1| 21|  85| 11|  96|  1|  96|  1|    96 |     1|        23 |          1| 191|   2|
|   2|  1|  92|  7|  96|  0|  96|  0|    96 |     0|         2 |         21| 169|  22|
|   2|  0|  92|  0|  96|  0|  96|  0|    96 |     0|         2 |          0| 169|   0|
| 184| 18|  83|  9|  96|  0|  96|  0|    96 |     0|       184 |         18| 157|  12|
| 191|  7|  83|  0|  96|  0|  96|  0|    96 |     0|       189 |          5| 153|   4|
| 189|  2|  78|  5|  96|  0|  96|  0|    96 |     0|       191 |          2| 152|   1|
| 169| 20|  88| 10|  96|  0|  96|  0|    96 |     0|       169 |         22| 158|   6|
| 169|  0|  86|  2|  97|  1|  97|  1|    97 |     1|       169 |          0| 163|   5|
| 153| 16|  84|  2|  97|  0|  97|  0|    97 |     0|       157 |         12| 164|   1|
| 157|  4|  84|  0|  98|  1|  98|  1|    98 |     1|       153 |          4| 168|   4|
| 152|  5|  76|  8|  99|  1|  99|  1|    99 |     1|       152 |          1| 173|   5|
| 163| 11|  87| 11|  99|  0|  99|  0|    99 |     0|       158 |          6| 166|   7|
| 158|  5|  96|  9|  99|  0|  99|  0|    99 |     0|       163 |          5| 164|   2|
| 168| 10|  95|  1|  99|  0|  99|  0|    99 |     0|       164 |          1| 163|   1|
| 173|  5| 100|  5| 100|  1| 100|  1|   100 |     1|       168 |          4| 151|  12|
| 164|  9|  84| 16| 100|  0| 100|  0|   100 |     0|       173 |          5| 148|   3|
| 164|  0|   5| 79| 100|  0| 100|  0|   100 |     0|       166 |          7| 160|  12|
| 148| 16|   8|  3| 100|  0| 100|  0|   100 |     0|       164 |          2| 171|  11|
| 151|  3|   8|  0| 100|  0| 100|  0|   100 |     0|       163 |          1|   5|  34|
| 163| 12|  11|  3| 100|  0| 100|  0|   100 |     0|       151 |         12|   4|   1|
| 166|  3|  27| 16| 100|  0| 100|  0|   100 |     0|       148 |          3|   3|   1|
| 160|  6|  21|  6| 101|  1| 101|  1|   101 |     1|       160 |         12| 140|  63|
| 171| 11|  25|  4| 102|  1| 102|  1|   102 |     1|       171 |         11| 149|   9|
|   4| 33|  21|  4| 102|  0| 102|  0|   102 |     0|         5 |         34| 162|  13|
|   3|  1|  23|  2| 102|  0| 102|  0|   102 |     0|         4 |          1| 169|   7|
|   5|  2|  21|  2| 102|  0| 102|  0|   102 |     0|         3 |          1| 188|  19|
| 197|  8|  16|  5| 102|  0| 102|  0|   102 |     0|       190 |         13| 190|   2|
| 197|  0|   4| 12| 102|  0| 102|  0|   102 |     0|       196 |          6| 196|   6|
|   2|  5|   4|  0| 103|  1| 103|  1|   103 |     1|       197 |          1| 197|   1|
| 196|  6| 191| 13| 104|  1| 104|  1|   104 |     1|       197 |          0| 197|   0|
| 190|  6| 190|  1| 104|  0| 104|  0|   104 |     0|         2 |          5|   2|   5|
| 165| 25|  42| 52| 104|  0| 104|  0|   104 |     0|       165 |         37| 176|  26|
| 173|  8|  51|  9| 104|  0| 104|  0|   104 |     0|       169 |          4| 177|   1|
| 173|  0|  50|  1| 104|  0| 104|  0|   104 |     0|       171 |          2| 181|   4|
| 169|  4|  51|  1| 104|  0| 104|  0|   104 |     0|       173 |          2| 184|   3|
| 171|  2|  45|  6| 104|  0| 104|  0|   104 |     0|       173 |          0| 185|   1|
| 181| 10|  46|  1| 105|  1| 105|  1|   105 |     1|       176 |          3| 173|  12|
| 176|  5|  45|  1| 105|  0| 105|  0|   105 |     0|       177 |          1| 173|   0|
| 185|  9|  44|  1| 106|  1| 106|  1|   106 |     1|       181 |          4| 171|   2|
| 177|  8|  44|  0| 106|  0| 106|  0|   106 |     0|       184 |          3| 169|   2|
| 184|  7|  53|  9| 106|  0| 106|  0|   106 |     0|       185 |          1| 165|   4|
| 183|  1|  62|  9| 106|  0| 106|  0|   106 |     0|       183 |          2| 174|   9|
| 183|  0|  84| 22| 106|  0| 106|  0|   106 |     0|       183 |          0| 183|   9|
| 174|  9|  84|  0| 106|  0| 106|  0|   106 |     0|       174 |          9| 183|   0|
| 145| 29|  84|  0| 106|  0| 106|  0|   106 |     0|       160 |         14| 160|  23|
| 160| 15|  85|  1| 106|  0| 106|  0|   106 |     0|       145 |         15| 145|  15|
| 166|  6|  43| 42| 107|  1| 107|  1|   107 |     1|       155 |         10| 155|  10|
| 167|  1|  46|  3| 107|  0| 107|  0|   107 |     0|       166 |         11| 166|  11|
| 155| 12|  32| 14| 107|  0| 107|  0|   107 |     0|       167 |          1| 167|   1|
| 172| 17|  32|  0| 108|  1| 108|  1|   108 |     1|       172 |          5| 172|   5|
| 186| 14|  52| 20| 108|  0| 108|  0|   108 |     0|       186 |         14| 186|  14|
| 199| 13|  32| 20| 108|  0| 108|  0|   108 |     0|       199 |         13| 199|  13|
|   9| 10|  16| 16| 109|  1| 109|  1|   109 |     1|       171 |         28| 171|  28|
| 171| 38|  45| 29| 109|  0| 109|  0|   109 |     0|       120 |         51| 120|  51|
| 120| 51|  45|  0| 110|  1| 110|  1|   110 |     1|       116 |          4| 116|   4|
| 116|  4|  56| 11| 110|  0| 110|  0|   110 |     0|         9 |         93|   9|  93|
| 116|  0|  55|  1| 110|  0| 110|  0|   110 |     0|        75 |         66|  75|  66|
| 106| 10|  74| 19| 110|  0| 110|  0|   110 |     0|        75 |          0|  75|   0|
|  82| 24|  74|  0| 110|  0| 110|  0|   110 |     0|        82 |          7|  82|   7|
|  75|  7|  76|  2| 111|  1| 111|  1|   111 |     1|       106 |         24| 106|  24|
|  75|  0|  75|  1| 111|  0| 111|  0|   111 |     0|       116 |         10| 116|  10|
|  75|  0|  75|  0| 111|  0| 111|  0|   111 |     0|        76 |         40|  56|  60|
|  76|  1|  75|  0| 112|  1| 112|  1|   112 |     1|        75 |          1|  45|  11|
|  74|  2|  82|  7| 112|  0| 112|  0|   112 |     0|        74 |          1|  45|   0|
|  74|  0| 106| 24| 112|  0| 112|  0|   112 |     0|        74 |          0|  32|  13|
|  55| 19| 116| 10| 112|  0| 112|  0|   112 |     0|        55 |         19|  16|  16|
|  56|  1| 116|  0| 112|  0| 112|  0|   112 |     0|        56 |          1|  32|  16|
|  45| 11| 120|  4| 112|  0| 112|  0|   112 |     0|        45 |         11|  32|   0|
|  45|  0| 171| 51| 112|  0| 112|  0|   112 |     0|        45 |          0|  43|  11|
|  16| 29|   9| 38| 113|  1| 113|  1|   113 |     1|        32 |         13|  46|   3|
|  32| 16| 199| 10| 113|  0| 113|  0|   113 |     0|        16 |         16|  52|   6|
|  52| 20| 186| 13| 113|  0| 113|  0|   113 |     0|        32 |         16|  62|  10|
|  32| 20| 172| 14| 113|  0| 113|  0|   113 |     0|        32 |          0|  84|  22|
|  32|  0| 155| 17| 114|  1| 114|  1|   114 |     1|        43 |         11|  84|   0|
|  46| 14| 167| 12| 114|  0| 114|  0|   114 |     0|        46 |          3|  84|   0|
|  43|  3| 166|  1| 114|  0| 114|  0|   114 |     0|        52 |          6|  85|   1|
|  85| 42| 160|  6| 114|  0| 114|  0|   114 |     0|        62 |         10|  53|  32|
|  84|  1| 145| 15| 115|  1| 115|  1|   115 |     1|        84 |         22|  46|   7|
|  84|  0| 174| 29| 115|  0| 115|  0|   115 |     0|        84 |          0|  45|   1|
|  84|  0| 183|  9| 116|  1| 116|  1|   116 |     1|        84 |          0|  44|   1|
|  62| 22| 183|  0| 116|  0| 116|  0|   116 |     0|        85 |          1|  44|   0|
|  53|  9| 184|  1| 116|  0| 116|  0|   116 |     0|        53 |         32|  45|   1|
|  44|  9| 177|  7| 116|  0| 116|  0|   116 |     0|        46 |          7|  50|   5|
|  44|  0| 185|  8| 116|  0| 116|  0|   116 |     0|        45 |          1|  51|   1|
|  45|  1| 176|  9| 117|  1| 117|  1|   117 |     1|        44 |          1|  51|   0|
|  46|  1| 181|  5| 117|  0| 117|  0|   117 |     0|        44 |          0|  42|   9|
|  45|  1| 171| 10| 118|  1| 118|  1|   118 |     1|        45 |          1|  55|  13|
|  51|  6| 169|  2| 118|  0| 118|  0|   118 |     0|        50 |          5|  74|  19|
|  50|  1| 173|  4| 119|  1| 119|  1|   119 |     1|        51 |          1|  74|   0|
|  51|  1| 173|  0| 119|  0| 119|  0|   119 |     0|        51 |          0|  75|   1|
|  42|  9| 165|  8| 120|  1| 120|  1|   120 |     1|        42 |          9|  76|   1|
| 190| 52| 190| 25| 120|  0| 120|  0|   120 |     0|       190 |         52| 190|  86|
| 191|  1| 196|  6| 121|  1| 121|  1|   121 |     1|       191 |          1| 191|   1|
|   4| 13|   2|  6| 121|  0| 121|  0|   121 |     0|        16 |         25|  16|  25|
|   4|  0| 197|  5| 121|  0| 121|  0|   121 |     0|         4 |         12|   4|  12|
|  16| 12| 197|  0| 122|  1| 122|  1|   122 |     1|         4 |          0|   4|   0|
|  21|  5|   5|  8| 122|  0| 122|  0|   122 |     0|        21 |         17|  21|  17|
|  23|  2|   3|  2| 123|  1| 123|  1|   123 |     1|        21 |          0|  21|   0|
|  21|  2|   4|  1| 123|  0| 123|  0|   123 |     0|        21 |          0|  21|   0|
|  25|  4| 171| 33| 124|  1| 124|  1|   124 |     1|        23 |          2|  23|   2|
|  21|  4| 160| 11| 124|  0| 124|  0|   124 |     0|        25 |          2|  25|   2|
|  27|  6| 166|  6| 124|  0| 124|  0|   124 |     0|        27 |          2|  27|   2|
|  11| 16| 163|  3| 124|  0| 124|  0|   124 |     0|        11 |         16|  11|  16|
|   8|  3| 151| 12| 124|  0| 124|  0|   124 |     0|         8 |          3|   8|   3|
|   8|  0| 148|  3| 125|  1| 125|  1|   125 |     1|         8 |          0|   8|   0|
|   5|  3| 164| 16| 125|  0| 125|  0|   125 |     0|         5 |          3|   5|   3|
|  84| 79| 164|  0| 125|  0| 125|  0|   125 |     0|        84 |         79|  84|  79|
| 100| 16| 173|  9| 125|  0| 125|  0|   125 |     0|        87 |          3|  87|   3|
|  95|  5| 168|  5| 126|  1| 126|  1|   126 |     1|        95 |          8|  95|   8|
|  96|  1| 158| 10| 127|  1| 127|  1|   127 |     1|        96 |          1|  96|   1|
|  87|  9| 163|  5| 127|  0| 127|  0|   127 |     0|       100 |          4| 100|   4|
|  76| 11| 152| 11| 128|  1| 128|  1|   128 |     1|        88 |         12|  88|  12|
|  84|  8| 157|  5| 128|  0| 128|  0|   128 |     0|        86 |          2|  86|   2|
|  84|  0| 153|  4| 128|  0| 128|  0|   128 |     0|        84 |          2|  84|   2|
|  86|  2| 169| 16| 128|  0| 128|  0|   128 |     0|        84 |          0|  84|   0|
|  88|  2| 169|  0| 129|  1| 129|  1|   129 |     1|        76 |          8|  76|   8|
|  78| 10| 189| 20| 129|  0| 129|  0|   129 |     0|        78 |          2|  85|   9|
|  83|  5| 191|  2| 129|  0| 129|  0|   129 |     0|        83 |          5|  94|   9|
|  83|  0| 184|  7| 129|  0| 129|  0|   129 |     0|        83 |          0|  96|   2|
|  92|  9|   2| 18| 129|  0| 129|  0|   129 |     0|        92 |          9| 100|   4|
|  92|  0|   2|  0| 130|  1| 130|  1|   130 |     1|        92 |          0|   1|  99|
|  85|  7|   1|  1| 130|  0| 130|  0|   130 |     0|        85 |          7|   8|   7|
|  96| 11|  22| 21| 130|  0| 130|  0|   130 |     0|         1 |         84| 178|  30|
| 100|  4|  23|  1| 130|  0| 130|  0|   130 |     0|        94 |         93| 179|   1|
|  94|  6|  21|  2| 130|  0| 130|  0|   130 |     0|        96 |          2| 179|   0|
|   1| 93|  15|  6| 131|  1| 131|  1|   131 |     1|       100 |          4| 195|  16|
|   8|  7|  16|  1| 131|  0| 131|  0|   131 |     0|         8 |         92| 179|  16|
| 195| 13|  20|  4| 131|  0| 131|  0|   131 |     0|       178 |         30| 173|   6|
| 179| 16|  37| 17| 131|  0| 131|  0|   131 |     0|       179 |          1| 172|   1|
| 179|  0|  39|  2| 131|  0| 131|  0|   131 |     0|       179 |          0| 156|  16|
| 178|  1|  94| 55| 131|  0| 131|  0|   131 |     0|       195 |         16| 128|  28|
| 179|  1|  91|  3| 131|  0| 131|  0|   131 |     0|       179 |         16| 131|   3|
| 173|  6|  96|  5| 131|  0| 131|  0|   131 |     0|       173 |          6| 119|  12|
| 172|  1|  96|  0| 132|  1| 132|  1|   132 |     1|       172 |          1| 113|   6|
| 156| 16|  59| 37| 132|  0| 132|  0|   132 |     0|       156 |         16|  93|  20|
| 128| 28|  49| 10| 132|  0| 132|  0|   132 |     0|       128 |         28|  93|   0|
| 131|  3|  57|  8| 132|  0| 132|  0|   132 |     0|       131 |          3| 106|  13|
| 119| 12|  56|  1| 133|  1| 133|  1|   133 |     1|       119 |         12| 121|  15|
| 113|  6|  62|  6| 133|  0| 133|  0|   133 |     0|       113 |          6| 129|   8|
|  93| 20|  65|  3| 133|  0| 133|  0|   133 |     0|        93 |         20| 149|  20|
|  93|  0|  63|  2| 133|  0| 133|  0|   133 |     0|        93 |          0|  91|  58|
| 106| 13|  65|  2| 133|  0| 133|  0|   133 |     0|       106 |         13| 121|  30|
|  91| 15|  58|  7| 134|  1| 134|  1|   134 |     1|       121 |         15| 122|   1|
| 121| 30|  49|  9| 134|  0| 134|  0|   134 |     0|       129 |          8| 134|  12|
| 129|  8|  27| 22| 134|  0| 134|  0|   134 |     0|       149 |         20| 134|   0|
| 149| 20|   9| 18| 134|  0| 134|  0|   134 |     0|        91 |         58| 138|   4|
| 138| 11|  10|  1| 135|  1| 135|  1|   135 |     1|       121 |         30| 138|   0|
| 121| 17|  16|  6| 135|  0| 135|  0|   135 |     0|       122 |          1| 135|   3|
| 122|  1|  12|  4| 135|  0| 135|  0|   135 |     0|       134 |         12| 120|  15|
| 134| 12| 198| 14| 135|  0| 135|  0|   135 |     0|       134 |          0| 118|   2|
| 134|  0| 189|  9| 136|  1| 136|  1|   136 |     1|       138 |          4| 154|  36|
| 120| 14| 188|  1| 137|  1| 137|  1|   137 |     1|       138 |          0| 148|   6|
| 118|  2| 169| 19| 137|  0| 137|  0|   137 |     0|       135 |          3| 143|   5|
| 135| 17| 162|  7| 138|  1| 138|  1|   138 |     1|       120 |         15| 134|   9|
| 138|  3| 149| 13| 138|  0| 138|  0|   138 |     0|       118 |          2| 114|  20|
| 154| 16| 140|  9| 138|  0| 138|  0|   138 |     0|       154 |         36| 112|   2|
| 112| 42| 136|  4| 138|  0| 138|  0|   138 |     0|       148 |          6| 114|   2|
| 114|  2| 130|  6| 138|  0| 138|  0|   138 |     0|       143 |          5| 123|   9|
| 134| 20| 139|  9| 138|  0| 138|  0|   138 |     0|       134 |          9| 124|   1|
| 143|  9| 138|  1| 139|  1| 139|  1|   139 |     1|       114 |         20| 124|   0|
| 148|  5| 138|  0| 139|  0| 139|  0|   139 |     0|       112 |          2| 138|  14|
| 138| 10| 140|  2| 139|  0| 139|  0|   139 |     0|       114 |          2| 119|  19|
| 114| 24| 145|  5| 139|  0| 139|  0|   139 |     0|       123 |          9| 110|   9|
| 124| 10| 137|  8| 139|  0| 139|  0|   139 |     0|       124 |          1| 110|   0|
| 124|  0| 168| 31| 139|  0| 139|  0|   139 |     0|       124 |          0| 110|   0|
| 123|  1| 162|  6| 140|  1| 140|  1|   140 |     1|       138 |         14| 108|   2|
| 119|  4| 153|  9| 140|  0| 140|  0|   140 |     0|       119 |         19| 109|   1|
| 108| 11| 153|  0| 140|  0| 140|  0|   140 |     0|       110 |          9| 110|   1|
| 110|  2| 147|  6| 140|  0| 140|  0|   140 |     0|       110 |          0| 111|   1|
| 110|  0| 151|  4| 140|  0| 140|  0|   140 |     0|       110 |          0| 106|   5|
| 110|  0| 165| 14| 141|  1| 141|  1|   141 |     1|       108 |          2| 101|   5|
| 111|  1| 169|  4| 141|  0| 141|  0|   141 |     0|       109 |          1| 133|  32|
| 101| 10| 170|  1| 141|  0| 141|  0|   141 |     0|       110 |          1| 141|   8|
| 106|  5| 166|  4| 142|  1| 142|  1|   142 |     1|       111 |          1| 146|   5|
| 109|  3| 180| 14| 142|  0| 142|  0|   142 |     0|       106 |          5| 149|   3|
| 110|  1| 193| 13| 143|  1| 143|  1|   143 |     1|       101 |          5| 150|   1|
| 133| 23|   1|  8| 143|  0| 143|  0|   143 |     0|       133 |         32| 147|   3|
| 150| 17| 184| 17| 143|  0| 143|  0|   143 |     0|       141 |          8| 154|   7|
| 141|  9| 184|  0| 143|  0| 143|  0|   143 |     0|       146 |          5| 159|   5|
| 149|  8| 149| 35| 143|  0| 143|  0|   143 |     0|       149 |          3| 161|   2|
| 146|  3| 144|  5| 144|  1| 144|  1|   144 |     1|       150 |          1| 164|   3|
| 147|  1| 147|  3| 144|  0| 144|  0|   144 |     0|       147 |          3| 164|   0|
| 161| 14| 139|  8| 144|  0| 144|  0|   144 |     0|       154 |          7| 163|   1|
| 154|  7| 140|  1| 144|  0| 144|  0|   144 |     0|       159 |          5| 160|   3|
| 159|  5| 148|  8| 144|  0| 144|  0|   144 |     0|       161 |          2| 158|   2|
| 164|  5| 155|  7| 144|  0| 144|  0|   144 |     0|       164 |          3| 169|  11|
| 160|  4| 148|  7| 144|  0| 144|  0|   144 |     0|       164 |          0| 152|  17|
| 163|  3| 150|  2| 145|  1| 145|  1|   145 |     1|       163 |          1| 148|   4|
| 169|  6| 142|  8| 145|  0| 145|  0|   145 |     0|       160 |          3| 148|   0|
| 164|  5| 169| 27| 145|  0| 145|  0|   145 |     0|       158 |          2| 143|   5|
| 158|  6| 181| 12| 145|  0| 145|  0|   145 |     0|       169 |         11| 135|   8|
| 135| 23| 180|  1| 145|  0| 145|  0|   145 |     0|       152 |         17| 145|  10|
| 143|  8| 162| 18| 145|  0| 145|  0|   145 |     0|       148 |          4| 188|  43|
| 152|  9| 159|  3| 145|  0| 145|  0|   145 |     0|       148 |          0|  14|  26|
| 148|  4| 149| 10| 146|  1| 146|  1|   146 |     1|       143 |          5|   6|   8|
| 148|  0| 149|  0| 146|  0| 146|  0|   146 |     0|       135 |          8|   1|   5|
| 145|  3| 172| 23| 146|  0| 146|  0|   146 |     0|       145 |         10| 161|  40|
|  14| 69| 174|  2| 146|  0| 146|  0|   146 |     0|       188 |         43| 169|   8|
| 188| 26| 171|  3| 147|  1| 147|  1|   147 |     1|        14 |         26| 176|   7|
|   1| 13| 196| 25| 147|  0| 147|  0|   147 |     0|         6 |          8| 181|   5|
|   6|  5| 194|  2| 147|  0| 147|  0|   147 |     0|         1 |          5| 200|  19|
| 200|  6| 196|  2| 147|  0| 147|  0|   147 |     0|       161 |         40| 170|  30|
| 181| 19| 190|  6| 147|  0| 147|  0|   147 |     0|       169 |          8| 165|   5|
| 169| 12| 191|  1| 148|  1| 148|  1|   148 |     1|       176 |          7| 165|   0|
| 161|  8| 179| 12| 148|  0| 148|  0|   148 |     0|       181 |          5| 155|  10|
| 176| 15| 182|  3| 148|  0| 148|  0|   148 |     0|       200 |         19| 155|   0|
| 165| 11| 179|  3| 148|  0| 148|  0|   148 |     0|       170 |         30| 155|   0|
| 170|  5| 181|  2| 148|  0| 148|  0|   148 |     0|       165 |          5| 153|   2|
| 165|  5| 185|  4| 148|  0| 148|  0|   148 |     0|       165 |          0|   9|  56|
| 155| 10| 185|  0| 149|  1| 149|  1|   149 |     1|       155 |         10| 166|  43|
| 155|  0| 194|  9| 149|  0| 149|  0|   149 |     0|       155 |          0| 185|  19|
| 155|  0| 195|  1| 149|  0| 149|  0|   149 |     0|       155 |          0|  92|  93|
| 153|  2|   1|  6| 149|  0| 149|  0|   149 |     0|       153 |          2|  85|   7|
| 166| 13|  38| 37| 149|  0| 149|  0|   149 |     0|         9 |         56|  84|   1|
| 185| 19|  44|  6| 149|  0| 149|  0|   149 |     0|       166 |         43|  29|  55|
|   9| 24|  44|  0| 149|  0| 149|  0|   149 |     0|       185 |         19|  10|  19|
|  10|  1|  51|  7| 149|  0| 149|  0|   149 |     0|        92 |         93|  53|  43|
|  29| 19|  91| 40| 149|  0| 149|  0|   149 |     0|        85 |          7|  53|   0|
|  85| 56| 100|  9| 150|  1| 150|  1|   150 |     1|        84 |          1|  54|   1|
|  84|  1| 100|  0| 150|  0| 150|  0|   150 |     0|        29 |         55|  85|  31|
|  92|  8|  96|  4| 150|  0| 150|  0|   150 |     0|        10 |         19|  92|   7|
|  92|  0|  99|  3| 150|  0| 150|  0|   150 |     0|        53 |         43|  50|  42|
|  85|  7|  92|  7| 150|  0| 150|  0|   150 |     0|        53 |          0|  48|   2|
|  53| 32|  80| 12| 150|  0| 150|  0|   150 |     0|        54 |          1|  26|  22|
|  53|  0|  80|  0| 150|  0| 150|  0|   150 |     0|        85 |         31|  25|   1|
|  54|  1|  77|  3| 151|  1| 151|  1|   151 |     1|        92 |          7| 197|  28|
|  50|  4|  72|  5| 151|  0| 151|  0|   151 |     0|        50 |         42|  19|  22|
|  48|  2|  69|  3| 151|  0| 151|  0|   151 |     0|        48 |          2|  17|   2|
|  25| 23|  91| 22| 151|  0| 151|  0|   151 |     0|        26 |         22|  15|   2|
|  26|  1|  85|  6| 151|  0| 151|  0|   151 |     0|        25 |          1|  12|   3|
| 197| 29|  83|  2| 151|  0| 151|  0|   151 |     0|       197 |         28|  11|   1|
|  12| 15|  74|  9| 151|  0| 151|  0|   151 |     0|        19 |         22|   5|   6|
|  15|  3|  93| 19| 151|  0| 151|  0|   151 |     0|        17 |          2|   1|   4|
|  11|  4| 111| 18| 152|  1| 152|  1|   152 |     1|        15 |          2|   1|   0|
|  19|  8| 107|  4| 152|  0| 152|  0|   152 |     0|        12 |          3| 196|   5|
|  17|  2| 106|  1| 152|  0| 152|  0|   152 |     0|        11 |          1| 198|   2|
|   5| 12| 102|  4| 152|  0| 152|  0|   152 |     0|         5 |          6| 197|   1|
|   1|  4|  77| 25| 152|  0| 152|  0|   152 |     0|         1 |          4| 187|  10|
| 198|  3|  83|  6| 152|  0| 152|  0|   152 |     0|         1 |          0| 175|  12|
| 196|  2| 106| 23| 152|  0| 152|  0|   152 |     0|       196 |          5|  15|  40|
|   1|  5| 104|  2| 153|  1| 153|  1|   153 |     1|       198 |          2|  13|   2|
|  15| 14| 104|  0| 153|  0| 153|  0|   153 |     0|       197 |          1|  16|   3|
|  13|  2| 104|  0| 153|  0| 153|  0|   153 |     0|       187 |         10| 182|  34|
| 197| 16| 113|  9| 153|  0| 153|  0|   153 |     0|       175 |         12| 192|  10|
| 187| 10| 112|  1| 153|  0| 153|  0|   153 |     0|        15 |         40| 197|   5|
| 175| 12| 112|  0| 153|  0| 153|  0|   153 |     0|        13 |          2| 199|   2|
| 182|  7|  90| 22| 153|  0| 153|  0|   153 |     0|        16 |          3| 199|   0|
|  16| 34|  95|  5| 153|  0| 153|  0|   153 |     0|       182 |         34| 198|   1|
| 192| 24|  78| 17| 153|  0| 153|  0|   153 |     0|       192 |         10| 198|   0|
| 197|  5|  89| 11| 153|  0| 153|  0|   153 |     0|       197 |          5| 187|  11|
| 199|  2|  87|  2| 153|  0| 153|  0|   153 |     0|       199 |          2| 179|   8|
| 199|  0| 110| 23| 154|  1| 154|  1|   154 |     1|       199 |          0|  21|  42|
| 198|  1| 104|  6| 154|  0| 154|  0|   154 |     0|       198 |          1|  20|   1|
| 179| 19| 132| 28| 154|  0| 154|  0|   154 |     0|       198 |          0|  13|   7|
| 187|  8| 139|  7| 154|  0| 154|  0|   154 |     0|       187 |         11|  11|   2|
| 198| 11| 145|  6| 154|  0| 154|  0|   154 |     0|       179 |          8|  10|   1|
|  11| 13| 125| 20| 154|  0| 154|  0|   154 |     0|        21 |         42|  21|  11|
|  10|  1| 104| 21| 154|  0| 154|  0|   154 |     0|        20 |          1|  31|  10|
|  13|  3| 117| 13| 155|  1| 155|  1|   155 |     1|        13 |          7|  41|  10|
|  20|  7| 113|  4| 155|  0| 155|  0|   155 |     0|        11 |          2|  69|  28|
|  21|  1| 143| 30| 155|  0| 155|  0|   155 |     0|        10 |          1|  71|   2|
|  21|  0| 141|  2| 155|  0| 155|  0|   155 |     0|        21 |         11|  77|   6|
|  31| 10| 116| 25| 155|  0| 155|  0|   155 |     0|        31 |         10|  63|  14|
|  41| 10|  78| 38| 155|  0| 155|  0|   155 |     0|        41 |         10|  34|  29|
|  71| 30|  70|  8| 155|  0| 155|  0|   155 |     0|        69 |         28|  31|   3|
|  69|  2|  66|  4| 155|  0| 155|  0|   155 |     0|        71 |          2|  28|   3|
|  77|  8|  69|  3| 155|  0| 155|  0|   155 |     0|        77 |          6|  33|   5|
|  63| 14|  64|  5| 155|  0| 155|  0|   155 |     0|        63 |         14|  35|   2|
|  28| 35|  64|  0| 155|  0| 155|  0|   155 |     0|        34 |         29|  38|   3|
|  34|  6|  45| 19| 155|  0| 155|  0|   155 |     0|        31 |          3|  38|   0|
|  31|  3|  44|  1| 155|  0| 155|  0|   155 |     0|        28 |          3|   4|  34|
|  33|  2|  39|  5| 155|  0| 155|  0|   155 |     0|        33 |          5|  27|  23|
|  38|  5|  35|  4| 155|  0| 155|  0|   155 |     0|        35 |          2|  31|   4|
|  38|  0|  54| 19| 156|  1| 156|  1|   156 |     1|        38 |          3|  51|  20|
|  35|  3|  51|  3| 156|  0| 156|  0|   156 |     0|        38 |          0|  53|   2|
|   4| 31|  53|  2| 156|  0| 156|  0|   156 |     0|         4 |         34|  60|   7|
|  31| 27|  20| 33| 156|  0| 156|  0|   156 |     0|        27 |         23|  56|   4|
|  27|  4|  15|  5| 157|  1| 157|  1|   157 |     1|        31 |          4|  52|   4|
|  51| 24| 165| 50| 157|  0| 157|  0|   157 |     0|        51 |         20|  50|   2|
|  53|  2| 150| 15| 157|  0| 157|  0|   157 |     0|        53 |          2|  82|  32|
|  60|  7| 157|  7| 157|  0| 157|  0|   157 |     0|        60 |          7|  86|   4|
|  56|  4| 170| 13| 157|  0| 157|  0|   157 |     0|        56 |          4|  85|   1|
|  52|  4| 196| 26| 157|  0| 157|  0|   157 |     0|        52 |          4|  94|   9|
|  50|  2| 182| 14| 157|  0| 157|  0|   157 |     0|        50 |          2|  96|   2|
|  86| 36| 179|  3| 158|  1| 158|  1|   158 |     1|        82 |         32|  99|   3|
|  82|  4| 179|  0| 158|  0| 158|  0|   158 |     0|        86 |          4| 107|   8|
|  85|  3| 180|  1| 158|  0| 158|  0|   158 |     0|        85 |          1| 105|   2|
|  94|  9| 183|  3| 158|  0| 158|  0|   158 |     0|        94 |          9| 104|   1|
|  96|  2| 188|  5| 158|  0| 158|  0|   158 |     0|        96 |          2|  97|   7|
|  99|  3| 176| 12| 159|  1| 159|  1|   159 |     1|        99 |          3|  94|   3|
| 107|  8| 174|  2| 159|  0| 159|  0|   159 |     0|       107 |          8| 125|  31|
| 105|  2| 168|  6| 159|  0| 159|  0|   159 |     0|       105 |          2| 124|   1|
|  97|  8| 168|  0| 159|  0| 159|  0|   159 |     0|       104 |          1| 122|   2|
|  94|  3| 174|  6| 160|  1| 160|  1|   160 |     1|        97 |          7| 121|   1|
| 104| 10| 179|  5| 160|  0| 160|  0|   160 |     0|        94 |          3| 118|   3|
| 125| 21| 178|  1| 160|  0| 160|  0|   160 |     0|       125 |         31| 112|   6|
| 124|  1| 178|  0| 160|  0| 160|  0|   160 |     0|       124 |          1| 112|   0|
| 121|  3| 172|  6| 160|  0| 160|  0|   160 |     0|       122 |          2| 102|  10|
| 118|  3| 150| 22| 160|  0| 160|  0|   160 |     0|       121 |          1| 102|   0|
| 122|  4| 152|  2| 160|  0| 160|  0|   160 |     0|       118 |          3|  97|   5|
| 112| 10| 132| 20| 160|  0| 160|  0|   160 |     0|       112 |          6|  92|   5|
| 112|  0| 132|  0| 160|  0| 160|  0|   160 |     0|       112 |          0|  80|  12|
|  92| 20|   9| 77| 161|  1| 161|  1|   161 |     1|       102 |         10|  71|   9|
|  97|  5| 182| 27| 161|  0| 161|  0|   161 |     0|       102 |          0|  70|   1|
| 102|  5| 178|  4| 161|  0| 161|  0|   161 |     0|        97 |          5|  70|   0|
| 102|  0| 183|  5| 161|  0| 161|  0|   161 |     0|        92 |          5|  57|  13|
|  70| 32| 166| 17| 161|  0| 161|  0|   161 |     0|        80 |         12|  54|   3|
|  70|  0| 170|  4| 161|  0| 161|  0|   161 |     0|        71 |          9|  53|   1|
|  71|  1| 188| 18| 161|  0| 161|  0|   161 |     0|        70 |          1|  46|   7|
|  80|  9| 192|  4| 162|  1| 162|  1|   162 |     1|        70 |          0|  59|  13|
|  57| 23| 180| 12| 162|  0| 162|  0|   162 |     0|        57 |         13| 193|  66|
|  54|  3| 190| 10| 162|  0| 162|  0|   162 |     0|        54 |          3| 195|   2|
|  53|  1| 187|  3| 162|  0| 162|  0|   162 |     0|        53 |          1| 199|   4|
|  59|  6| 190|  3| 162|  0| 162|  0|   162 |     0|        46 |          7| 190|   9|
|  46| 13| 194|  4| 162|  0| 162|  0|   162 |     0|        59 |         13| 188|   2|
| 193| 53| 189|  5| 162|  0| 162|  0|   162 |     0|       193 |         66| 175|  13|
| 195|  2|   8| 19| 162|  0| 162|  0|   162 |     0|       195 |          2| 156|  19|
| 199|  4|   6|  2| 162|  0| 162|  0|   162 |     0|       199 |          4| 135|  21|
| 190|  9|   1|  5| 162|  0| 162|  0|   162 |     0|       190 |          9| 133|   2|
| 188|  2| 173| 28| 163|  1| 163|  1|   163 |     1|       188 |          2|  66|  67|
| 175| 13| 149| 24| 163|  0| 163|  0|   163 |     0|       175 |         13|  62|   4|
| 156| 19| 178| 29| 163|  0| 163|  0|   163 |     0|       156 |         19|  43|  19|
| 135| 21| 182|  4| 163|  0| 163|  0|   163 |     0|       135 |         21|  39|   4|
| 133|  2| 185|  3| 163|  0| 163|  0|   163 |     0|       133 |          2|  38|   1|
|  66| 67| 162| 23| 163|  0| 163|  0|   163 |     0|        66 |         67|  26|  12|
|  62|  4| 162|  0| 163|  0| 163|  0|   163 |     0|        62 |          4|  25|   1|
|  43| 19| 168|  6| 163|  0| 163|  0|   163 |     0|        43 |         19|  36|  11|
|  39|  4| 167|  1| 163|  0| 163|  0|   163 |     0|        39 |          4|  22|  14|
|  25| 14| 168|  1| 164|  1| 164|  1|   164 |     1|        38 |          1|  17|   5|
|  26|  1| 180| 12| 164|  0| 164|  0|   164 |     0|        26 |         12|  17|   0|
|  38| 12| 175|  5| 164|  0| 164|  0|   164 |     0|        25 |          1|  14|   3|
|  36|  2| 178|  3| 164|  0| 164|  0|   164 |     0|        36 |         11|  18|   4|
|  17| 19| 163| 15| 164|  0| 164|  0|   164 |     0|        22 |         14| 167|  51|
|  17|  0| 160|  3| 164|  0| 164|  0|   164 |     0|        17 |          5| 176|   9|
|  14|  3| 146| 14| 164|  0| 164|  0|   164 |     0|        17 |          0|   3|  27|
|  22|  8| 139|  7| 165|  1| 165|  1|   165 |     1|        14 |          3|   1|   2|
|  18|  4| 169| 30| 165|  0| 165|  0|   165 |     0|        18 |          4| 116|  85|
|   3| 15| 180| 11| 165|  0| 165|  0|   165 |     0|       167 |         51| 131|  15|
|   1|  2|   3| 23| 165|  0| 165|  0|   165 |     0|       176 |          9| 131|   0|
| 176| 25|   6|  3| 165|  0| 165|  0|   165 |     0|         3 |         27| 140|   9|
| 167|  9|  16| 10| 165|  0| 165|  0|   165 |     0|         1 |          2| 146|   6|
| 146| 21|  66| 50| 166|  1| 166|  1|   166 |     1|       116 |         85| 137|   9|
| 131| 15|  60|  6| 166|  0| 166|  0|   166 |     0|       131 |         15| 131|   6|
| 131|  0|  60|  0| 166|  0| 166|  0|   166 |     0|       131 |          0| 113|  18|
| 116| 15|  60|  0| 166|  0| 166|  0|   166 |     0|       140 |          9| 112|   1|
| 140| 24|  61|  1| 166|  0| 166|  0|   166 |     0|       146 |          6| 108|   4|
| 137|  3|  92| 31| 166|  0| 166|  0|   166 |     0|       137 |          9| 129|  21|
| 131|  6|  39| 53| 166|  0| 166|  0|   166 |     0|       131 |          6| 129|   0|
| 113| 18|  64| 25| 166|  0| 166|  0|   166 |     0|       113 |         18| 131|   2|
| 112|  1|  64|  0| 166|  0| 166|  0|   166 |     0|       112 |          1| 133|   2|
| 108|  4|  55|  9| 166|  0| 166|  0|   166 |     0|       108 |          4| 141|   8|
| 129| 21|  61|  6| 166|  0| 166|  0|   166 |     0|       129 |         21| 139|   2|
| 131|  2|  60|  1| 166|  0| 166|  0|   166 |     0|       129 |          0| 138|   1|
| 129|  2|  56|  4| 166|  0| 166|  0|   166 |     0|       131 |          2| 152|  14|
| 133|  4|  51|  5| 167|  1| 167|  1|   167 |     1|       133 |          2| 155|   3|
| 141|  8|  49|  2| 167|  0| 167|  0|   167 |     0|       141 |          8| 161|   6|
| 138|  3|  48|  1| 167|  0| 167|  0|   167 |     0|       139 |          2| 162|   1|
| 139|  1|  50|  2| 167|  0| 167|  0|   167 |     0|       138 |          1| 158|   4|
| 152| 13|  46|  4| 167|  0| 167|  0|   167 |     0|       152 |         14| 157|   1|
| 155|  3|  46|  0| 167|  0| 167|  0|   167 |     0|       155 |          3| 156|   1|
| 161|  6|  40|  6| 168|  1| 168|  1|   168 |     1|       161 |          6| 155|   1|
| 162|  1|  40|  0| 168|  0| 168|  0|   168 |     0|       162 |          1| 155|   0|
| 156|  6|  47|  7| 168|  0| 168|  0|   168 |     0|       158 |          4| 155|   0|
| 155|  1|  13| 34| 168|  0| 168|  0|   168 |     0|       157 |          1| 159|   4|
| 158|  3|  17|  4| 168|  0| 168|  0|   168 |     0|       156 |          1| 168|   9|
| 157|  1|  18|  1| 168|  0| 168|  0|   168 |     0|       155 |          1| 173|   5|
| 168| 11|  15|  3| 168|  0| 168|  0|   168 |     0|       155 |          0| 169|   4|
| 173|  5|   1| 14| 168|  0| 168|  0|   168 |     0|       155 |          0| 169|   0|
| 159| 14|  21| 20| 168|  0| 168|  0|   168 |     0|       159 |          4| 166|   3|
| 155|  4|  29|  8| 168|  0| 168|  0|   168 |     0|       168 |          9| 166|   0|
| 155|  0|  44| 15| 169|  1| 169|  1|   169 |     1|       173 |          5| 154|  12|
| 166| 11|  39|  5| 169|  0| 169|  0|   169 |     0|       169 |          4| 155|   1|
| 169|  3|  21| 18| 169|  0| 169|  0|   169 |     0|       169 |          0| 157|   2|
| 169|  0|  15|  6| 169|  0| 169|  0|   169 |     0|       166 |          3| 163|   6|
| 166|  3|  34| 19| 169|  0| 169|  0|   169 |     0|       166 |          0| 163|   0|
| 154| 12|  33|  1| 169|  0| 169|  0|   169 |     0|       154 |         12| 144|  19|
| 163|  9|  27|  6| 169|  0| 169|  0|   169 |     0|       155 |          1| 144|   0|
| 163|  0|  25|  2| 169|  0| 169|  0|   169 |     0|       157 |          2| 144|   0|
| 155|  8|  28|  3| 169|  0| 169|  0|   169 |     0|       163 |          6| 143|   1|
| 157|  2|  21|  7| 169|  0| 169|  0|   169 |     0|       163 |          0| 143|   0|
| 144| 13|  52| 31| 169|  0| 169|  0|   169 |     0|       144 |         19| 145|   2|
| 143|  1|  71| 19| 169|  0| 169|  0|   169 |     0|       144 |          0| 156|  11|
| 144|  1|  71|  0| 169|  0| 169|  0|   169 |     0|       144 |          0| 166|  10|
| 144|  0|  63|  8| 169|  0| 169|  0|   169 |     0|       143 |          1| 169|   3|
| 145|  1|  74| 11| 169|  0| 169|  0|   169 |     0|       143 |          0| 181|  12|
| 143|  2|  93| 19| 169|  0| 169|  0|   169 |     0|       145 |          2| 182|   1|
| 156| 13|  99|  6| 169|  0| 169|  0|   169 |     0|       156 |         11| 181|   1|
| 166| 10|  84| 15| 170|  1| 170|  1|   170 |     1|       166 |         10| 180|   1|
| 169|  3|  63| 21| 170|  0| 170|  0|   170 |     0|       169 |          3| 176|   4|
| 182| 13|  63|  0| 170|  0| 170|  0|   170 |     0|       181 |         12| 176|   0|
| 181|  1|  67|  4| 170|  0| 170|  0|   170 |     0|       182 |          1| 172|   4|
| 181|  0|  74|  7| 170|  0| 170|  0|   170 |     0|       181 |          1| 171|   1|
| 180|  1|  75|  1| 171|  1| 171|  1|   171 |     1|       180 |          1| 164|   7|
| 172|  8|  79|  4| 171|  0| 171|  0|   171 |     0|       176 |          4| 159|   5|
| 176|  4| 106| 27| 171|  0| 171|  0|   171 |     0|       176 |          0| 157|   2|
| 176|  0| 100|  6| 171|  0| 171|  0|   171 |     0|       172 |          4| 173|  16|
| 164| 12| 100|  0| 171|  0| 171|  0|   171 |     0|       171 |          1| 169|   4|
| 159|  5| 106|  6| 172|  1| 172|  1|   172 |     1|       164 |          7| 167|   2|
| 157|  2|  86| 20| 172|  0| 172|  0|   172 |     0|       159 |          5| 175|   8|
| 171| 14|  76| 10| 172|  0| 172|  0|   172 |     0|       157 |          2| 178|   3|
| 173|  2|  88| 12| 172|  0| 172|  0|   172 |     0|       173 |         16| 179|   1|
| 167|  6|  86|  2| 172|  0| 172|  0|   172 |     0|       169 |          4| 187|   8|
| 169|  2|  95|  9| 172|  0| 172|  0|   172 |     0|       167 |          2| 194|   7|
| 175|  6|  98|  3| 172|  0| 172|  0|   172 |     0|       175 |          8| 194|   0|
| 179|  4| 107|  9| 172|  0| 172|  0|   172 |     0|       178 |          3| 197|   3|
| 178|  1| 103|  4| 173|  1| 173|  1|   173 |     1|       179 |          1| 198|   1|
| 187|  9|  99|  4| 173|  0| 173|  0|   173 |     0|       187 |          8| 176|  22|
| 194|  7| 106|  7| 173|  0| 173|  0|   173 |     0|       194 |          7| 166|  10|
| 198|  4| 108|  2| 173|  0| 173|  0|   173 |     0|       194 |          0|  11|  45|
| 197|  1| 102|  6| 173|  0| 173|  0|   173 |     0|       197 |          3|   6|   5|
| 194|  3| 115| 13| 173|  0| 173|  0|   173 |     0|       198 |          1|   6|   0|
|   6| 12| 114|  1| 173|  0| 173|  0|   173 |     0|       176 |         22| 131|  75|
|   6|  0| 116|  2| 173|  0| 173|  0|   173 |     0|       166 |         10| 140|   9|
|  11|  5|  94| 22| 174|  1| 174|  1|   174 |     1|        11 |         45| 144|   4|
| 176| 35|  87|  7| 174|  0| 174|  0|   174 |     0|         6 |          5| 144|   0|
| 166| 10|  68| 19| 174|  0| 174|  0|   174 |     0|         6 |          0| 149|   5|
| 149| 17|  67|  1| 174|  0| 174|  0|   174 |     0|       131 |         75|  92|  57|
| 144|  5|  60|  7| 174|  0| 174|  0|   174 |     0|       140 |          9|  92|   0|
| 144|  0|  62|  2| 174|  0| 174|  0|   174 |     0|       144 |          4|  83|   9|
| 131| 13|  79| 17| 174|  0| 174|  0|   174 |     0|       144 |          0|  83|   0|
| 140|  9|  85|  6| 174|  0| 174|  0|   174 |     0|       149 |          5|  78|   5|
| 115| 25|  76|  9| 175|  1| 175|  1|   175 |     1|       133 |         16| 112|  34|
| 112|  3|  55| 21| 175|  0| 175|  0|   175 |     0|       125 |          8| 115|   3|
| 125| 13|  61|  6| 175|  0| 175|  0|   175 |     0|       124 |          1| 124|   9|
| 124|  1|  58|  3| 175|  0| 175|  0|   175 |     0|       115 |          9| 125|   1|
| 133|  9|  54|  4| 175|  0| 175|  0|   175 |     0|       112 |          3| 133|   8|
| 128|  5|  50|  4| 176|  1| 176|  1|   176 |     1|       128 |         16| 150|  17|
| 130|  2|  55|  5| 176|  0| 176|  0|   176 |     0|       129 |          1| 150|   0|
| 111| 19|  50|  5| 176|  0| 176|  0|   176 |     0|       130 |          1| 191|  41|
| 129| 18|  41|  9| 176|  0| 176|  0|   176 |     0|       157 |         27|  43|  52|
| 157| 28|  37|  4| 176|  0| 176|  0|   176 |     0|       111 |         46|  39|   4|
| 150|  7|  22| 15| 176|  0| 176|  0|   176 |     0|       150 |         39|  39|   0|
| 150|  0|  16|  6| 176|  0| 176|  0|   176 |     0|       150 |          0|  41|   2|
| 191| 41|  16|  0| 176|  0| 176|  0|   176 |     0|       191 |         41|  52|  11|
|  43| 52|  11|  5| 176|  0| 176|  0|   176 |     0|        43 |         52|  53|   1|
|  39|  4|  10|  1| 177|  1| 177|  1|   177 |     1|        39 |          4|  55|   2|
|  39|  0| 169| 41| 178|  1| 178|  1|   178 |     1|        39 |          0|  48|   7|
|  41|  2| 169|  0| 178|  0| 178|  0|   178 |     0|        41 |          2|  48|   0|
|  52| 11| 162|  7| 178|  0| 178|  0|   178 |     0|        52 |         11|  40|   8|
|  53|  1| 163|  1| 178|  0| 178|  0|   178 |     0|        53 |          1|  59|  19|
|  55|  2| 166|  3| 178|  0| 178|  0|   178 |     0|        55 |          2|  61|   2|
|  48|  7| 153| 13| 178|  0| 178|  0|   178 |     0|        48 |          7|  71|  10|
|  40|  8| 153|  0| 178|  0| 178|  0|   178 |     0|        48 |          0|  73|   2|
|  48|  8| 149|  4| 178|  0| 178|  0|   178 |     0|        40 |          8|  76|   3|
|  59| 11| 155|  6| 178|  0| 178|  0|   178 |     0|        59 |         19|  88|  12|
|  61|  2| 151|  4| 179|  1| 179|  1|   179 |     1|        61 |          2|  94|   6|
|  73| 12| 151|  0| 179|  0| 179|  0|   179 |     0|        71 |         10|  96|   2|
|  76|  3| 151|  0| 179|  0| 179|  0|   179 |     0|        73 |          2| 127|  31|
|  71|  5| 161| 10| 179|  0| 179|  0|   179 |     0|        76 |          3| 130|   3|
|  88| 17| 164|  3| 179|  0| 179|  0|   179 |     0|        88 |         12| 131|   1|
|  94|  6| 178| 14| 179|  0| 179|  0|   179 |     0|        94 |          6| 133|   2|
|  96|  2| 180|  2| 179|  0| 179|  0|   179 |     0|        96 |          2| 150|  17|
| 131| 35| 152| 28| 179|  0| 179|  0|   179 |     0|       127 |         31| 174|  24|
| 127|  4| 153|  1| 179|  0| 179|  0|   179 |     0|       130 |          3| 181|   7|
| 133|  6| 144|  9| 179|  0| 179|  0|   179 |     0|       131 |          1| 181|   0|
| 130|  3| 161| 17| 179|  0| 179|  0|   179 |     0|       133 |          2| 183|   2|
| 183| 53| 154|  7| 179|  0| 179|  0|   179 |     0|       150 |         17| 178|   5|
| 181|  2| 169| 15| 180|  1| 180|  1|   180 |     1|       174 |         24| 175|   3|
| 181|  0| 134| 35| 180|  0| 180|  0|   180 |     0|       181 |          7| 174|   1|
| 174|  7| 128|  6| 180|  0| 180|  0|   180 |     0|       181 |          0| 184|  10|
| 150| 24| 105| 23| 180|  0| 180|  0|   180 |     0|       183 |          2| 184|   0|
| 174| 24| 123| 18| 180|  0| 180|  0|   180 |     0|       178 |          5| 183|   1|
| 175|  1| 126|  3| 180|  0| 180|  0|   180 |     0|       175 |          3| 182|   1|
| 178|  3| 128|  2| 180|  0| 180|  0|   180 |     0|       174 |          1| 155|  27|
| 184|  6| 125|  3| 180|  0| 180|  0|   180 |     0|       184 |         10| 152|   3|
| 184|  0| 160| 35| 180|  0| 180|  0|   180 |     0|       184 |          0| 145|   7|
| 183|  1| 160|  0| 180|  0| 180|  0|   180 |     0|       183 |          1|  38|  93|
| 182|  1| 167|  7| 181|  1| 181|  1|   181 |     1|       182 |          1|  29|   9|
| 152| 30| 168|  1| 181|  0| 181|  0|   181 |     0|       155 |         27|  19|  10|
| 155|  3| 161|  7| 181|  0| 181|  0|   181 |     0|       152 |          3|   1|  18|
| 145| 10| 158|  3| 181|  0| 181|  0|   181 |     0|       145 |          7| 199|   2|
|   1| 56| 154|  4| 181|  0| 181|  0|   181 |     0|        38 |         93|  60|  61|
| 199|  2| 155|  1| 181|  0| 181|  0|   181 |     0|        29 |          9|  51|   9|
|  19| 20| 139| 16| 181|  0| 181|  0|   181 |     0|        19 |         10|  51|   0|
|  29| 10| 132|  7| 181|  0| 181|  0|   181 |     0|         1 |         18|  45|   6|
|  38|  9| 130|  2| 182|  1| 182|  1|   182 |     1|       199 |          2|  45|   0|
|  45|  7| 135|  5| 182|  0| 182|  0|   182 |     0|        60 |         61|  52|   7|
|  51|  6| 127|  8| 182|  0| 182|  0|   182 |     0|        51 |          9|  55|   3|
|  60|  9| 130|  3| 182|  0| 182|  0|   182 |     0|        51 |          0|  36|  19|
|  45| 15| 131|  1| 182|  0| 182|  0|   182 |     0|        45 |          6|  31|   5|
|  51|  6| 142| 11| 182|  0| 182|  0|   182 |     0|        45 |          0|  27|   4|
|  55|  4| 164| 22| 182|  0| 182|  0|   182 |     0|        52 |          7|  26|   1|
|  52|  3| 182| 18| 182|  0| 182|  0|   182 |     0|        55 |          3|  24|   2|
|  36| 16| 169| 13| 183|  1| 183|  1|   183 |     1|        36 |         19|  16|   8|
|  31|  5| 196| 27| 183|  0| 183|  0|   183 |     0|        31 |          5|  11|   5|
|  27|  4| 179| 17| 183|  0| 183|  0|   183 |     0|        27 |          4|   2|   9|
|  24|  3| 179|  0| 183|  0| 183|  0|   183 |     0|        26 |          1|   3|   1|
|  11| 13| 172|  7| 183|  0| 183|  0|   183 |     0|        24 |          2|  22|  19|
|  16|  5| 173|  1| 183|  0| 183|  0|   183 |     0|        16 |          8|  23|   1|
|  26| 10| 166|  7| 184|  1| 184|  1|   184 |     1|        11 |          5|  34|  11|
|   2| 24| 161|  5| 184|  0| 184|  0|   184 |     0|         2 |          9| 199|  35|
|   3|  1| 168|  7| 184|  0| 184|  0|   184 |     0|         3 |          1| 157|  42|
| 199|  4| 166|  2| 184|  0| 184|  0|   184 |     0|        22 |         19| 130|  27|
|  34| 35| 162|  4| 184|  0| 184|  0|   184 |     0|        23 |          1| 129|   1|
|  22| 12| 154|  8| 184|  0| 184|  0|   184 |     0|        34 |         11| 128|   1|
|  23|  1| 174| 20| 185|  1| 185|  1|   185 |     1|       199 |         35| 111|  17|
|  24|  1| 151| 23| 185|  0| 185|  0|   185 |     0|        30 |         31|  30|  81|
|  24|  0| 147|  4| 185|  0| 185|  0|   185 |     0|        24 |          6|  24|   6|
|  30|  6| 160| 13| 185|  0| 185|  0|   185 |     0|        24 |          0|  24|   0|
|  16| 14| 162|  2| 185|  0| 185|  0|   185 |     0|        24 |          0|  24|   0|
|  24|  8| 162|  0| 186|  1| 186|  1|   186 |     1|        16 |          8|  16|   8|
|  33|  9| 163|  1| 187|  1| 187|  1|   187 |     1|        33 |         17|  33|  17|
|  40|  7| 155|  8| 187|  0| 187|  0|   187 |     0|        39 |          6|  39|   6|
|  39|  1| 160|  5| 187|  0| 187|  0|   187 |     0|        39 |          0|  39|   0|
|  39|  0| 154|  6| 187|  0| 187|  0|   187 |     0|        40 |          1|  40|   1|
|  54| 15| 153|  1| 188|  1| 188|  1|   188 |     1|        54 |         14|  54|  14|
|  48|  6| 158|  5| 188|  0| 188|  0|   188 |     0|        54 |          0|  54|   0|
|  42|  6| 180| 22| 188|  0| 188|  0|   188 |     0|        50 |          4|  50|   4|
|  48|  6| 166| 14| 188|  0| 188|  0|   188 |     0|        48 |          2|  48|   2|
|  54|  6| 188| 22| 188|  0| 188|  0|   188 |     0|        48 |          0|  48|   0|
|  50|  4|  10| 22| 188|  0| 188|  0|   188 |     0|        42 |          6|  42|   6|
|  76| 26|   5|  5| 189|  1| 189|  1|   189 |     1|        57 |         15|  76|  34|
|  57| 19|   2|  3| 189|  0| 189|  0|   189 |     0|        58 |          1|  80|   4|
|  58|  1|   5|  3| 189|  0| 189|  0|   189 |     0|        65 |          7|  81|   1|
|  65|  7|  10|  5| 190|  1| 190|  1|   190 |     1|        68 |          3|  82|   1|
|  68|  3|  21| 11| 190|  0| 190|  0|   190 |     0|        76 |          8|  90|   8|
|  82| 14|  26|  5| 190|  0| 190|  0|   190 |     0|        76 |          0|  76|  14|
|  76|  6|  28|  2| 190|  0| 190|  0|   190 |     0|        80 |          4|  68|   8|
|  80|  4|  47| 19| 190|  0| 190|  0|   190 |     0|        81 |          1|  65|   3|
|  81|  1| 160| 87| 190|  0| 190|  0|   190 |     0|        82 |          1|  58|   7|
|  90|  9| 153|  7| 191|  1| 191|  1|   191 |     1|        90 |          8|  57|   1|
|  42| 48| 152|  1| 191|  0| 191|  0|   191 |     0|        87 |          3|  62|   5|
|  41|  1| 180| 28| 191|  0| 191|  0|   191 |     0|        42 |         45|  62|   0|
|  32|  9| 176|  4| 191|  0| 191|  0|   191 |     0|        41 |          1|  69|   7|
|  30|  2| 168|  8| 192|  1| 192|  1|   192 |     1|        32 |          9|  76|   7|
|  87| 57| 172|  4| 192|  0| 192|  0|   192 |     0|        30 |          2|  78|   2|
|  78|  9| 172|  0| 193|  1| 193|  1|   193 |     1|        62 |         32|  67|  11|
|  76|  2| 163|  9| 193|  0| 193|  0|   193 |     0|        62 |          0|  91|  24|
|  69|  7| 176| 13| 194|  1| 194|  1|   194 |     1|        69 |          7|  91|   0|
|  62|  7| 170|  6| 194|  0| 194|  0|   194 |     0|        76 |          7|  94|   3|
|  62|  0| 165|  5| 194|  0| 194|  0|   194 |     0|        78 |          2|  94|   0|
|  67|  5| 167|  2| 194|  0| 194|  0|   194 |     0|        67 |         11|  84|  10|
|  94| 27| 174|  7| 194|  0| 194|  0|   194 |     0|        91 |         24|  84|   0|
|  94|  0| 157| 17| 195|  1| 195|  1|   195 |     1|        91 |          0|  82|   2|
|  91|  3| 151|  6| 195|  0| 195|  0|   195 |     0|        94 |          3|  82|   0|
|  91|  0| 151|  0| 195|  0| 195|  0|   195 |     0|        94 |          0|  81|   1|
|  82|  9| 153|  2| 196|  1| 196|  1|   196 |     1|        84 |         10|  84|   3|
|  84|  2| 145|  8| 196|  0| 196|  0|   196 |     0|        84 |          0|  86|   2|
|  84|  0| 153|  8| 196|  0| 196|  0|   196 |     0|        82 |          2|  88|   2|
|  82|  2| 155|  2| 196|  0| 196|  0|   196 |     0|        82 |          0|  91|   3|
|  81|  1| 146|  9| 196|  0| 196|  0|   196 |     0|        81 |          1|  91|   0|
|  84|  3| 147|  1| 196|  0| 196|  0|   196 |     0|        84 |          3|  85|   6|
|  88|  4| 197| 50| 197|  1| 197|  1|   197 |     1|        86 |          2|  78|   7|
|  86|  2|   1|  4| 197|  0| 197|  0|   197 |     0|        88 |          2|  94|  16|
|  91|  5|  63| 62| 197|  0| 197|  0|   197 |     0|        91 |          3|  94|   0|
|  91|  0|  64|  1| 197|  0| 197|  0|   197 |     0|        91 |          0|  94|   0|
|  78| 13|  62|  2| 197|  0| 197|  0|   197 |     0|        85 |          6|  88|   6|
|  85|  7|  53|  9| 197|  0| 197|  0|   197 |     0|        78 |          7|  87|   1|
|  94|  9|  58|  5| 197|  0| 197|  0|   197 |     0|        94 |         16| 109|  22|
|  94|  0|  62|  4| 198|  1| 198|  1|   198 |     1|        94 |          0| 114|   5|
|  94|  0|  91| 29| 198|  0| 198|  0|   198 |     0|        94 |          0| 117|   3|
|  88|  6|  86|  5| 198|  0| 198|  0|   198 |     0|        88 |          6|  93|  24|
| 117| 29| 102| 16| 198|  0| 198|  0|   198 |     0|        87 |          1|  90|   3|
| 114|  3|  94|  8| 198|  0| 198|  0|   198 |     0|       109 |         22|  88|   2|
| 109|  5|  94|  0| 199|  1| 199|  1|   199 |     1|       114 |          5|  86|   2|
|  87| 22| 100|  6| 199|  0| 199|  0|   199 |     0|       117 |          3|  83|   3|
|  93|  6| 104|  4| 199|  0| 199|  0|   199 |     0|        93 |         24|  42|  41|
|  86|  7|  78| 26| 199|  0| 199|  0|   199 |     0|        90 |          3|  41|   1|
|  88|  2| 102| 24| 199|  0| 199|  0|   199 |     0|        88 |          2|  32|   9|
|  83|  5| 129| 27| 199|  0| 199|  0|   199 |     0|        86 |          2|  30|   2|
--------------------------------------------------------------------------------------
|  228 ns|   40 ns|   59 ns|   96 ns|         97 ns|                   6 ns|   222 ns|
--------------------------------------------------------------------------------------
|    9 ns|    9 ns|    0 ns|    0 ns|          0 ns|                   9 ns|    10 ns|
--------------------------------------------------------------------------------------
|  FIFO  |  LIFO  |  SSTF  |  SCAN  |    C-SCAN    |      N-STEP-SCAN      |  FSCAN  |
--------------------------------------------------------------------------------------
