
The table is organized as such:
| Policy Name |
| Starting Track |
| Next track | Tracks Moved |
| ... |
| Average Seek Length |
| Average Seek Time |
--------------------------------------------------------------------------------------
|  FIFO  |  LIFO  |  SSTF  |  SCAN  |    C-SCAN    |      N-STEP-SCAN      |  FSCAN  |
--------------------------------------------------------------------------------------
|     1  |     1  |     1  |     1  |         1    |                1      |      1  |
--------------------------------------------------------------------------------------
| 137| 64| 179| 22|   1|  0|   1|  0|     1 |     0|       118 |         83| 118|  83|
| 132|  5| 177|  2|   1|  0|   1|  0|     1 |     0|       126 |          8| 126|   8|
| 126|  6| 161| 16|   1|  0|   1|  0|     1 |     0|       132 |          6| 132|   6|
| 118|  8| 178| 17|   1|  0|   1|  0|     1 |     0|       133 |          1| 133|   1|
| 133| 15|   7| 29|   1|  0|   1|  0|     1 |     0|       137 |          4| 137|   4|
| 152| 19|  17| 10|   1|  0|   1|  0|     1 |     0|       138 |          1| 140|   3|
| 145|  7|  17|  0|   1|  0|   1|  0|     1 |     0|       144 |          6| 145|   5|
| 163| 18|   6| 11|   1|  0|   1|  0|     1 |     0|       145 |          1| 151|   6|
| 144| 19| 187| 19|   1|  0|   1|  0|     1 |     0|       152 |          7| 151|   0|
| 138|  6| 190|  3|   1|  0|   1|  0|     1 |     0|       163 |         11| 177|  26|
| 177| 39| 183|  7|   1|  0|   1|  0|     1 |     0|       177 |         14| 148|  29|
| 140| 37| 187|  4|   1|  0|   1|  0|     1 |     0|       151 |         26| 130|  18|
| 145|  5| 184|  3|   1|  0|   1|  0|     1 |     0|       151 |          0| 130|   0|
| 151|  6| 191|  7|   1|  0|   1|  0|     1 |     0|       145 |          6| 128|   2|
| 151|  0| 186|  5|   1|  0|   1|  0|     1 |     0|       140 |          5| 127|   1|
| 148|  3| 186|  0|   1|  0|   1|  0|     1 |     0|       148 |          8| 125|   2|
| 128| 20| 178|  8|   1|  0|   1|  0|     1 |     0|       130 |         18| 100|  25|
| 127|  1| 163| 15|   1|  0|   1|  0|     1 |     0|       130 |          0|  96|   4|
| 130|  3| 163|  0|   2|  1|   2|  1|     2 |     1|       128 |          2|  81|  15|
| 130|  0| 162|  1|   2|  0|   2|  0|     2 |     0|       127 |          1|  78|   3|
| 125|  5| 167|  5|   2|  0|   2|  0|     2 |     0|       125 |          2|  95|  17|
| 100| 25| 167|  0|   2|  0|   2|  0|     2 |     0|       100 |         25|  96|   1|
|  96|  4| 154| 13|   2|  0|   2|  0|     2 |     0|        96 |          4|  99|   3|
|  81| 15| 138| 16|   2|  0|   2|  0|     2 |     0|        81 |         15| 103|   4|
|  78|  3| 139|  1|   2|  0|   2|  0|     2 |     0|        78 |          3| 143|  40|
|  95| 17| 131|  8|   2|  0|   2|  0|     2 |     0|        95 |         17| 142|   1|
|  96|  1| 128|  3|   3|  1|   3|  1|     3 |     1|        96 |          1| 140|   2|
|  99|  3| 128|  0|   3|  0|   3|  0|     3 |     0|        99 |          3| 128|  12|
| 103|  4| 123|  5|   3|  0|   3|  0|     3 |     0|       103 |          4| 128|   0|
| 143| 40| 142| 19|   3|  0|   3|  0|     3 |     0|       143 |         40| 146|  18|
| 142|  1| 141|  1|   4|  1|   4|  1|     4 |     1|       142 |          1| 143|   3|
| 146|  4| 143|  2|   4|  0|   4|  0|     4 |     0|       140 |          2| 143|   0|
| 140|  6| 145|  2|   4|  0|   4|  0|     4 |     0|       128 |         12| 139|   4|
| 128| 12| 173| 28|   4|  0|   4|  0|     4 |     0|       128 |          0| 100|  39|
| 128|  0| 193| 20|   4|  0|   4|  0|     4 |     0|       146 |         18|  94|   6|
| 139| 11| 200|  7|   4|  0|   4|  0|     4 |     0|       143 |          3| 102|   8|
| 143|  4| 189| 11|   4|  0|   4|  0|     4 |     0|       143 |          0|  77|  25|
| 143|  0| 198|  9|   5|  1|   5|  1|     5 |     1|       139 |          4|  63|  14|
|  94| 49| 198|  0|   5|  0|   5|  0|     5 |     0|       100 |         39|  58|   5|
| 100|  6|   5|  7|   5|  0|   5|  0|     5 |     0|        94 |          6|  38|  20|
| 102|  2| 199|  6|   5|  0|   5|  0|     5 |     0|       102 |          8|  28|  10|
|  77| 25| 200|  1|   5|  0|   5|  0|     5 |     0|        77 |         25|  24|   4|
|  58| 19| 192|  8|   5|  0|   5|  0|     5 |     0|        63 |         14|  49|  25|
|  63|  5| 195|  3|   6|  1|   6|  1|     6 |     1|        58 |          5|  51|   2|
|  38| 25| 186|  9|   6|  0|   6|  0|     6 |     0|        38 |         20|  62|  11|
|  24| 14| 197| 11|   6|  0|   6|  0|     6 |     0|        28 |         10|  62|   0|
|  28|  4| 187| 10|   6|  0|   6|  0|     6 |     0|        24 |          4|  32|  30|
|  51| 23| 193|  6|   6|  0|   6|  0|     6 |     0|        49 |         25|  23|   9|
|  49|  2| 183| 10|   6|  0|   6|  0|     6 |     0|        51 |          2|  98|  75|
|  62| 13| 181|  2|   6|  0|   6|  0|     6 |     0|        62 |         11| 112|  14|
|  62|  0| 185|  4|   7|  1|   7|  1|     7 |     1|        62 |          0|  20|  92|
|  98| 36| 179|  6|   7|  0|   7|  0|     7 |     0|        32 |         30|  17|   3|
| 112| 14| 179|  0|   7|  0|   7|  0|     7 |     0|        23 |          9|  12|   5|
|  23| 89| 184|  5|   7|  0|   7|  0|     7 |     0|        98 |         75| 174|  38|
|  32|  9| 184|  0|   7|  0|   7|  0|     7 |     0|       112 |         14| 186|  12|
|  20| 12| 190|  6|   7|  0|   7|  0|     7 |     0|        20 |         92| 182|   4|
|  17|  3| 180| 10|   7|  0|   7|  0|     7 |     0|        17 |          3| 178|   4|
|  12|  5| 168| 12|   7|  0|   7|  0|     7 |     0|        12 |          5| 176|   2|
| 186| 26| 158| 10|   8|  1|   8|  1|     8 |     1|       174 |         38| 175|   1|
| 174| 12| 155|  3|   8|  0|   8|  0|     8 |     0|       186 |         12| 165|  10|
| 175|  1| 151|  4|   8|  0|   8|  0|     8 |     0|       182 |          4| 175|  10|
| 165| 10| 177| 26|   9|  1|   9|  1|     9 |     1|       178 |          4| 178|   3|
| 178| 13| 177|  0|   9|  0|   9|  0|     9 |     0|       176 |          2| 191|  13|
| 182|  4| 178|  1|   9|  0|   9|  0|     9 |     0|       175 |          1| 195|   4|
| 176|  6| 194| 16|  10|  1|  10|  1|    10 |     1|       165 |         10| 147|  48|
| 178|  2|  22| 28|  10|  0|  10|  0|    10 |     0|       175 |         10| 152|   5|
| 147| 31|  18|  4|  10|  0|  10|  0|    10 |     0|       178 |          3| 172|  20|
| 195| 48|  23|  5|  10|  0|  10|  0|    10 |     0|       191 |         13| 183|  11|
| 191|  4|  12| 11|  11|  1|  11|  1|    11 |     1|       195 |          4| 187|   4|
| 175| 16|  16|  4|  11|  0|  11|  0|    11 |     0|       147 |         48| 145|  42|
| 172|  3| 195| 21|  11|  0|  11|  0|    11 |     0|       152 |          5| 139|   6|
| 183| 11|   2|  7|  11|  0|  11|  0|    11 |     0|       172 |         20| 132|   7|
| 187|  4|   7|  5|  11|  0|  11|  0|    11 |     0|       183 |         11| 132|   0|
| 152| 35| 182| 25|  12|  1|  12|  1|    12 |     1|       187 |          4| 131|   1|
| 145|  7| 183|  1|  12|  0|  12|  0|    12 |     0|       145 |         42|  61|  70|
| 132| 13| 189|  6|  12|  0|  12|  0|    12 |     0|       139 |          6|  61|   0|
| 139|  7| 189|  0|  12|  0|  12|  0|    12 |     0|       132 |          7|  62|   1|
| 132|  7| 179| 10|  12|  0|  12|  0|    12 |     0|       132 |          0|  83|  21|
| 131|  1| 182|  3|  12|  0|  12|  0|    12 |     0|       131 |          1|  95|  12|
|  61| 70| 189|  7|  12|  0|  12|  0|    12 |     0|        61 |         70|  58|  37|
|  62|  1| 189|  0|  12|  0|  12|  0|    12 |     0|        61 |          0|  60|   2|
|  83| 21| 188|  1|  13|  1|  13|  1|    13 |     1|        62 |          1|  66|   6|
|  95| 12| 162| 26|  13|  0|  13|  0|    13 |     0|        83 |         21|  67|   1|
|  61| 34| 155|  7|  14|  1|  14|  1|    14 |     1|        95 |         12|  67|   0|
|  58|  3| 146|  9|  14|  0|  14|  0|    14 |     0|        58 |         37|  73|   6|
|  60|  2| 104| 42|  14|  0|  14|  0|    14 |     0|        60 |          2|  72|   1|
|  67|  7| 107|  3|  14|  0|  14|  0|    14 |     0|        66 |          6|  70|   2|
|  73|  6|  91| 16|  14|  0|  14|  0|    14 |     0|        67 |          1|  60|  10|
|  66|  7|  89|  2|  14|  0|  14|  0|    14 |     0|        67 |          0|  74|  14|
|  67|  1|   1| 88|  14|  0|  14|  0|    14 |     0|        73 |          6|  82|   8|
|  70|  3| 117| 84|  15|  1|  15|  1|    15 |     1|        72 |          1|  64|  18|
|  74|  4| 124|  7|  15|  0|  15|  0|    15 |     0|        70 |          2|  64|   0|
|  72|  2| 147| 23|  15|  0|  15|  0|    15 |     0|        60 |         10|  39|  25|
|  82| 10| 146|  1|  16|  1|  16|  1|    16 |     1|        74 |         14|  24|  15|
|  60| 22| 139|  7|  16|  0|  16|  0|    16 |     0|        82 |          8|  22|   2|
|  64|  4| 133|  6|  16|  0|  16|  0|    16 |     0|        64 |         18|  36|  14|
|  64|  0| 134|  1|  16|  0|  16|  0|    16 |     0|        64 |          0|  37|   1|
|  24| 40| 124| 10|  16|  0|  16|  0|    16 |     0|        39 |         25|  38|   1|
|  22|  2| 148| 24|  16|  0|  16|  0|    16 |     0|        24 |         15|  47|   9|
|  39| 17| 157|  9|  16|  0|  16|  0|    16 |     0|        22 |          2|  59|  12|
|  36|  3| 186| 29|  16|  0|  16|  0|    16 |     0|        36 |         14|  63|   4|
|  37|  1| 193|  7|  17|  1|  17|  1|    17 |     1|        37 |          1|  64|   1|
|  38|  1| 200|  7|  17|  0|  17|  0|    17 |     0|        38 |          1|  66|   2|
|  47|  9|   1|  1|  17|  0|  17|  0|    17 |     0|        47 |          9|  68|   2|
|  59| 12|  48| 47|  17|  0|  17|  0|    17 |     0|        59 |         12|  72|   4|
|  68|  9|  58| 10|  17|  0|  17|  0|    17 |     0|        63 |          4|  77|   5|
|  72|  4|  56|  2|  17|  0|  17|  0|    17 |     0|        64 |          1|  90|  13|
|  64|  8|  61|  5|  17|  0|  17|  0|    17 |     0|        66 |          2| 112|  22|
|  63|  1| 114| 53|  17|  0|  17|  0|    17 |     0|        68 |          2| 113|   1|
|  66|  3| 117|  3|  17|  0|  17|  0|    17 |     0|        72 |          4| 117|   4|
|  77| 11| 116|  1|  18|  1|  18|  1|    18 |     1|        77 |          5| 108|   9|
|  90| 13| 116|  0|  18|  0|  18|  0|    18 |     0|        90 |         13| 105|   3|
| 112| 22| 107|  9|  18|  0|  18|  0|    18 |     0|       112 |         22| 105|   0|
| 113|  1| 131| 24|  18|  0|  18|  0|    18 |     0|       113 |          1|  18|  87|
| 117|  4| 132|  1|  18|  0|  18|  0|    18 |     0|       117 |          4|   1|  17|
| 108|  9| 131|  1|  18|  0|  18|  0|    18 |     0|       108 |          9|   9|   8|
| 105|  3| 160| 29|  18|  0|  18|  0|    18 |     0|       105 |          3| 150|  59|
| 105|  0| 158|  2|  18|  0|  18|  0|    18 |     0|       105 |          0| 155|   5|
|   1| 96| 158|  0|  19|  1|  19|  1|    19 |     1|        18 |         87| 164|   9|
|  18| 17| 159|  1|  19|  0|  19|  0|    19 |     0|         1 |         17| 186|  22|
|   9|  9| 159|  0|  19|  0|  19|  0|    19 |     0|         9 |          8| 152|  34|
| 186| 23| 122| 37|  19|  0|  19|  0|    19 |     0|       150 |         59| 141|  11|
| 150| 36| 122|  0|  19|  0|  19|  0|    19 |     0|       155 |          5| 139|   2|
| 155|  5| 122|  0|  19|  0|  19|  0|    19 |     0|       164 |          9| 129|  10|
| 164|  9| 182| 60|  20|  1|  20|  1|    20 |     1|       186 |         22| 126|   3|
| 141| 23| 198| 16|  20|  0|  20|  0|    20 |     0|       152 |         34| 123|   3|
| 139|  2|   1|  3|  20|  0|  20|  0|    20 |     0|       141 |         11| 128|   5|
| 152| 13|   1|  0|  20|  0|  20|  0|    20 |     0|       139 |          2| 128|   0|
| 129| 23|  24| 23|  20|  0|  20|  0|    20 |     0|       129 |         10| 134|   6|
| 126|  3|   2| 22|  21|  1|  21|  1|    21 |     1|       126 |          3| 147|  13|
| 123|  3|  21| 19|  21|  0|  21|  0|    21 |     0|       123 |          3| 139|   8|
| 134| 11|  30|  9|  21|  0|  21|  0|    21 |     0|       128 |          5|   3|  64|
| 128|  6|  29|  1|  21|  0|  21|  0|    21 |     0|       128 |          0|   1|   2|
| 128|  0|  41| 12|  21|  0|  21|  0|    21 |     0|       134 |          6| 184|  17|
| 147| 19|  26| 15|  21|  0|  21|  0|    21 |     0|       147 |         13| 190|   6|
| 139|  8|  33|  7|  22|  1|  22|  1|    22 |     1|       139 |          8| 161|  29|
|   1| 62|  42|  9|  22|  0|  22|  0|    22 |     0|         3 |         64| 158|   3|
|   3|  2|  41|  1|  22|  0|  22|  0|    22 |     0|         1 |          2| 146|  12|
| 190| 13|  34|  7|  23|  1|  23|  1|    23 |     1|       184 |         17| 135|  11|
| 184|  6|  33|  1|  23|  0|  23|  0|    23 |     0|       190 |          6| 130|   5|
| 161| 23|  25|  8|  23|  0|  23|  0|    23 |     0|       161 |         29| 142|  12|
| 158|  3|  47| 22|  23|  0|  23|  0|    23 |     0|       158 |          3| 167|  25|
| 130| 28|  60| 13|  23|  0|  23|  0|    23 |     0|       146 |         12| 169|   2|
| 135|  5|  70| 10|  23|  0|  23|  0|    23 |     0|       135 |         11| 170|   1|
| 146| 11|  70|  0|  23|  0|  23|  0|    23 |     0|       130 |          5| 184|  14|
| 170| 24|  58| 12|  24|  1|  24|  1|    24 |     1|       142 |         12|  21|  37|
| 167|  3|  58|  0|  24|  0|  24|  0|    24 |     0|       167 |         25|  19|   2|
| 169|  2|  68| 10|  24|  0|  24|  0|    24 |     0|       169 |          2|   9|  10|
| 142| 27|  67|  1|  24|  0|  24|  0|    24 |     0|       170 |          1|   8|   1|
| 184| 42|  81| 14|  24|  0|  24|  0|    24 |     0|       184 |         14|   8|   0|
|   8| 24|  66| 15|  24|  0|  24|  0|    24 |     0|        21 |         37|  19|  11|
|   9|  1|  66|  0|  24|  0|  24|  0|    24 |     0|        19 |          2|  21|   2|
|   8|  1|  65|  1|  24|  0|  24|  0|    24 |     0|         9 |         10|  26|   5|
|  21| 13|  57|  8|  24|  0|  24|  0|    24 |     0|         8 |          1|  26|   0|
|  19|  2|  43| 14|  24|  0|  24|  0|    24 |     0|         8 |          0|  27|   1|
|  21|  2|  41|  2|  24|  0|  24|  0|    24 |     0|        19 |         11|  33|   6|
|  26|  5|  54| 13|  25|  1|  25|  1|    25 |     1|        21 |          2|  51|  18|
|  26|  0|  50|  4|  25|  0|  25|  0|    25 |     0|        26 |          5|  76|  25|
|  27|  1|  54|  4|  25|  0|  25|  0|    25 |     0|        26 |          0|  84|   8|
|  19|  8|  73| 19|  25|  0|  25|  0|    25 |     0|        27 |          1|  24|  60|
|  33| 14|  67|  6|  25|  0|  25|  0|    25 |     0|        33 |          6|  84|  60|
|  51| 18|  50| 17|  25|  0|  25|  0|    25 |     0|        51 |         18|  86|   2|
|  24| 27|  31| 19|  26|  1|  26|  1|    26 |     1|        76 |         25| 101|  15|
|  76| 52|  82| 51|  26|  0|  26|  0|    26 |     0|        84 |          8| 124|  23|
|  84|  8|  57| 25|  26|  0|  26|  0|    26 |     0|        24 |         60| 128|   4|
|  84|  0|  45| 12|  26|  0|  26|  0|    26 |     0|        84 |         60| 132|   4|
|  86|  2|  45|  0|  26|  0|  26|  0|    26 |     0|        86 |          2| 145|  13|
| 101| 15|  41|  4|  26|  0|  26|  0|    26 |     0|       101 |         15| 147|   2|
| 124| 23|  52| 11|  26|  0|  26|  0|    26 |     0|       124 |         23| 154|   7|
| 128|  4|  56|  4|  26|  0|  26|  0|    26 |     0|       128 |          4| 117|  37|
| 132|  4|  55|  1|  27|  1|  27|  1|    27 |     1|       132 |          4| 116|   1|
| 147| 15|  45| 10|  27|  0|  27|  0|    27 |     0|       145 |         13| 136|  20|
| 154|  7|  52|  7|  27|  0|  27|  0|    27 |     0|       147 |          2| 169|  33|
| 145|  9|  48|  4|  27|  0|  27|  0|    27 |     0|       154 |          7| 170|   1|
| 117| 28|  30| 18|  27|  0|  27|  0|    27 |     0|       117 |         37| 170|   0|
| 116|  1|  37|  7|  27|  0|  27|  0|    27 |     0|       116 |          1| 175|   5|
| 136| 20| 196| 41|  27|  0|  27|  0|    27 |     0|       136 |         20| 178|   3|
| 169| 33| 194|  2|  27|  0|  27|  0|    27 |     0|       169 |         33| 178|   0|
| 170|  1| 194|  0|  27|  0|  27|  0|    27 |     0|       170 |          1| 182|   4|
| 170|  0| 196|  2|  28|  1|  28|  1|    28 |     1|       170 |          0| 185|   3|
| 178|  8|   6| 10|  28|  0|  28|  0|    28 |     0|       175 |          5| 181|   4|
| 178|  0|   6|  0|  28|  0|  28|  0|    28 |     0|       178 |          3| 176|   5|
| 185|  7| 200|  6|  28|  0|  28|  0|    28 |     0|       178 |          0| 176|   0|
| 182|  3|   4|  4|  28|  0|  28|  0|    28 |     0|       182 |          4| 175|   1|
| 175|  7|   3|  1|  29|  1|  29|  1|    29 |     1|       185 |          3| 167|   8|
| 181|  6|   1|  2|  29|  0|  29|  0|    29 |     0|       181 |          4| 149|  18|
| 175|  6|   2|  1|  29|  0|  29|  0|    29 |     0|       176 |          5| 149|   0|
| 176|  1| 182| 20|  29|  0|  29|  0|    29 |     0|       176 |          0| 149|   0|
| 176|  0| 182|  0|  29|  0|  29|  0|    29 |     0|       175 |          1|  17|  68|
| 167|  9| 186|  4|  29|  0|  29|  0|    29 |     0|       167 |          8|   2|  15|
| 149| 18| 179|  7|  29|  0|  29|  0|    29 |     0|       149 |         18|  14|  12|
| 149|  0| 179|  0|  29|  0|  29|  0|    29 |     0|       149 |          0|  16|   2|
| 149|  0| 176|  3|  29|  0|  29|  0|    29 |     0|       149 |          0| 186|  30|
|   2| 53| 174|  2|  29|  0|  29|  0|    29 |     0|        17 |         68| 192|   6|
|  17| 15| 177|  3|  30|  1|  30|  1|    30 |     1|         2 |         15| 192|   0|
|  16|  1| 190| 13|  30|  0|  30|  0|    30 |     0|        14 |         12| 186|   6|
| 192| 24| 177| 13|  30|  0|  30|  0|    30 |     0|        16 |          2| 181|   5|
| 192|  0|   1| 24|  30|  0|  30|  0|    30 |     0|       186 |         30| 171|  10|
|  14| 22|   1|  0|  30|  0|  30|  0|    30 |     0|       192 |          6| 166|   5|
| 186| 28|   7|  6|  30|  0|  30|  0|    30 |     0|       192 |          0| 162|   4|
| 186|  0|  25| 18|  30|  0|  30|  0|    30 |     0|       186 |          6| 174|  12|
| 181|  5|  23|  2|  30|  0|  30|  0|    30 |     0|       181 |          5| 178|   4|
| 171| 10|  24|  1|  30|  0|  30|  0|    30 |     0|       171 |         10| 180|   2|
| 166|  5|  30|  6|  30|  0|  30|  0|    30 |     0|       166 |          5| 182|   2|
| 162|  4|  26|  4|  31|  1|  31|  1|    31 |     1|       162 |          4| 186|   4|
| 180| 18|  27|  1|  31|  0|  31|  0|    31 |     0|       174 |         12| 195|   9|
| 174|  6|  24|  3|  31|  0|  31|  0|    31 |     0|       178 |          4| 158|  37|
| 178|  4|  23|  1|  31|  0|  31|  0|    31 |     0|       180 |          2| 156|   2|
| 182|  4|  25|  2|  31|  0|  31|  0|    31 |     0|       182 |          2| 154|   2|
| 186|  4|  47| 22|  31|  0|  31|  0|    31 |     0|       186 |          4| 148|   6|
| 195|  9|  43|  4|  31|  0|  31|  0|    31 |     0|       195 |          9| 155|   7|
| 156| 39|  42|  1|  31|  0|  31|  0|    31 |     0|       158 |         37| 157|   2|
| 158|  2|  59| 17|  31|  0|  31|  0|    31 |     0|       156 |          2| 158|   1|
| 154|  4|  29| 30|  31|  0|  31|  0|    31 |     0|       154 |          2| 121|  37|
| 148|  6|  27|  2|  32|  1|  32|  1|    32 |     1|       148 |          6| 119|   2|
| 157|  9|  19|  8|  32|  0|  32|  0|    32 |     0|       155 |          7| 116|   3|
| 155|  2|  29| 10|  32|  0|  32|  0|    32 |     0|       157 |          2| 113|   3|
| 158|  3|  33|  4|  32|  0|  32|  0|    32 |     0|       158 |          1| 121|   8|
| 119| 39|  36|  3|  32|  0|  32|  0|    32 |     0|       121 |         37| 161|  40|
| 121|  2|  24| 12|  32|  0|  32|  0|    32 |     0|       119 |          2| 163|   2|
| 116|  5|  10| 14|  32|  0|  32|  0|    32 |     0|       116 |          3| 162|   1|
| 113|  3|  27| 17|  33|  1|  33|  1|    33 |     1|       113 |          3|  19|  57|
| 121|  8|  35|  8|  33|  0|  33|  0|    33 |     0|       121 |          8|   1|  18|
| 161| 40|  20| 15|  33|  0|  33|  0|    33 |     0|       161 |         40| 172|  29|
| 163|  2|  32| 12|  33|  0|  33|  0|    33 |     0|       163 |          2| 177|   5|
| 162|  1|  31|  1|  33|  0|  33|  0|    33 |     0|       162 |          1|  17|  40|
| 172| 10|  37|  6|  33|  0|  33|  0|    33 |     0|        19 |         57|  17|   0|
| 177|  5|  33|  4|  33|  0|  33|  0|    33 |     0|         1 |         18|   6|  11|
|  19| 42|  32|  1|  34|  1|  34|  1|    34 |     1|       172 |         29|   1|   5|
|   1| 18|  24|  8|  34|  0|  34|  0|    34 |     0|       177 |          5| 199|   2|
|   6|  5|  23|  1|  34|  0|  34|  0|    34 |     0|        17 |         40| 193|   6|
|  17| 11|  31|  8|  34|  0|  34|  0|    34 |     0|        17 |          0| 174|  19|
|  17|  0|  35|  4|  34|  0|  34|  0|    34 |     0|         6 |         11|  13|  39|
| 199| 18|  46| 11|  34|  0|  34|  0|    34 |     0|         1 |          5|  12|   1|
|   1|  2|  46|  0|  34|  0|  34|  0|    34 |     0|       199 |          2|   6|   6|
| 174| 27|  46|  0|  34|  0|  34|  0|    34 |     0|       193 |          6| 138|  68|
| 193| 19|  44|  2|  34|  0|  34|  0|    34 |     0|       174 |         19| 144|   6|
|   6| 13|  36|  8|  34|  0|  34|  0|    34 |     0|        13 |         39| 145|   1|
|  13|  7|  43|  7|  34|  0|  34|  0|    34 |     0|        12 |          1| 152|   7|
|  12|  1|  35|  8|  35|  1|  35|  1|    35 |     1|         6 |          6| 163|  11|
| 200| 12|  50| 15|  35|  0|  35|  0|    35 |     0|        15 |          9| 198|  35|
| 200|  0|  37| 13|  35|  0|  35|  0|    35 |     0|       198 |         17| 200|   2|
| 198|  2|  40|  3|  35|  0|  35|  0|    35 |     0|       200 |          2| 200|   0|
|   1|  3|  65| 25|  35|  0|  35|  0|    35 |     0|       200 |          0|  15|  15|
|  15| 14|  69|  4|  35|  0|  35|  0|    35 |     0|         1 |          1|   1|  14|
|   5| 10|  61|  8|  35|  0|  35|  0|    35 |     0|         5 |          4|  29|  28|
| 189| 16|  65|  4|  35|  0|  35|  0|    35 |     0|        34 |         29|  29|   0|
|  57| 68|  63|  2|  36|  1|  36|  1|    36 |     1|        37 |          3|  34|   5|
|  37| 20|  62|  1|  36|  0|  36|  0|    36 |     0|        57 |         20|  40|   6|
|  34|  3|  19| 43|  36|  0|  36|  0|    36 |     0|       189 |         68|  58|  18|
|  34|  0|  21|  2|  36|  0|  36|  0|    36 |     0|        58 |         69|  65|   7|
|  29|  5|  64| 43|  37|  1|  37|  1|    37 |     1|        40 |         18|  66|   1|
|  29|  0|  58|  6|  37|  0|  37|  0|    37 |     0|        34 |          6|  71|   5|
|  40| 11|  56|  2|  37|  0|  37|  0|    37 |     0|        29 |          5|  56|  15|
|  58| 18|  64|  8|  37|  0|  37|  0|    37 |     0|        29 |          0|  37|  19|
|  71| 13|  62|  2|  37|  0|  37|  0|    37 |     0|        37 |          8|  35|   2|
|  65|  6|  80| 18|  37|  0|  37|  0|    37 |     0|        56 |         19|  31|   4|
|  66|  1|  86|  6|  37|  0|  37|  0|    37 |     0|        65 |          9|  31|   0|
|  56| 10|  91|  5|  37|  0|  37|  0|    37 |     0|        66 |          1|  26|   5|
|  37| 19|  98|  7|  37|  0|  37|  0|    37 |     0|        71 |          5|  10|  16|
|  31|  6| 102|  4|  38|  1|  38|  1|    38 |     1|        35 |         36|  16|   6|
|  31|  0|  99|  3|  38|  0|  38|  0|    38 |     0|        31 |          4|  17|   1|
|  26|  5| 107|  8|  38|  0|  38|  0|    38 |     0|        31 |          0|  19|   2|
|  35|  9| 112|  5|  38|  0|  38|  0|    38 |     0|        26 |          5|  27|   8|
|  10| 25| 123| 11|  39|  1|  39|  1|    39 |     1|        10 |         16|  37|  10|
|  19|  9| 124|  1|  39|  0|  39|  0|    39 |     0|        16 |          6|  42|   5|
|  16|  3| 112| 12|  39|  0|  39|  0|    39 |     0|        17 |          1|  57|  15|
|  17|  1| 105|  7|  39|  0|  39|  0|    39 |     0|        19 |          2|  60|   3|
|  27| 10| 105|  0|  39|  0|  39|  0|    39 |     0|        27 |          8|  67|   7|
|  37| 10| 112|  7|  39|  0|  39|  0|    39 |     0|        37 |         10|  67|   0|
|  42|  5| 107|  5|  39|  0|  39|  0|    39 |     0|        42 |          5|  70|   3|
|  60| 18| 109|  2|  40|  1|  40|  1|    40 |     1|        57 |         15|  72|   2|
|  67|  7| 123| 14|  40|  0|  40|  0|    40 |     0|        60 |          3|  75|   3|
|  67|  0| 106| 17|  40|  0|  40|  0|    40 |     0|        67 |          7|  76|   1|
|  57| 10| 106|  0|  40|  0|  40|  0|    40 |     0|        67 |          0|  84|   8|
|  75| 18| 103|  3|  41|  1|  41|  1|    41 |     1|        70 |          3|  71|  13|
|  70|  5| 109|  6|  41|  0|  41|  0|    41 |     0|        72 |          2|  68|   3|
|  84| 14|  77| 32|  41|  0|  41|  0|    41 |     0|        75 |          3|   1|  67|
|  76|  8|  68|  9|  41|  0|  41|  0|    41 |     0|        76 |          1|   1|   0|
|  72|  4|  58| 10|  41|  0|  41|  0|    41 |     0|        84 |          8| 200|   1|
|  68|  4|  60|  2|  42|  1|  42|  1|    42 |     1|        71 |         13| 197|   3|
|  71|  3|  58|  2|  42|  0|  42|  0|    42 |     0|        68 |          3|  59|  62|
|   1| 70|  57|  1|  42|  0|  42|  0|    42 |     0|         1 |         67|  59|   0|
| 200|  1|  34| 23|  42|  0|  42|  0|    42 |     0|         1 |          0|  58|   1|
|   1|  1|  31|  3|  42|  0|  42|  0|    42 |     0|       200 |          1|  21|  37|
| 197|  4|  39|  8|  42|  0|  42|  0|    42 |     0|       197 |          3|   5|  16|
|  21| 24|  34|  5|  42|  0|  42|  0|    42 |     0|        59 |         62|  34|  29|
|  59| 38|  30|  4|  43|  1|  43|  1|    43 |     1|        59 |          0|  37|   3|
|  58|  1|  14| 16|  43|  0|  43|  0|    43 |     0|        58 |          1|  57|  20|
|  59|  1|   2| 12|  43|  0|  43|  0|    43 |     0|        21 |         37| 189|  68|
|  42| 17|   4|  2|  43|  0|  43|  0|    43 |     0|        37 |         16|  57|  68|
|  42|  0| 196|  8|  43|  0|  43|  0|    43 |     0|        42 |          5|  42|  15|
|  42|  0|  11| 15|  43|  0|  43|  0|    43 |     0|        42 |          0|  42|   0|
|  57| 15|  40| 29|  44|  1|  44|  1|    44 |     1|        42 |          0|  42|   0|
|  37| 20|  58| 18|  44|  0|  44|  0|    44 |     0|        57 |         15|  37|   5|
|  53| 16|  59|  1|  45|  1|  45|  1|    45 |     1|        53 |          4|  39|   2|
|  42| 11|  57|  2|  45|  0|  45|  0|    45 |     0|        46 |          7|  47|   8|
|  29| 13|  64|  7|  45|  0|  45|  0|    45 |     0|        42 |          4|  50|   3|
|  32|  3|  40| 24|  45|  0|  45|  0|    45 |     0|        32 |         10|  50|   0|
|  46| 14|  68| 28|  45|  0|  45|  0|    45 |     0|        29 |          3|  55|   5|
|  50|  4|  64|  4|  46|  1|  46|  1|    46 |     1|        39 |         10|  55|   0|
|  47|  3|  67|  3|  46|  0|  46|  0|    46 |     0|        47 |          8|  45|  10|
|  39|  8|  70|  3|  46|  0|  46|  0|    46 |     0|        50 |          3|  58|  13|
|  50| 11|  72|  2|  46|  0|  46|  0|    46 |     0|        50 |          0|  62|   4|
|  55|  5|  61| 11|  46|  0|  46|  0|    46 |     0|        55 |          5|  65|   3|
|  55|  0|  10| 51|  46|  0|  46|  0|    46 |     0|        55 |          0|  16|  49|
|  62|  7| 184| 26|  47|  1|  47|  1|    47 |     1|        45 |         10|  11|   5|
|  58|  4| 152| 32|  47|  0|  47|  0|    47 |     0|        58 |         13|   8|   3|
|  65|  7| 158|  6|  47|  0|  47|  0|    47 |     0|        62 |          4|   7|   1|
|  45| 20| 158|  0|  47|  0|  47|  0|    47 |     0|        65 |          3|   4|   3|
|   4| 41| 120| 38|  47|  0|  47|  0|    47 |     0|        16 |         49|   5|   1|
|   8|  4| 124|  4|  48|  1|  48|  1|    48 |     1|        11 |          5|   5|   0|
|   7|  1| 105| 19|  48|  0|  48|  0|    48 |     0|         8 |          3|   6|   1|
|  16|  9|  88| 17|  48|  0|  48|  0|    48 |     0|         7 |          1|  11|   5|
|  11|  5|  87|  1|  48|  0|  48|  0|    48 |     0|         4 |          3| 195|  16|
|  11|  0|  62| 25|  48|  0|  48|  0|    48 |     0|         5 |          1| 191|   4|
|   6|  5|  80| 18|  49|  1|  49|  1|    49 |     1|         5 |          0|   5|  14|
|   5|  1|  60| 20|  50|  1|  50|  1|    50 |     1|         6 |          1| 196|   9|
|   5|  0|  55|  5|  50|  0|  50|  0|    50 |     0|        11 |          5| 197|   1|
| 195| 10|  51|  4|  50|  0|  50|  0|    50 |     0|       195 |         16| 199|   2|
| 191|  4|  60|  9|  50|  0|  50|  0|    50 |     0|       191 |          4| 185|  14|
| 199|  8|  61|  1|  50|  0|  50|  0|    50 |     0|         5 |         14|   5|  20|
| 197|  2|  60|  1|  50|  0|  50|  0|    50 |     0|       196 |          9|   2|   3|
| 196|  1|  79| 19|  51|  1|  51|  1|    51 |     1|       197 |          1|   2|   0|
|   5|  9|  77|  2|  51|  0|  51|  0|    51 |     0|       199 |          2|   2|   0|
|   5|  0|  68|  9|  51|  0|  51|  0|    51 |     0|       185 |         14|  10|   8|
| 185| 20|  77|  9|  52|  1|  52|  1|    52 |     1|         5 |         20|  20|  10|
|   2| 17|  97| 20|  52|  0|  52|  0|    52 |     0|         2 |          3|  29|   9|
|   2|  0|  98|  1|  52|  0|  52|  0|    52 |     0|         2 |          0|  33|   4|
|   2|  0|  96|  2|  52|  0|  52|  0|    52 |     0|         2 |          0|  38|   5|
|  29| 27|  99|  3|  52|  0|  52|  0|    52 |     0|        10 |          8|  35|   3|
|  10| 19|  97|  2|  53|  1|  53|  1|    53 |     1|        20 |         10|  46|  11|
|  20| 10|  98|  1|  53|  0|  53|  0|    53 |     0|        29 |          9|  71|  25|
|  33| 13|  98|  0|  53|  0|  53|  0|    53 |     0|        33 |          4|  78|   7|
|  38|  5|  99|  1|  53|  0|  53|  0|    53 |     0|        38 |          5|  87|   9|
|  35|  3|  99|  0|  54|  1|  54|  1|    54 |     1|        35 |          3|  94|   7|
|  46| 11| 103|  4|  54|  0|  54|  0|    54 |     0|        46 |         11|  80|  14|
|  78| 32| 108|  5|  54|  0|  54|  0|    54 |     0|        71 |         25|  78|   2|
|  71|  7|  74| 34|  55|  1|  55|  1|    55 |     1|        78 |          7|  72|   6|
|  87| 16|  82|  8|  55|  0|  55|  0|    55 |     0|        87 |          9|  66|   6|
|  94|  7|  80|  2|  55|  0|  55|  0|    55 |     0|        94 |          7|  70|   4|
|  72| 22|  80|  0|  55|  0|  55|  0|    55 |     0|        80 |         14|  94|  24|
|  66|  6|  79|  1|  55|  0|  55|  0|    55 |     0|        78 |          2|  94|   0|
|  80| 14|  78|  1|  56|  1|  56|  1|    56 |     1|        72 |          6|  95|   1|
|  78|  2|  84|  6|  56|  0|  56|  0|    56 |     0|        66 |          6|  65|  30|
|  70|  8|  78|  6|  56|  0|  56|  0|    56 |     0|        70 |          4|  85|  20|
|  65|  5|  78|  0|  56|  0|  56|  0|    56 |     0|        94 |         24| 110|  25|
|  94| 29|  68| 10|  56|  0|  56|  0|    56 |     0|        94 |          0| 110|   0|
|  94|  0|  34| 34|  57|  1|  57|  1|    57 |     1|        95 |          1| 115|   5|
|  95|  1|  34|  0|  57|  0|  57|  0|    57 |     0|        65 |         30| 115|   0|
| 110| 15|  27|  7|  57|  0|  57|  0|    57 |     0|        85 |         20| 107|   8|
|  85| 25|  29|  2|  57|  0|  57|  0|    57 |     0|       110 |         25|  97|  10|
| 115| 30|  31|  2|  57|  0|  57|  0|    57 |     0|       110 |          0|  83|  14|
| 115|  0|  30|  1|  57|  0|  57|  0|    57 |     0|       115 |          5|  78|   5|
| 110|  5|  18| 12|  57|  0|  57|  0|    57 |     0|       115 |          0|  72|   6|
| 107|  3|  26|  8|  58|  1|  58|  1|    58 |     1|       107 |          8|  75|   3|
|  97| 10|  23|  3|  58|  0|  58|  0|    58 |     0|        97 |         10|  80|   5|
|  78| 19|  18|  5|  58|  0|  58|  0|    58 |     0|        83 |         14|  91|  11|
|  72|  6|  18|  0|  58|  0|  58|  0|    58 |     0|        78 |          5|  66|  25|
|  83| 11|  24|  6|  58|  0|  58|  0|    58 |     0|        72 |          6|  64|   2|
|  91|  8|  28|  4|  58|  0|  58|  0|    58 |     0|        75 |          3|  81|  17|
|  64| 27|  14| 14|  58|  0|  58|  0|    58 |     0|        80 |          5|  87|   6|
|  66|  2|  15|  1|  58|  0|  58|  0|    58 |     0|        91 |         11|  97|  10|
|  75|  9|  20|  5|  58|  0|  58|  0|    58 |     0|        66 |         25| 107|  10|
|  80|  5|  31| 11|  58|  0|  58|  0|    58 |     0|        64 |          2| 109|   2|
|  81|  1|  28|  3|  58|  0|  58|  0|    58 |     0|        81 |         17| 104|   5|
|  87|  6|  28|  0|  58|  0|  58|  0|    58 |     0|        87 |          6| 101|   3|
|  97| 10|  39| 11|  58|  0|  58|  0|    58 |     0|        97 |         10|  96|   5|
| 107| 10|  35|  4|  58|  0|  58|  0|    58 |     0|       107 |         10| 110|  14|
| 109|  2|  31|  4|  58|  0|  58|  0|    58 |     0|       109 |          2| 112|   2|
| 104|  5| 200| 31|  58|  0|  58|  0|    58 |     0|       104 |          5|  93|  19|
| 110|  6| 194|  6|  58|  0|  58|  0|    58 |     0|       101 |          3|  88|   5|
| 112|  2|   4| 10|  59|  1|  59|  1|    59 |     1|        96 |          5|  85|   3|
| 101| 11|   3|  1|  59|  0|  59|  0|    59 |     0|       110 |         14|  85|   0|
|  96|  5|   3|  0|  59|  0|  59|  0|    59 |     0|       112 |          2|  81|   4|
|  93|  3|   4|  1|  59|  0|  59|  0|    59 |     0|        93 |         19|  67|  14|
|  88|  5| 193| 11|  59|  0|  59|  0|    59 |     0|        88 |          5|  67|   0|
|  85|  3|  12| 19|  60|  1|  60|  1|    60 |     1|        85 |          3|  60|   7|
|  85|  0|  12|  0|  60|  0|  60|  0|    60 |     0|        85 |          0|  52|   8|
|  81|  4|  12|  0|  60|  0|  60|  0|    60 |     0|        81 |          4|  52|   0|
|  52| 29|  15|  3|  60|  0|  60|  0|    60 |     0|        67 |         14|  58|   6|
|  52|  0|  14|  1|  60|  0|  60|  0|    60 |     0|        67 |          0|  58|   0|
|  60|  8|  21|  7|  60|  0|  60|  0|    60 |     0|        60 |          7|  68|  10|
|  67|  7|  36| 15|  60|  0|  60|  0|    60 |     0|        52 |          8|  45|  23|
|  67|  0|  20| 16|  60|  0|  60|  0|    60 |     0|        52 |          0|  34|  11|
|  68|  1|   7| 13|  60|  0|  60|  0|    60 |     0|        58 |          6|  30|   4|
|  58| 10|  11|  4|  60|  0|  60|  0|    60 |     0|        58 |          0|  30|   0|
|  58|  0| 199| 12|  60|  0|  60|  0|    60 |     0|        68 |         10|  28|   2|
|  45| 13|  26| 27|  61|  1|  61|  1|    61 |     1|        45 |         23|  43|  15|
|  34| 11|  26|  0|  61|  0|  61|  0|    61 |     0|        34 |         11|  60|  17|
|  30|  4|  16| 10|  61|  0|  61|  0|    61 |     0|        30 |          4|  33|  27|
|  30|  0|   9|  7|  61|  0|  61|  0|    61 |     0|        30 |          0|  22|  11|
|  28|  2|   6|  3|  61|  0|  61|  0|    61 |     0|        28 |          2|  18|   4|
|  43| 15| 198|  8|  61|  0|  61|  0|    61 |     0|        43 |         15| 191|  27|
|  60| 17|   1|  3|  61|  0|  61|  0|    61 |     0|        60 |         17| 195|   4|
|  33| 27|  46| 45|  62|  1|  62|  1|    62 |     1|        33 |         27| 191|   4|
|  22| 11|  47|  1|  62|  0|  62|  0|    62 |     0|        22 |         11| 175|  16|
|  18|  4|  60| 13|  62|  0|  62|  0|    62 |     0|        18 |          4| 166|   9|
| 195| 23|  62|  2|  62|  0|  62|  0|    62 |     0|       191 |         27| 160|   6|
| 191|  4|  58|  4|  62|  0|  62|  0|    62 |     0|       195 |          4| 160|   0|
| 191|  0|  68| 10|  62|  0|  62|  0|    62 |     0|       191 |          4| 170|  10|
| 160| 31|  56| 12|  62|  0|  62|  0|    62 |     0|       175 |         16| 175|   5|
| 160|  0|  58|  2|  62|  0|  62|  0|    62 |     0|       166 |          9| 189|  14|
| 166|  6|  58|  0|  62|  0|  62|  0|    62 |     0|       160 |          6| 195|   6|
| 175|  9|  39| 19|  63|  1|  63|  1|    63 |     1|       160 |          0| 197|   2|
| 175|  0|  54| 15|  63|  0|  63|  0|    63 |     0|       170 |         10| 175|  22|
| 189| 14|  43| 11|  63|  0|  63|  0|    63 |     0|       175 |          5| 166|   9|
| 170| 19|  35|  8|  63|  0|  63|  0|    63 |     0|       189 |         14| 163|   3|
| 195| 25|  32|  3|  64|  1|  64|  1|    64 |     1|       195 |          6| 158|   5|
| 197|  2|  39|  7|  64|  0|  64|  0|    64 |     0|       197 |          2|   7|  49|
|   7| 10|  25| 14|  64|  0|  64|  0|    64 |     0|       175 |         22| 152|  55|
| 166| 41|  25|  0|  64|  0|  64|  0|    64 |     0|       166 |          9| 155|   3|
| 163|  3|  41| 16|  64|  0|  64|  0|    64 |     0|       163 |          3| 164|   9|
| 158|  5|  37|  4|  64|  0|  64|  0|    64 |     0|       158 |          5| 165|   1|
| 175| 17|  30|  7|  64|  0|  64|  0|    64 |     0|         7 |         49| 179|  14|
| 179|  4|  31|  1|  64|  0|  64|  0|    64 |     0|       152 |         55| 170|   9|
| 164| 15|  38|  7|  65|  1|  65|  1|    65 |     1|       155 |          3| 166|   4|
| 165|  1|  44|  6|  65|  0|  65|  0|    65 |     0|       164 |          9| 166|   0|
| 152| 13|  62| 18|  65|  0|  65|  0|    65 |     0|       165 |          1| 159|   7|
| 155|  3|  52| 10|  65|  0|  65|  0|    65 |     0|       179 |         14| 159|   0|
| 159|  4|  53|  1|  65|  0|  65|  0|    65 |     0|       170 |          9| 162|   3|
| 159|  0|  61|  8|  65|  0|  65|  0|    65 |     0|       166 |          4| 162|   0|
| 170| 11|  68|  7|  65|  0|  65|  0|    65 |     0|       166 |          0| 165|   3|
| 166|  4|  98| 30|  66|  1|  66|  1|    66 |     1|       159 |          7| 165|   0|
| 166|  0|  13| 85|  66|  0|  66|  0|    66 |     0|       159 |          0| 168|   3|
| 165|  1|  12|  1|  66|  0|  66|  0|    66 |     0|       162 |          3| 158|  10|
| 168|  3|   1| 11|  66|  0|  66|  0|    66 |     0|       162 |          0| 144|  14|
| 162|  6| 200|  1|  66|  0|  66|  0|    66 |     0|       165 |          3| 139|   5|
| 165|  3|  18| 18|  66|  0|  66|  0|    66 |     0|       165 |          0| 139|   0|
| 162|  3|  18|  0|  66|  0|  66|  0|    66 |     0|       168 |          3| 139|   0|
| 144| 18|   7| 11|  67|  1|  67|  1|    67 |     1|       158 |         10| 158|  19|
| 139|  5| 198|  9|  67|  0|  67|  0|    67 |     0|       144 |         14| 158|   0|
| 139|  0| 197|  1|  67|  0|  67|  0|    67 |     0|       139 |          5| 159|   1|
| 139|  0| 198|  1|  67|  0|  67|  0|    67 |     0|       139 |          0| 137|  22|
| 158| 19| 198|  0|  67|  0|  67|  0|    67 |     0|       139 |          0| 134|   3|
| 158|  0| 186| 12|  67|  0|  67|  0|    67 |     0|       158 |         19| 135|   1|
| 159|  1| 186|  0|  67|  0|  67|  0|    67 |     0|       158 |          0| 146|  11|
| 158|  1| 175| 11|  67|  0|  67|  0|    67 |     0|       159 |          1| 151|   5|
| 137| 21| 178|  3|  67|  0|  67|  0|    67 |     0|       137 |         22| 159|   8|
| 134|  3| 177|  1|  68|  1|  68|  1|    68 |     1|       134 |          3| 171|  12|
| 135|  1| 183|  6|  68|  0|  68|  0|    68 |     0|       135 |          1| 147|  24|
| 159| 24| 147| 36|  68|  0|  68|  0|    68 |     0|       146 |         11| 134|  13|
| 171| 12| 158| 11|  68|  0|  68|  0|    68 |     0|       151 |          5| 134|   0|
| 151| 20| 184| 26|  68|  0|  68|  0|    68 |     0|       159 |          8| 129|   5|
| 146|  5| 184|  0|  68|  0|  68|  0|    68 |     0|       171 |         12| 123|   6|
| 147|  1| 198| 14|  68|  0|  68|  0|    68 |     0|       147 |         24|  93|  30|
| 134| 13| 195|  3|  68|  0|  68|  0|    68 |     0|       134 |         13|  81|  12|
| 123| 11| 177| 18|  68|  0|  68|  0|    68 |     0|       134 |          0|  76|   5|
| 134| 11| 174|  3|  68|  0|  68|  0|    68 |     0|       129 |          5|  75|   1|
| 129|  5| 139| 35|  69|  1|  69|  1|    69 |     1|       123 |          6|  73|   2|
|  93| 36| 141|  2|  70|  1|  70|  1|    70 |     1|        93 |         30|  65|   8|
|  81| 12| 140|  1|  70|  0|  70|  0|    70 |     0|        81 |         12|  63|   2|
|  76|  5| 137|  3|  70|  0|  70|  0|    70 |     0|        76 |          5|  53|  10|
|  73|  3|  48| 89|  70|  0|  70|  0|    70 |     0|        75 |          1|  79|  26|
|  75|  2|  48|  0|  70|  0|  70|  0|    70 |     0|        73 |          2|  82|   3|
|  63| 12|  25| 23|  70|  0|  70|  0|    70 |     0|        65 |          8|  82|   0|
|  53| 10| 174| 51|  71|  1|  71|  1|    71 |     1|        63 |          2|  80|   2|
|  65| 12| 182|  8|  71|  0|  71|  0|    71 |     0|        53 |         10|  75|   5|
|  82| 17| 161| 21|  71|  0|  71|  0|    71 |     0|        79 |         26|  75|   0|
|  79|  3| 164|  3|  72|  1|  72|  1|    72 |     1|        82 |          3|  55|  20|
|  75|  4| 181| 17|  72|  0|  72|  0|    72 |     0|        82 |          0|  39|  16|
|  75|  0| 179|  2|  72|  0|  72|  0|    72 |     0|        80 |          2|  35|   4|
|  82|  7|  43| 64|  72|  0|  72|  0|    72 |     0|        75 |          5|  34|   1|
|  80|  2|  48|  5|  72|  0|  72|  0|    72 |     0|        75 |          0|  32|   2|
|  55| 25|  50|  2|  72|  0|  72|  0|    72 |     0|        55 |         20|  29|   3|
|  39| 16|  53|  3|  73|  1|  73|  1|    73 |     1|        39 |         16|  34|   5|
|  35|  4|  32| 21|  73|  0|  73|  0|    73 |     0|        35 |          4| 198|  36|
|  34|  1|  27|  5|  73|  0|  73|  0|    73 |     0|        34 |          1|  24|  26|
|  29|  5|  30|  3|  74|  1|  74|  1|    74 |     1|        32 |          2|  11|  13|
|  32|  3|  30|  0|  74|  0|  74|  0|    74 |     0|        29 |          3|   1|  10|
|  34|  2|  34|  4|  75|  1|  75|  1|    75 |     1|        34 |          5|   4|   3|
|  24| 10|  27|  7|  75|  0|  75|  0|    75 |     0|       198 |         36|  16|  12|
|   1| 23|  17| 10|  75|  0|  75|  0|    75 |     0|        24 |         26|  27|  11|
|  11| 10|  14|  3|  75|  0|  75|  0|    75 |     0|        11 |         13| 196|  31|
| 198| 13|  23|  9|  75|  0|  75|  0|    75 |     0|         1 |         10| 196|   0|
| 196|  2|  29|  6|  76|  1|  76|  1|    76 |     1|         4 |          3| 182|  14|
| 196|  0|  24|  5|  76|  0|  76|  0|    76 |     0|        16 |         12| 176|   6|
|  27| 31|  17|  7|  76|  0|  76|  0|    76 |     0|        27 |         11|  12|  36|
|  16| 11|  14|  3|  77|  1|  77|  1|    77 |     1|       196 |         31|   7|   5|
|   4| 12|  14|  0|  77|  0|  77|  0|    77 |     0|       196 |          0|   4|   3|
|   4|  0|  16|  2|  77|  0|  77|  0|    77 |     0|       182 |         14| 136|  68|
|  12|  8|  16|  0|  77|  0|  77|  0|    77 |     0|       176 |          6| 154|  18|
| 182| 30|   1| 15|  77|  0|  77|  0|    77 |     0|        12 |         36| 157|   3|
|   7| 25| 122| 79|  78|  1|  78|  1|    78 |     1|         7 |          5| 162|   5|
| 176| 31| 105| 17|  78|  0|  78|  0|    78 |     0|         4 |          3| 163|   1|
| 163| 13| 101|  4|  78|  0|  78|  0|    78 |     0|       136 |         68| 151|  12|
| 162|  1| 101|  0|  78|  0|  78|  0|    78 |     0|       154 |         18| 143|   8|
| 157|  5|  94|  7|  78|  0|  78|  0|    78 |     0|       157 |          3| 136|   7|
| 154|  3| 102|  8|  78|  0|  78|  0|    78 |     0|       162 |          5| 130|   6|
| 136| 18| 113| 11|  78|  0|  78|  0|    78 |     0|       163 |          1| 123|   7|
| 136|  0| 112|  1|  79|  1|  79|  1|    79 |     1|       151 |         12| 130|   7|
| 143|  7| 117|  5|  79|  0|  79|  0|    79 |     0|       143 |          8| 130|   0|
| 151|  8| 120|  3|  79|  0|  79|  0|    79 |     0|       136 |          7| 130|   0|
| 130| 21| 116|  4|  80|  1|  80|  1|    80 |     1|       130 |          6| 131|   1|
| 123|  7| 116|  0|  80|  0|  80|  0|    80 |     0|       123 |          7| 131|   0|
| 131|  8| 116|  0|  80|  0|  80|  0|    80 |     0|       130 |          7| 131|   0|
| 131|  0| 161| 45|  80|  0|  80|  0|    80 |     0|       130 |          0| 125|   6|
| 130|  1| 164|  3|  80|  0|  80|  0|    80 |     0|       130 |          0| 116|   9|
| 130|  0| 125| 39|  80|  0|  80|  0|    80 |     0|       131 |          1| 161|  45|
| 130|  0| 131|  6|  80|  0|  80|  0|    80 |     0|       131 |          0| 164|   3|
| 131|  1| 130|  1|  81|  1|  81|  1|    81 |     1|       131 |          0| 120|  44|
| 125|  6| 130|  0|  81|  0|  81|  0|    81 |     0|       125 |          6| 117|   3|
| 164| 39| 130|  0|  81|  0|  81|  0|    81 |     0|       116 |          9| 116|   1|
| 161|  3| 131|  1|  81|  0|  81|  0|    81 |     0|       161 |         45| 116|   0|
| 116| 45| 131|  0|  81|  0|  81|  0|    81 |     0|       164 |          3| 112|   4|
| 116|  0| 123|  8|  82|  1|  82|  1|    82 |     1|       120 |         44| 113|   1|
| 116|  0| 130|  7|  82|  0|  82|  0|    82 |     0|       117 |          3| 102|  11|
| 120|  4| 151| 21|  82|  0|  82|  0|    82 |     0|       116 |          1| 101|   1|
| 117|  3| 143|  8|  82|  0|  82|  0|    82 |     0|       116 |          0| 101|   0|
| 112|  5| 136|  7|  82|  0|  82|  0|    82 |     0|       112 |          4|  94|   7|
| 113|  1| 136|  0|  83|  1|  83|  1|    83 |     1|       113 |          1| 105|  11|
| 102| 11| 154| 18|  83|  0|  83|  0|    83 |     0|       102 |         11| 122|  17|
|  94|  8| 157|  3|  84|  1|  84|  1|    84 |     1|       101 |          1|  16|  94|
| 101|  7| 162|  5|  84|  0|  84|  0|    84 |     0|       101 |          0|  16|   0|
| 101|  0| 163|  1|  84|  0|  84|  0|    84 |     0|        94 |          7|   1|  15|
| 105|  4| 176| 13|  84|  0|  84|  0|    84 |     0|       105 |         11|  14|  13|
| 122| 17|   7| 31|  85|  1|  85|  1|    85 |     1|       122 |         17|  14|   0|
|   1| 79| 182| 25|  85|  0|  85|  0|    85 |     0|        16 |         94|  17|   3|
|  16| 15|  12| 30|  85|  0|  85|  0|    85 |     0|        16 |          0|  24|   7|
|  16|  0|   4|  8|  86|  1|  86|  1|    86 |     1|         1 |         15|  29|   5|
|  14|  2|   4|  0|  86|  0|  86|  0|    86 |     0|        14 |         13|  27|   2|
|  14|  0|  16| 12|  87|  1|  87|  1|    87 |     1|        14 |          0|  23|   4|
|  17|  3|  27| 11|  87|  0|  87|  0|    87 |     0|        17 |          3|  17|   6|
|  24|  7| 196| 31|  87|  0|  87|  0|    87 |     0|        24 |          7|  14|   3|
|  29|  5| 196|  0|  88|  1|  88|  1|    88 |     1|        29 |          5|  34|  20|
|  23|  6| 198|  2|  88|  0|  88|  0|    88 |     0|        27 |          2|  32|   2|
|  14|  9|  11| 13|  89|  1|  89|  1|    89 |     1|        23 |          4|  30|   2|
|  17|  3|   1| 10|  90|  1|  90|  1|    90 |     1|        17 |          6|  30|   0|
|  27| 10|  24| 23|  91|  1|  91|  1|    91 |     1|        14 |          3|  27|   3|
|  34|  7|  34| 10|  91|  0|  91|  0|    91 |     0|        34 |         20|  53|  26|
|  30|  4|  32|  2|  91|  0|  91|  0|    91 |     0|        32 |          2|  50|   3|
|  30|  0|  29|  3|  93|  2|  93|  2|    93 |     2|        30 |          2|  48|   2|
|  27|  3|  34|  5|  93|  0|  93|  0|    93 |     0|        30 |          0|  43|   5|
|  32|  5|  35|  1|  94|  1|  94|  1|    94 |     1|        27 |          3| 179|  64|
|  53| 21|  39|  4|  94|  0|  94|  0|    94 |     0|        53 |         26| 181|   2|
|  50|  3|  55| 16|  94|  0|  94|  0|    94 |     0|        50 |          3| 174|   7|
|  48|  2|  80| 25|  94|  0|  94|  0|    94 |     0|        48 |          2| 164|  10|
|  43|  5|  82|  2|  94|  0|  94|  0|    94 |     0|        43 |          5| 161|   3|
| 179| 64|  75|  7|  95|  1|  95|  1|    95 |     1|       179 |         64|  25|  64|
| 181|  2|  75|  0|  95|  0|  95|  0|    95 |     0|       181 |          2| 182|  43|
| 164| 17|  79|  4|  95|  0|  95|  0|    95 |     0|       174 |          7| 141|  41|
| 161|  3|  82|  3|  96|  1|  96|  1|    96 |     1|       164 |         10| 140|   1|
| 182| 21|  65| 17|  96|  0|  96|  0|    96 |     0|       161 |          3| 137|   3|
| 174|  8|  53| 12|  96|  0|  96|  0|    96 |     0|        25 |         64|  48|  89|
|  25| 51|  63| 10|  96|  0|  96|  0|    96 |     0|       182 |         43|  48|   0|
|  48| 23|  75| 12|  97|  1|  97|  1|    97 |     1|       141 |         41| 139|  91|
|  48|  0|  73|  2|  97|  0|  97|  0|    97 |     0|       140 |          1| 174|  35|
| 137| 89|  76|  3|  97|  0|  97|  0|    97 |     0|       137 |          3| 177|   3|
| 140|  3|  81|  5|  97|  0|  97|  0|    97 |     0|        48 |         89| 195|  18|
| 141|  1|  93| 12|  98|  1|  98|  1|    98 |     1|        48 |          0| 198|   3|
| 139|  2| 129| 36|  98|  0|  98|  0|    98 |     0|       139 |         91| 184|  14|
| 174| 35| 134|  5|  98|  0|  98|  0|    98 |     0|       174 |         35| 184|   0|
| 177|  3| 123| 11|  98|  0|  98|  0|    98 |     0|       177 |          3| 183|   1|
| 195| 18| 134| 11|  98|  0|  98|  0|    98 |     0|       195 |         18| 158|  25|
| 198|  3| 147| 13|  98|  0|  98|  0|    98 |     0|       198 |          3| 147|  11|
| 184| 14| 146|  1|  99|  1|  99|  1|    99 |     1|       184 |         14| 175|  28|
| 184|  0| 151|  5|  99|  0|  99|  0|    99 |     0|       184 |          0| 177|   2|
| 158| 26| 171| 20|  99|  0|  99|  0|    99 |     0|       183 |          1| 178|   1|
| 147| 11| 159| 12|  99|  0|  99|  0|    99 |     0|       158 |         25| 186|   8|
| 183| 36| 135| 24|  99|  0|  99|  0|    99 |     0|       147 |         11| 186|   0|
| 177|  6| 134|  1| 100|  1| 100|  1|   100 |     1|       175 |         28| 197|  11|
| 178|  1| 137|  3| 100|  0| 100|  0|   100 |     0|       177 |          2| 198|   1|
| 175|  3| 158| 21| 101|  1| 101|  1|   101 |     1|       178 |          1| 198|   0|
| 186| 11| 159|  1| 101|  0| 101|  0|   101 |     0|       186 |          8| 198|   0|
| 186|  0| 158|  1| 101|  0| 101|  0|   101 |     0|       186 |          0|   7|   9|
| 198| 12| 158|  0| 101|  0| 101|  0|   101 |     0|       197 |         11|  12|   5|
| 198|  0| 139| 19| 102|  1| 102|  1|   102 |     1|       198 |          1|  18|   6|
| 197|  1| 139|  0| 102|  0| 102|  0|   102 |     0|       198 |          0|  18|   0|
| 198|  1| 139|  0| 102|  0| 102|  0|   102 |     0|       198 |          0| 200|  18|
|   7|  9| 144|  5| 103|  1| 103|  1|   103 |     1|         7 |          9|   1|   1|
|  18| 11| 162| 18| 103|  0| 103|  0|   103 |     0|        12 |          5|  13|  12|
|  18|  0| 165|  3| 103|  0| 103|  0|   103 |     0|        18 |          6|  53|  40|
| 200| 18| 162|  3| 104|  1| 104|  1|   104 |     1|        18 |          0|  61|   8|
|   1|  1| 168|  6| 104|  0| 104|  0|   104 |     0|       200 |         18|  68|   7|
|  12| 11| 165|  3| 105|  1| 105|  1|   105 |     1|         1 |          1|  98|  30|
|  13|  1| 166|  1| 105|  0| 105|  0|   105 |     0|        13 |         12|  62|  36|
|  98| 85| 166|  0| 105|  0| 105|  0|   105 |     0|        53 |         40|  52|  10|
|  68| 30| 170|  4| 105|  0| 105|  0|   105 |     0|        61 |          8|  44|   8|
|  61|  7| 159| 11| 105|  0| 105|  0|   105 |     0|        68 |          7|  38|   6|
|  53|  8| 159|  0| 105|  0| 105|  0|   105 |     0|        98 |         30|  31|   7|
|  52|  1| 155|  4| 106|  1| 106|  1|   106 |     1|        62 |         36|  30|   1|
|  62| 10| 152|  3| 106|  0| 106|  0|   106 |     0|        52 |         10|  25|   5|
|  44| 18| 165| 13| 107|  1| 107|  1|   107 |     1|        44 |          8|  25|   0|
|  38|  6| 164|  1| 107|  0| 107|  0|   107 |     0|        38 |          6|  37|  12|
|  31|  7| 179| 15| 107|  0| 107|  0|   107 |     0|        31 |          7|  41|   4|
|  30|  1| 175|  4| 107|  0| 107|  0|   107 |     0|        30 |          1|  39|   2|
|  37|  7| 158| 17| 107|  0| 107|  0|   107 |     0|        25 |          5|  35|   4|
|  41|  4| 163|  5| 107|  0| 107|  0|   107 |     0|        25 |          0|  32|   3|
|  25| 16| 166|  3| 108|  1| 108|  1|   108 |     1|        37 |         12|  43|  11|
|  25|  0|   7| 41| 108|  0| 108|  0|   108 |     0|        41 |          4|  54|  11|
|  39| 14| 197| 10| 109|  1| 109|  1|   109 |     1|        39 |          2|  39|  15|
|  32|  7| 195|  2| 109|  0| 109|  0|   109 |     0|        35 |          4|  56|  17|
|  35|  3| 170| 25| 109|  0| 109|  0|   109 |     0|        32 |          3|  58|   2|
|  43|  8| 189| 19| 110|  1| 110|  1|   110 |     1|        43 |         11|  58|   0|
|  54| 11| 175| 14| 110|  0| 110|  0|   110 |     0|        54 |         11|  68|  10|
|  39| 15| 175|  0| 110|  0| 110|  0|   110 |     0|        39 |         15|  62|   6|
|  58| 19| 166|  9| 112|  2| 112|  2|   112 |     2|        56 |         17|  60|   2|
|  58|  0| 160|  6| 112|  0| 112|  0|   112 |     0|        58 |          2|  58|   2|
|  56|  2| 160|  0| 112|  0| 112|  0|   112 |     0|        58 |          0|  47|  11|
|  68| 12| 191| 31| 112|  0| 112|  0|   112 |     0|        68 |         10|  46|   1|
|  58| 10| 191|  0| 112|  0| 112|  0|   112 |     0|        62 |          6|  16|  30|
|  62|  4| 195|  4| 112|  0| 112|  0|   112 |     0|        60 |          2|   9|   7|
|  60|  2|  18| 23| 112|  0| 112|  0|   112 |     0|        58 |          2|   6|   3|
|  47| 13|  22|  4| 113|  1| 113|  1|   113 |     1|        47 |         11|   1|   5|
|  46|  1|  33| 11| 113|  0| 113|  0|   113 |     0|        46 |          1| 198|   3|
|   1| 45|  60| 27| 113|  0| 113|  0|   113 |     0|        16 |         30|  26|  28|
| 198|  3|  43| 17| 114|  1| 114|  1|   114 |     1|         9 |          7|  26|   0|
|   6|  8|  28| 15| 115|  1| 115|  1|   115 |     1|         6 |          3|  11|  15|
|   9|  3|  30|  2| 115|  0| 115|  0|   115 |     0|         1 |          5|   7|   4|
|  16|  7|  30|  0| 116|  1| 116|  1|   116 |     1|       198 |          3| 199|   8|
|  26| 10|  34|  4| 116|  0| 116|  0|   116 |     0|        26 |         28|  36|  37|
|  26|  0|  45| 11| 116|  0| 116|  0|   116 |     0|        26 |          0|  21|  15|
| 199| 27|  58| 13| 116|  0| 116|  0|   116 |     0|        11 |         15|  20|   1|
|  11| 12|  58|  0| 116|  0| 116|  0|   116 |     0|         7 |          4|  15|   5|
|   7|  4|  68| 10| 116|  0| 116|  0|   116 |     0|       199 |          8|  14|   1|
|  20| 13|  67|  1| 116|  0| 116|  0|   116 |     0|        36 |         37|  12|   2|
|  36| 16|  67|  0| 117|  1| 117|  1|   117 |     1|        21 |         15|  12|   0|
|  21| 15|  60|  7| 117|  0| 117|  0|   117 |     0|        20 |          1|  12|   0|
|  14|  7|  52|  8| 117|  0| 117|  0|   117 |     0|        15 |          5|   4|   8|
|  15|  1|  52|  0| 117|  0| 117|  0|   117 |     0|        14 |          1| 193|  11|
|  12|  3|  81| 29| 117|  0| 117|  0|   117 |     0|        12 |          2|  53|  60|
|  12|  0|  85|  4| 118|  1| 118|  1|   118 |     1|        12 |          0|  46|   7|
|  12|  0|  85|  0| 119|  1| 119|  1|   119 |     1|        12 |          0|  42|   4|
| 193| 19|  88|  3| 120|  1| 120|  1|   120 |     1|         4 |          8|  32|  10|
|   4| 11|  93|  5| 120|  0| 120|  0|   120 |     0|       193 |         11|  29|   3|
|   3|  1|  96|  3| 121|  1| 121|  1|   121 |     1|         4 |         11|  31|   2|
|   3|  0| 101|  5| 121|  0| 121|  0|   121 |     0|         3 |          1|  35|   4|
|   4|  1| 112| 11| 122|  1| 122|  1|   122 |     1|         3 |          0|  39|   4|
| 194| 10| 110|  2| 122|  0| 122|  0|   122 |     0|       194 |          9|  28|  11|
| 200|  6| 104|  6| 122|  0| 122|  0|   122 |     0|       200 |          6|  28|   0|
|  31| 31| 109|  5| 122|  0| 122|  0|   122 |     0|        39 |         39|  28|   0|
|  35|  4| 107|  2| 123|  1| 123|  1|   123 |     1|        35 |          4|  31|   3|
|  39|  4|  97| 10| 123|  0| 123|  0|   123 |     0|        31 |          4|  20|  11|
|  28| 11|  87| 10| 123|  0| 123|  0|   123 |     0|        28 |          3|  15|   5|
|  28|  0|  81|  6| 123|  0| 123|  0|   123 |     0|        28 |          0|  14|   1|
|  31|  3|  80|  1| 123|  0| 123|  0|   123 |     0|        28 |          0|  18|   4|
|  20| 11|  75|  5| 123|  0| 123|  0|   123 |     0|        31 |          3|  18|   0|
|  15|  5|  66|  9| 124|  1| 124|  1|   124 |     1|        20 |         11|  23|   5|
|  14|  1|  64|  2| 124|  0| 124|  0|   124 |     0|        15 |          5|  24|   1|
|  28| 14|  91| 27| 124|  0| 124|  0|   124 |     0|        14 |          1|  26|   2|
|  24|  4|  83|  8| 124|  0| 124|  0|   124 |     0|        18 |          4|  18|   8|
|  18|  6|  72| 11| 124|  0| 124|  0|   124 |     0|        18 |          0|  27|   9|
|  18|  0|  78|  6| 125|  1| 125|  1|   125 |     1|        23 |          5|  29|   2|
|  23|  5|  97| 19| 125|  0| 125|  0|   125 |     0|        24 |          1|  30|   1|
|  26|  3| 107| 10| 126|  1| 126|  1|   126 |     1|        26 |          2|  31|   1|
|  18|  8| 110|  3| 126|  0| 126|  0|   126 |     0|        18 |          8|  34|   3|
|  30| 12| 115|  5| 127|  1| 127|  1|   127 |     1|        27 |          9|  34|   0|
|  31|  1| 115|  0| 128|  1| 128|  1|   128 |     1|        29 |          2|  68|  34|
|  29|  2|  85| 30| 128|  0| 128|  0|   128 |     0|        30 |          1|  78|  10|
|  27|  2| 110| 25| 128|  0| 128|  0|   128 |     0|        31 |          1|  78|   0|
|  34|  7|  95| 15| 128|  0| 128|  0|   128 |     0|        34 |          3|  78|   0|
|  34|  0|  94|  1| 128|  0| 128|  0|   128 |     0|        34 |          0|  79|   1|
|  68| 34|  94|  0| 128|  0| 128|  0|   128 |     0|        68 |         34|  80|   1|
|  78| 10|  65| 29| 128|  0| 128|  0|   128 |     0|        78 |         10|  80|   0|
|  78|  0|  70|  5| 128|  0| 128|  0|   128 |     0|        78 |          0|  84|   4|
|  84|  6|  78|  8| 129|  1| 129|  1|   129 |     1|        78 |          0|  82|   2|
|  78|  6|  80|  2| 129|  0| 129|  0|   129 |     0|        79 |          1|  74|   8|
|  79|  1|  66| 14| 130|  1| 130|  1|   130 |     1|        80 |          1|  99|  25|
|  80|  1|  72|  6| 130|  0| 130|  0|   130 |     0|        80 |          0| 103|   4|
|  80|  0|  94| 22| 130|  0| 130|  0|   130 |     0|        84 |          4| 108|   5|
|  82|  2|  87|  7| 130|  0| 130|  0|   130 |     0|        82 |          2|  99|   9|
|  74|  8|  71| 16| 130|  0| 130|  0|   130 |     0|        74 |          8|  99|   0|
| 108| 34|  78|  7| 130|  0| 130|  0|   130 |     0|        99 |         25|  98|   1|
| 103|  5|  46| 32| 130|  0| 130|  0|   130 |     0|       103 |          4|  98|   0|
|  99|  4|  35| 11| 131|  1| 131|  1|   131 |     1|       108 |          5|  97|   1|
|  99|  0|  38|  3| 131|  0| 131|  0|   131 |     0|        99 |          9|  97|   0|
|  98|  1|  33|  5| 131|  0| 131|  0|   131 |     0|        99 |          0|  96|   1|
|  98|  0|  20| 13| 131|  0| 131|  0|   131 |     0|        98 |          1|  77|  19|
|  97|  1|  10| 10| 131|  0| 131|  0|   131 |     0|        98 |          0|  68|   9|
|  99|  2|  29| 19| 131|  0| 131|  0|   131 |     0|        97 |          1|  98|  30|
|  96|  3|   2| 27| 131|  0| 131|  0|   131 |     0|        97 |          0|  79|  19|
|  98|  2|   2|  0| 132|  1| 132|  1|   132 |     1|        96 |          1|  77|   2|
|  97|  1|   2|  0| 132|  0| 132|  0|   132 |     0|        77 |         19|  61|  16|
|  77| 20| 185| 17| 132|  0| 132|  0|   132 |     0|        68 |          9|  60|   1|
|  68|  9|   5| 20| 132|  0| 132|  0|   132 |     0|        98 |         30|  60|   0|
|  77|  9|   5|  0| 132|  0| 132|  0|   132 |     0|        79 |         19|  60|   0|
|  79|  2| 196|  9| 133|  1| 133|  1|   133 |     1|        77 |          2|  55|   5|
|  60| 19| 197|  1| 133|  0| 133|  0|   133 |     0|        61 |         16|  51|   4|
|  61|  1| 199|  2| 134|  1| 134|  1|   134 |     1|        60 |          1|  62|  11|
|  60|  1| 191|  8| 134|  0| 134|  0|   134 |     0|        60 |          0|  80|  18|
|  51|  9| 195|  4| 134|  0| 134|  0|   134 |     0|        60 |          0|  87|   7|
|  55|  4|   5| 10| 134|  0| 134|  0|   134 |     0|        55 |          5|  88|   1|
|  60|  5|   5|  0| 134|  0| 134|  0|   134 |     0|        51 |          4| 105|  17|
|  80| 20|   6|  1| 135|  1| 135|  1|   135 |     1|        62 |         11| 120|  15|
|  62| 18|  11|  5| 135|  0| 135|  0|   135 |     0|        80 |         18| 124|   4|
|  87| 25|  11|  0| 136|  1| 136|  1|   136 |     1|        87 |          7| 152|  28|
|  88|  1|  16|  5| 136|  0| 136|  0|   136 |     0|        88 |          1| 158|   6|
| 105| 17|   7|  9| 136|  0| 136|  0|   136 |     0|       105 |         17| 158|   0|
| 124| 19|   8|  1| 137|  1| 137|  1|   137 |     1|       120 |         15| 184|  26|
| 120|  4|   4|  4| 137|  0| 137|  0|   137 |     0|       124 |          4|  10|  26|
| 158| 38|  45| 41| 137|  0| 137|  0|   137 |     0|       152 |         28|  61|  51|
| 158|  0|  65| 20| 138|  1| 138|  1|   138 |     1|       158 |          6|  64|   3|
| 152|  6|  58|  7| 138|  0| 138|  0|   138 |     0|       158 |          0|  67|   3|
| 184| 32|  62|  4| 139|  1| 139|  1|   139 |     1|       184 |         26|  70|   3|
|  10| 26|  55|  7| 139|  0| 139|  0|   139 |     0|        10 |         26|  72|   2|
|  61| 51|  55|  0| 139|  0| 139|  0|   139 |     0|        61 |         51|  68|   4|
|  72| 11|  50|  5| 139|  0| 139|  0|   139 |     0|        64 |          3|  64|   4|
|  70|  2|  39| 11| 139|  0| 139|  0|   139 |     0|        67 |          3|  59|   5|
|  67|  3|  47|  8| 139|  0| 139|  0|   139 |     0|        70 |          3|  57|   2|
|  64|  3|  50|  3| 139|  0| 139|  0|   139 |     0|        72 |          2|  40|  17|
|  68|  4|  46|  4| 139|  0| 139|  0|   139 |     0|        68 |          4|  40|   0|
|  40| 28|  32| 14| 139|  0| 139|  0|   139 |     0|        64 |          4|  58|  18|
|  64| 24|  29|  3| 139|  0| 139|  0|   139 |     0|        59 |          5| 196|  62|
|  57|  7|  42| 13| 140|  1| 140|  1|   140 |     1|        57 |          2|  11|  15|
|  59|  2|  53| 11| 140|  0| 140|  0|   140 |     0|        40 |         17|   4|   7|
|  58|  1|  37| 16| 140|  0| 140|  0|   140 |     0|        40 |          0|   2|   2|
|  40| 18|  57| 20| 141|  1| 141|  1|   141 |     1|        58 |         18|  14|  12|
|  11| 29|  42| 15| 141|  0| 141|  0|   141 |     0|       196 |         62|  30|  16|
| 196| 15|  42|  0| 141|  0| 141|  0|   141 |     0|        11 |         15|  34|   4|
|   4|  8|  42|  0| 142|  1| 142|  1|   142 |     1|         4 |          7|  39|   5|
|   2|  2|  59| 17| 142|  0| 142|  0|   142 |     0|         2 |          2|  34|   5|
|  14| 12|  58|  1| 142|  0| 142|  0|   142 |     0|        14 |         12|  31|   3|
|  30| 16|  59|  1| 143|  1| 143|  1|   143 |     1|        30 |         16|  57|  26|
|  34|  4|  21| 38| 143|  0| 143|  0|   143 |     0|        34 |          4|  58|   1|
|  39|  5| 197| 24| 143|  0| 143|  0|   143 |     0|        39 |          5|  60|   2|
|  31|  8|   1|  4| 143|  0| 143|  0|   143 |     0|        34 |          5|  58|   2|
|  34|  3| 200|  1| 143|  0| 143|  0|   143 |     0|        31 |          3|  68|  10|
|  57| 23|   1|  1| 144|  1| 144|  1|   144 |     1|        57 |         26|  77|   9|
|  58|  1|  71| 70| 144|  0| 144|  0|   144 |     0|        58 |          1| 103|  26|
|  60|  2|  68|  3| 145|  1| 145|  1|   145 |     1|        60 |          2| 109|   6|
|  58|  2|  72|  4| 145|  0| 145|  0|   145 |     0|        58 |          2| 109|   0|
|  68| 10|  76|  4| 145|  0| 145|  0|   145 |     0|        68 |         10| 107|   2|
|  77|  9|  84|  8| 145|  0| 145|  0|   145 |     0|        77 |          9| 106|   1|
| 109| 32|  70| 14| 145|  0| 145|  0|   145 |     0|       103 |         26| 106|   0|
| 103|  6|  75|  5| 146|  1| 146|  1|   146 |     1|       109 |          6| 123|  17|
| 106|  3|  57| 18| 146|  0| 146|  0|   146 |     0|       109 |          0| 112|  11|
| 106|  0|  67| 10| 146|  0| 146|  0|   146 |     0|       107 |          2| 112|   0|
| 123| 17|  67|  0| 146|  0| 146|  0|   146 |     0|       106 |          1| 105|   7|
| 109| 14|  60|  7| 146|  0| 146|  0|   146 |     0|       106 |          0| 105|   0|
| 107|  2|  42| 18| 147|  1| 147|  1|   147 |     1|       123 |         17| 124|  19|
| 112|  5|  37|  5| 147|  0| 147|  0|   147 |     0|       112 |         11| 123|   1|
| 105|  7|  27| 10| 147|  0| 147|  0|   147 |     0|       112 |          0| 112|  11|
| 105|  0|  17| 10| 147|  0| 147|  0|   147 |     0|       105 |          7| 107|   5|
| 112|  7|  16|  1| 147|  0| 147|  0|   147 |     0|       105 |          0| 102|   5|
| 124| 12|  19|  3| 147|  0| 147|  0|   147 |     0|       124 |         19|  99|   3|
| 123|  1|  10|  9| 148|  1| 148|  1|   148 |     1|       123 |          1|  98|   1|
| 112| 11|  35| 25| 148|  0| 148|  0|   148 |     0|       112 |         11|  91|   7|
| 107|  5|  26|  9| 148|  0| 148|  0|   148 |     0|       107 |          5|  86|   5|
|  99|  8|  31|  5| 149|  1| 149|  1|   149 |     1|       102 |          5|  80|   6|
| 102|  3|  31|  0| 149|  0| 149|  0|   149 |     0|        99 |          3|  62|  18|
|  98|  4|  37|  6| 149|  0| 149|  0|   149 |     0|        98 |          1|  64|   2|
|  91|  7|  56| 19| 150|  1| 150|  1|   150 |     1|        91 |          7|  64|   0|
|  86|  5|  66| 10| 151|  1| 151|  1|   151 |     1|        86 |          5|  58|   6|
|  80|  6|  65|  1| 151|  0| 151|  0|   151 |     0|        80 |          6|  56|   2|
|  62| 18|  71|  6| 151|  0| 151|  0|   151 |     0|        62 |         18|  21|  35|
|  64|  2|  58| 13| 151|  0| 151|  0|   151 |     0|        64 |          2|   4|  17|
|  56|  8|  40| 18| 151|  0| 151|  0|   151 |     0|        64 |          0|   3|   1|
|  58|  2|  29| 11| 152|  1| 152|  1|   152 |     1|        58 |          6|   3|   0|
|  64|  6|  29|  0| 152|  0| 152|  0|   152 |     0|        56 |          2| 194|   9|
|  21| 43|  34|  5| 152|  0| 152|  0|   152 |     0|        21 |         35| 200|   6|
|  19|  2|  34|  0| 152|  0| 152|  0|   152 |     0|        19 |          2|  65|  65|
|  62| 43|  37|  3| 152|  0| 152|  0|   152 |     0|        61 |         42|  63|   2|
|  63|  1|  57| 20| 154|  2| 154|  2|   154 |     2|        62 |          1|  62|   1|
|  65|  2| 189| 68| 154|  0| 154|  0|   154 |     0|        63 |          1|  61|   1|
|  61|  4|   5| 16| 154|  0| 154|  0|   154 |     0|        65 |          2|  19|  42|
|  69|  8|  15| 10| 154|  0| 154|  0|   154 |     0|        65 |          0|  37|  18|
|  65|  4|   1| 14| 155|  1| 155|  1|   155 |     1|        69 |          4|  40|   3|
|  40| 25| 198|  3| 155|  0| 155|  0|   155 |     0|        50 |         19|  50|  10|
|  37|  3| 200|  2| 155|  0| 155|  0|   155 |     0|        40 |         10|  65|  15|
|  50| 13| 200|  0| 155|  0| 155|  0|   155 |     0|        37 |          3|  69|   4|
|  35| 15|  12| 12| 155|  0| 155|  0|   155 |     0|        36 |          1|  46|  23|
|  43|  8|  13|  1| 156|  1| 156|  1|   156 |     1|        35 |          1|  46|   0|
|  36|  7|   6|  7| 157|  1| 157|  1|   157 |     1|        43 |          8|  35|  11|
|  44|  8| 193| 13| 157|  0| 157|  0|   157 |     0|        44 |          1|  31|   4|
|  46|  2| 174| 19| 157|  0| 157|  0|   157 |     0|        46 |          2|  23|   8|
|  46|  0|   1| 27| 158|  1| 158|  1|   158 |     1|        46 |          0|  24|   1|
|  46|  0| 199|  2| 158|  0| 158|  0|   158 |     0|        46 |          0|  31|   7|
|  35| 11|  17| 18| 158|  0| 158|  0|   158 |     0|        35 |         11|  32|   1|
|  31|  4|  17|  0| 158|  0| 158|  0|   158 |     0|        31 |          4|  33|   1|
|  23|  8|   6| 11| 158|  0| 158|  0|   158 |     0|        23 |          8|  37|   4|
|  24|  1|   1|  5| 158|  0| 158|  0|   158 |     0|        24 |          1|  35|   2|
|  32|  8|  19| 18| 158|  0| 158|  0|   158 |     0|        31 |          7|  32|   3|
|  33|  1| 177| 42| 158|  0| 158|  0|   158 |     0|        32 |          1|  27|   5|
|  37|  4| 172|  5| 158|  0| 158|  0|   158 |     0|        33 |          1|  20|   7|
|  31|  6| 162| 10| 158|  0| 158|  0|   158 |     0|        37 |          4|  10|  10|
|  32|  1| 163|  1| 158|  0| 158|  0|   158 |     0|        35 |          2|  19|   9|
|  20| 12| 161|  2| 158|  0| 158|  0|   158 |     0|        32 |          3|  24|   5|
|  35| 15| 121| 40| 158|  0| 158|  0|   158 |     0|        27 |          5|  29|   5|
|  27|  8| 113|  8| 159|  1| 159|  1|   159 |     1|        20 |          7|  33|   4|
|  10| 17| 116|  3| 159|  0| 159|  0|   159 |     0|        10 |         10|  36|   3|
|  24| 14| 121|  5| 159|  0| 159|  0|   159 |     0|        19 |          9|  29|   7|
|  36| 12| 119|  2| 159|  0| 159|  0|   159 |     0|        24 |          5|  27|   2|
|  33|  3| 158| 39| 159|  0| 159|  0|   159 |     0|        29 |          5|  42|  15|
|  29|  4| 155|  3| 159|  0| 159|  0|   159 |     0|        33 |          4|  43|   1|
|  19| 10| 157|  2| 160|  1| 160|  1|   160 |     1|        36 |          3|  59|  16|
|  27|  8| 148|  9| 160|  0| 160|  0|   160 |     0|        29 |          7|  47|  12|
|  29|  2| 154|  6| 160|  0| 160|  0|   160 |     0|        27 |          2|  27|  20|
|  59| 30| 158|  4| 161|  1| 161|  1|   161 |     1|        42 |         15|  25|   2|
|  42| 17| 156|  2| 161|  0| 161|  0|   161 |     0|        43 |          1|  24|   1|
|  43|  1| 195| 39| 161|  0| 161|  0|   161 |     0|        59 |         16|  23|   1|
|  47|  4| 186|  9| 161|  0| 161|  0|   161 |     0|        47 |         12|  23|   0|
|  25| 22| 182|  4| 161|  0| 161|  0|   161 |     0|        27 |         20|  24|   1|
|  23|  2| 178|  4| 162|  1| 162|  1|   162 |     1|        25 |          2|  25|   1|
|  24|  1| 174|  4| 162|  0| 162|  0|   162 |     0|        24 |          1|  26|   1|
|  27|  3| 180|  6| 162|  0| 162|  0|   162 |     0|        23 |          1|  30|   4|
|  26|  1| 162| 18| 162|  0| 162|  0|   162 |     0|        23 |          0|   7|  23|
|  30|  4| 166|  4| 162|  0| 162|  0|   162 |     0|        24 |          1|   1|   6|
|  24|  6| 171|  5| 162|  0| 162|  0|   162 |     0|        25 |          1|   1|   0|
|  23|  1| 181| 10| 162|  0| 162|  0|   162 |     0|        26 |          1| 177|  24|
|  25|  2| 186|  5| 163|  1| 163|  1|   163 |     1|        30 |          4| 190|  13|
|   7| 18| 186|  0| 163|  0| 163|  0|   163 |     0|         7 |         23| 179|  11|
|   1|  6|  14| 28| 163|  0| 163|  0|   163 |     0|         1 |          6| 179|   0|
|   1|  0| 192| 22| 163|  0| 163|  0|   163 |     0|         1 |          0| 177|   2|
| 177| 24| 192|  0| 163|  0| 163|  0|   163 |     0|       177 |         24| 176|   1|
| 190| 13|  16| 24| 163|  0| 163|  0|   163 |     0|       190 |         13| 174|   2|
| 177| 13|  17|  1| 164|  1| 164|  1|   164 |     1|       179 |         11| 182|   8|
| 174|  3|   2| 15| 164|  0| 164|  0|   164 |     0|       179 |          0| 182|   0|
| 176|  2| 149| 53| 164|  0| 164|  0|   164 |     0|       177 |          2| 186|   4|
| 179|  3| 149|  0| 164|  0| 164|  0|   164 |     0|       176 |          1|   2|  16|
| 179|  0| 149|  0| 165|  1| 165|  1|   165 |     1|       174 |          2|   1|   1|
| 186|  7| 167| 18| 165|  0| 165|  0|   165 |     0|       182 |          8|   3|   2|
| 182|  4| 176|  9| 165|  0| 165|  0|   165 |     0|       182 |          0|   4|   1|
| 182|  0| 176|  0| 165|  0| 165|  0|   165 |     0|       186 |          4|   6|   2|
|   2| 20| 175|  1| 166|  1| 166|  1|   166 |     1|         2 |         16|   6|   0|
|   1|  1| 181|  6| 166|  0| 166|  0|   166 |     0|         1 |          1| 200|   6|
|   3|  2| 175|  6| 166|  0| 166|  0|   166 |     0|         3 |          2| 196|   4|
|   4|  1| 182|  7| 166|  0| 166|  0|   166 |     0|         4 |          1| 196|   0|
| 200|  4| 185|  3| 166|  0| 166|  0|   166 |     0|         6 |          2| 194|   2|
|   6|  6| 178|  7| 167|  1| 167|  1|   167 |     1|         6 |          0| 194|   0|
|   6|  0| 178|  0| 167|  0| 167|  0|   167 |     0|       200 |          6|  37|  43|
| 196| 10| 170|  8| 167|  0| 167|  0|   167 |     0|       196 |          4|  30|   7|
| 194|  2| 170|  0| 167|  0| 167|  0|   167 |     0|       196 |          0|  45|  15|
| 194|  0| 169|  1| 168|  1| 168|  1|   168 |     1|       194 |          2|  48|   3|
| 196|  2| 136| 33| 168|  0| 168|  0|   168 |     0|       194 |          0|  52|   4|
|  37| 41| 116| 20| 169|  1| 169|  1|   169 |     1|        37 |         43|  55|   3|
|  30|  7| 117|  1| 169|  0| 169|  0|   169 |     0|        30 |          7|  56|   1|
|  48| 18| 145| 28| 170|  1| 170|  1|   170 |     1|        45 |         15|  52|   4|
|  52|  4| 154|  9| 170|  0| 170|  0|   170 |     0|        48 |          3|  45|   7|
|  45|  7| 147|  7| 170|  0| 170|  0|   170 |     0|        52 |          4|  45|   0|
|  55| 10| 132| 15| 170|  0| 170|  0|   170 |     0|        55 |          3|  41|   4|
|  56|  1| 128|  4| 170|  0| 170|  0|   170 |     0|        56 |          1|  50|   9|
|  52|  4| 124|  4| 171|  1| 171|  1|   171 |     1|        52 |          4|  57|   7|
|  41| 11| 101| 23| 171|  0| 171|  0|   171 |     0|        45 |          7|  67|  10|
|  45|  4|  86| 15| 172|  1| 172|  1|   172 |     1|        45 |          0|  82|  15|
|  45|  0|  84|  2| 172|  0| 172|  0|   172 |     0|        41 |          4|  31|  51|
|  57| 12|  84|  0| 173|  1| 173|  1|   173 |     1|        50 |          9|  41|  10|
|  82| 25|  76|  8| 174|  1| 174|  1|   174 |     1|        57 |          7|  50|   9|
|  31| 51|  24| 52| 174|  0| 174|  0|   174 |     0|        67 |         10|  54|   4|
|  50| 19|  51| 27| 174|  0| 174|  0|   174 |     0|        82 |         15|  54|   0|
|  67| 17|  33| 18| 174|  0| 174|  0|   174 |     0|        31 |         51|  73|  19|
|  73|  6|  19| 14| 174|  0| 174|  0|   174 |     0|        41 |         10|  66|   7|
|  54| 19|  27|  8| 174|  0| 174|  0|   174 |     0|        50 |          9|  66|   0|
|  50|  4|  26|  1| 175|  1| 175|  1|   175 |     1|        54 |          4|  65|   1|
|  54|  4|  26|  0| 175|  0| 175|  0|   175 |     0|        54 |          0|  57|   8|
|  41| 13|  21|  5| 175|  0| 175|  0|   175 |     0|        73 |         19|  43|  14|
|  43|  2|  19|  2| 175|  0| 175|  0|   175 |     0|        66 |          7|  58|  15|
|  57| 14|  21|  2| 175|  0| 175|  0|   175 |     0|        66 |          0|  58|   0|
|  65|  8|   8| 13| 175|  0| 175|  0|   175 |     0|        65 |          1|  67|   9|
|  66|  1|   9|  1| 175|  0| 175|  0|   175 |     0|        57 |          8|  68|   1|
|  66|  0|   8|  1| 175|  0| 175|  0|   175 |     0|        43 |         14|  81|  13|
|  81| 15| 184| 24| 176|  1| 176|  1|   176 |     1|        58 |         15|  70|  11|
|  67| 14| 142| 42| 176|  0| 176|  0|   176 |     0|        58 |          0|  70|   0|
|  68|  1| 169| 27| 176|  0| 176|  0|   176 |     0|        67 |          9|  60|  10|
|  58| 10| 167|  2| 176|  0| 176|  0|   176 |     0|        68 |          1|  47|  13|
|  58|  0| 170|  3| 176|  0| 176|  0|   176 |     0|        81 |         13|  25|  22|
|  70| 12| 146| 24| 177|  1| 177|  1|   177 |     1|        70 |         11|  33|   8|
|  70|  0| 135| 11| 177|  0| 177|  0|   177 |     0|        70 |          0|  33|   0|
|  60| 10| 130|  5| 177|  0| 177|  0|   177 |     0|        60 |         10|  34|   1|
|  47| 13| 158| 28| 177|  0| 177|  0|   177 |     0|        47 |         13|  41|   7|
|  25| 22| 161|  3| 177|  0| 177|  0|   177 |     0|        25 |         22|  42|   1|
|  33|  8| 184| 23| 177|  0| 177|  0|   177 |     0|        33 |          8|  41|   1|
|  34|  1| 190|  6| 177|  0| 177|  0|   177 |     0|        33 |          0|  30|  11|
|  41|  7|   3| 13| 177|  0| 177|  0|   177 |     0|        34 |          1|  29|   1|
|  42|  1|   1|  2| 177|  0| 177|  0|   177 |     0|        41 |          7|  26|   3|
|  33|  9| 139| 62| 178|  1| 178|  1|   178 |     1|        42 |          1|  21|   5|
|  26|  7| 147|  8| 178|  0| 178|  0|   178 |     0|        41 |          1|   2|  19|
|  41| 15| 128| 19| 178|  0| 178|  0|   178 |     0|        30 |         11|   1|   1|
|  29| 12| 128|  0| 178|  0| 178|  0|   178 |     0|        29 |          1|   1|   0|
|  30|  1| 134|  6| 178|  0| 178|  0|   178 |     0|        26 |          3|  24|  23|
|  21|  9| 123| 11| 178|  0| 178|  0|   178 |     0|        21 |          5| 198|  26|
|   2| 19| 126|  3| 178|  0| 178|  0|   178 |     0|         2 |         19| 182|  16|
|  24| 22| 129|  3| 178|  0| 178|  0|   178 |     0|         1 |          1| 159|  23|
|   1| 23| 152| 23| 178|  0| 178|  0|   178 |     0|         1 |          0| 122|  37|
|   1|  0| 139| 13| 179|  1| 179|  1|   179 |     1|        24 |         23| 122|   0|
| 198|  3| 141|  2| 179|  0| 179|  0|   179 |     0|       198 |         26| 122|   0|
| 182| 16| 164| 23| 179|  0| 179|  0|   179 |     0|       182 |         16| 131|   9|
| 122| 60| 155|  9| 179|  0| 179|  0|   179 |     0|       159 |         23| 158|  27|
| 122|  0| 150|  5| 179|  0| 179|  0|   179 |     0|       122 |         37| 158|   0|
| 122|  0| 186| 36| 179|  0| 179|  0|   179 |     0|       122 |          0| 159|   1|
| 159| 37|   9| 23| 179|  0| 179|  0|   179 |     0|       122 |          0| 160|   1|
| 159|  0|  18|  9| 179|  0| 179|  0|   179 |     0|       131 |          9| 132|  28|
| 158|  1|   1| 17| 180|  1| 180|  1|   180 |     1|       158 |         27| 131|   1|
| 158|  0| 105| 96| 180|  0| 180|  0|   180 |     0|       158 |          0| 116|  15|
| 160|  2| 105|  0| 181|  1| 181|  1|   181 |     1|       159 |          1| 116|   0|
| 131| 29| 108|  3| 181|  0| 181|  0|   181 |     0|       160 |          1| 107|   9|
| 132|  1| 117|  9| 181|  0| 181|  0|   181 |     0|       132 |         28| 114|   7|
| 131|  1| 113|  4| 181|  0| 181|  0|   181 |     0|       131 |          1| 117|   3|
| 107| 24| 112|  1| 182|  1| 182|  1|   182 |     1|       116 |         15|  61|  56|
| 116|  9|  90| 22| 182|  0| 182|  0|   182 |     0|       116 |          0|  58|   3|
| 116|  0|  77| 13| 182|  0| 182|  0|   182 |     0|       107 |          9|  56|   2|
| 117|  1|  66| 11| 182|  0| 182|  0|   182 |     0|       114 |          7|  48|   8|
| 114|  3|  63|  3| 182|  0| 182|  0|   182 |     0|       117 |          3|   1|  47|
|  61| 53|  64|  1| 182|  0| 182|  0|   182 |     0|        61 |         56| 186|  15|
|  56|  5|  72|  8| 182|  0| 182|  0|   182 |     0|        58 |          3| 193|   7|
|  58|  2|  68|  4| 182|  0| 182|  0|   182 |     0|        56 |          2| 200|   7|
|  48| 10|  59|  9| 182|  0| 182|  0|   182 |     0|        48 |          8| 157|  43|
|   1| 47|  47| 12| 182|  0| 182|  0|   182 |     0|         1 |         47| 148|   9|
| 200|  1|  38|  9| 183|  1| 183|  1|   183 |     1|       186 |         15| 134|  14|
| 193|  7|  37|  1| 183|  0| 183|  0|   183 |     0|       193 |          7| 133|   1|
| 186|  7|  36|  1| 183|  0| 183|  0|   183 |     0|       200 |          7| 124|   9|
| 157| 29|  39|  3| 183|  0| 183|  0|   183 |     0|       157 |         43| 124|   0|
| 148|  9|  22| 17| 183|  0| 183|  0|   183 |     0|       148 |          9| 139|  15|
| 124| 24|  24|  2| 184|  1| 184|  1|   184 |     1|       134 |         14| 146|   7|
| 134| 10|  64| 40| 184|  0| 184|  0|   184 |     0|       133 |          1| 147|   1|
| 133|  1|  64|  0| 184|  0| 184|  0|   184 |     0|       124 |          9| 117|  30|
| 139|  6|  60|  4| 184|  0| 184|  0|   184 |     0|       124 |          0| 107|  10|
| 146|  7|  82| 22| 184|  0| 184|  0|   184 |     0|       139 |         15| 104|   3|
| 147|  1|  72| 10| 184|  0| 184|  0|   184 |     0|       146 |          7|  91|  13|
| 124| 23|  74|  2| 184|  0| 184|  0|   184 |     0|       147 |          1|  89|   2|
| 117|  7|  70|  4| 184|  0| 184|  0|   184 |     0|       117 |         30|   1|  88|
|   1| 84|  67|  3| 185|  1| 185|  1|   185 |     1|       107 |         10| 146|  55|
|  89| 88|  66|  1| 185|  0| 185|  0|   185 |     0|       104 |          3| 155|   9|
|  91|  2|  73|  7| 185|  0| 185|  0|   185 |     0|        91 |         13| 162|   7|
| 107| 16|  67|  6| 186|  1| 186|  1|   186 |     1|        89 |          2| 188|  26|
| 104|  3|  60|  7| 186|  0| 186|  0|   186 |     0|         1 |         88| 189|   1|
| 146| 42|  58|  2| 186|  0| 186|  0|   186 |     0|       146 |         55| 189|   0|
| 155|  9|  61|  3| 186|  0| 186|  0|   186 |     0|       155 |          9| 189|   0|
| 162|  7|  95| 34| 186|  0| 186|  0|   186 |     0|       162 |          7| 189|   0|
| 188| 26|  83| 12| 186|  0| 186|  0|   186 |     0|       188 |         26| 182|   7|
| 189|  1|  62| 21| 186|  0| 186|  0|   186 |     0|       189 |          1| 179|   3|
| 189|  0|  61|  1| 186|  0| 186|  0|   186 |     0|       189 |          0| 182|   3|
| 182|  7| 131| 70| 186|  0| 186|  0|   186 |     0|       189 |          0| 183|   1|
| 179|  3| 132|  1| 186|  0| 186|  0|   186 |     0|       189 |          0| 195|  12|
| 189| 10| 139|  7| 186|  0| 186|  0|   186 |     0|       182 |          7|   7|  12|
| 189|  0| 132|  7| 186|  0| 186|  0|   186 |     0|       179 |          3|   2|   5|
| 183|  6| 145| 13| 187|  1| 187|  1|   187 |     1|       182 |          3|  12|  10|
| 182|  1| 152|  7| 187|  0| 187|  0|   187 |     0|       183 |          1|  16|   4|
|   7| 25| 187| 35| 187|  0| 187|  0|   187 |     0|       195 |         12|  18|   2|
|   2|  5| 183|  4| 187|  0| 187|  0|   187 |     0|         7 |         12|  22|   4|
| 195|  7| 172| 11| 188|  1| 188|  1|   188 |     1|         2 |          5|  23|   1|
|  16| 21| 175|  3| 189|  1| 189|  1|   189 |     1|        12 |         10| 151|  72|
|  12|  4| 191| 16| 189|  0| 189|  0|   189 |     0|        16 |          4| 177|  26|
|  23| 11| 195|  4| 189|  0| 189|  0|   189 |     0|        18 |          2| 177|   0|
|  18|  5| 147| 48| 189|  0| 189|  0|   189 |     0|        22 |          4| 178|   1|
|  22|  4| 178| 31| 189|  0| 189|  0|   189 |     0|        23 |          1| 194|  16|
| 194| 28| 176|  2| 189|  0| 189|  0|   189 |     0|       151 |         72| 190|   4|
| 178| 16| 182|  6| 189|  0| 189|  0|   189 |     0|       177 |         26| 180|  10|
| 177|  1| 178|  4| 190|  1| 190|  1|   190 |     1|       177 |          0| 168|  12|
| 177|  0| 165| 13| 190|  0| 190|  0|   190 |     0|       178 |          1| 158|  10|
| 151| 26| 175| 10| 190|  0| 190|  0|   190 |     0|       194 |         16| 155|   3|
| 155|  4| 174|  1| 190|  0| 190|  0|   190 |     0|       190 |          4| 179|  24|
| 158|  3| 186| 12| 191|  1| 191|  1|   191 |     1|       180 |         10| 179|   0|
| 168| 10|  12| 26| 191|  0| 191|  0|   191 |     0|       168 |         12| 184|   5|
| 180| 12|  17|  5| 191|  0| 191|  0|   191 |     0|       158 |         10| 184|   0|
| 190| 10|  20|  3| 191|  0| 191|  0|   191 |     0|       155 |          3| 185|   1|
| 184|  6|  32| 12| 191|  0| 191|  0|   191 |     0|       179 |         24| 183|   2|
| 184|  0|  23|  9| 192|  1| 192|  1|   192 |     1|       179 |          0| 181|   2|
| 179|  5| 112| 89| 192|  0| 192|  0|   192 |     0|       184 |          5| 187|   6|
| 179|  0|  98| 14| 192|  0| 192|  0|   192 |     0|       184 |          0| 193|   6|
| 185|  6|  62| 36| 193|  1| 193|  1|   193 |     1|       185 |          1| 197|   4|
| 181|  4|  62|  0| 193|  0| 193|  0|   193 |     0|       183 |          2| 195|   2|
| 183|  2|  49| 13| 193|  0| 193|  0|   193 |     0|       181 |          2| 192|   3|
| 193| 10|  51|  2| 193|  0| 193|  0|   193 |     0|       187 |          6| 186|   6|
| 187|  6|  28| 23| 193|  0| 193|  0|   193 |     0|       193 |          6| 199|  13|
| 197| 10|  24|  4| 194|  1| 194|  1|   194 |     1|       197 |          4| 200|   1|
| 186| 11|  38| 14| 194|  0| 194|  0|   194 |     0|       195 |          2| 200|   0|
| 195|  9|  63| 25| 194|  0| 194|  0|   194 |     0|       192 |          3| 198|   2|
| 192|  3|  58|  5| 194|  0| 194|  0|   194 |     0|       186 |          6| 198|   0|
| 200|  8|  77| 19| 195|  1| 195|  1|   195 |     1|       199 |         13| 189|   9|
| 199|  1| 102| 25| 195|  0| 195|  0|   195 |     0|       200 |          1|   5|  16|
|   5|  6| 100|  2| 195|  0| 195|  0|   195 |     0|       200 |          0| 141|  64|
| 198|  7|  94|  6| 195|  0| 195|  0|   195 |     0|       198 |          2| 143|   2|
| 198|  0| 143| 49| 195|  0| 195|  0|   195 |     0|       198 |          0| 145|   2|
| 189|  9| 143|  0| 195|  0| 195|  0|   195 |     0|       189 |          9| 173|  28|
| 200| 11| 139|  4| 195|  0| 195|  0|   195 |     0|         5 |         16| 193|  20|
| 193|  7| 128| 11| 195|  0| 195|  0|   195 |     0|       141 |         64| 142|  51|
| 173| 20| 128|  0| 196|  1| 196|  1|   196 |     1|       143 |          2| 131|  11|
| 145| 28| 140| 12| 196|  0| 196|  0|   196 |     0|       145 |          2| 128|   3|
| 143|  2| 146|  6| 196|  0| 196|  0|   196 |     0|       173 |         28| 128|   0|
| 141|  2| 142|  4| 196|  0| 196|  0|   196 |     0|       193 |         20| 123|   5|
| 142|  1| 143|  1| 196|  0| 196|  0|   196 |     0|       142 |         51|  46|  77|
| 123| 19| 103| 40| 196|  0| 196|  0|   196 |     0|       131 |         11|  44|   2|
| 128|  5|  99|  4| 197|  1| 197|  1|   197 |     1|       128 |          3|  43|   1|
| 128|  0|  96|  3| 197|  0| 197|  0|   197 |     0|       128 |          0|  36|   7|
| 131|  3|  95|  1| 197|  0| 197|  0|   197 |     0|       123 |          5|  35|   1|
| 139|  8|  78| 17| 197|  0| 197|  0|   197 |     0|       138 |         15| 138|  97|
| 138|  1|  81|  3| 197|  0| 197|  0|   197 |     0|       139 |          1| 139|   1|
| 154| 16|  96| 15| 198|  1| 198|  1|   198 |     1|       154 |         15| 154|  15|
| 167| 13| 100|  4| 198|  0| 198|  0|   198 |     0|       167 |         13| 167|  13|
| 167|  0| 125| 25| 198|  0| 198|  0|   198 |     0|       167 |          0| 167|   0|
| 162|  5| 130|  5| 198|  0| 198|  0|   198 |     0|       163 |          4| 163|   4|
| 163|  1| 130|  0| 198|  0| 198|  0|   198 |     0|       163 |          0| 163|   0|
| 163|  0| 127|  3| 198|  0| 198|  0|   198 |     0|       162 |          1| 162|   1|
| 178| 15| 128|  1| 198|  0| 198|  0|   198 |     0|       178 |         16| 178|  16|
| 186|  8| 148| 20| 198|  0| 198|  0|   198 |     0|       186 |          8| 186|   8|
| 186|  0| 151|  3| 198|  0| 198|  0|   198 |     0|       186 |          0| 187|   1|
| 191|  5| 151|  0| 198|  0| 198|  0|   198 |     0|       184 |          2| 190|   3|
| 184|  7| 145|  6| 199|  1| 199|  1|   199 |     1|       183 |          1|  17|  27|
| 187|  3| 140|  5| 199|  0| 199|  0|   199 |     0|       187 |          4|  17|   0|
| 183|  4| 177| 37| 199|  0| 199|  0|   199 |     0|       191 |          4|   6|  11|
| 190|  7| 138| 39| 199|  0| 199|  0|   199 |     0|       190 |          1| 183|  23|
| 187|  3| 144|  6| 200|  1| 200|  1|   200 |     1|       187 |          3| 184|   1|
|   6| 19| 163| 19| 200|  0| 200|  0|   200 |     0|        17 |         30| 186|   2|
|  17| 11| 145| 18| 200|  0| 200|  0|   200 |     0|        17 |          0| 187|   1|
|  17|  0| 152|  7| 200|  0| 200|  0|   200 |     0|         6 |         11| 191|   4|
|   7| 10| 133| 19| 200|  0| 200|  0|   200 |     0|         7 |          1| 179|  12|
| 178| 29| 118| 15| 200|  0| 200|  0|   200 |     0|       161 |         46| 178|   1|
| 161| 17| 126|  8| 200|  0| 200|  0|   200 |     0|       177 |         16| 177|   1|
| 177| 16| 132|  6| 200|  0| 200|  0|   200 |     0|       178 |          1| 161|  16|
--------------------------------------------------------------------------------------
|   88 ns|  108 ns|   54 ns|   88 ns|         90 ns|                  20 ns|    15 ns|
--------------------------------------------------------------------------------------
|   10 ns|   10 ns|    0 ns|    0 ns|          0 ns|                  10 ns|    10 ns|
--------------------------------------------------------------------------------------
|  FIFO  |  LIFO  |  SSTF  |  SCAN  |    C-SCAN    |      N-STEP-SCAN      |  FSCAN  |
--------------------------------------------------------------------------------------
