
The table is organized as such:
| Policy Name |
| Starting Track |
| Next track | Tracks Moved |
| ... |
| Average Seek Length |
| Average Seek Time |
--------------------------------------------------------------------------------------
|  FIFO  |  LIFO  |  SSTF  |  SCAN  |    C-SCAN    |      N-STEP-SCAN      |  FSCAN  |
--------------------------------------------------------------------------------------
|   200  |   200  |   200  |   200  |       200    |              200      |    200  |
--------------------------------------------------------------------------------------
|  74| 74| 178| 22| 200|  0| 200|  0|   200 |     0|        74 |         74|  86|  86|
|  71|  3| 167| 11| 200|  0| 200|  0|   200 |     0|        71 |          3|  84|   2|
|  60| 11| 172|  5| 200|  0| 200|  0|   200 |     0|        61 |         10|  84|   0|
|  61|  1| 172|  0| 200|  0| 200|  0|   200 |     0|        61 |          0|  82|   2|
|  61|  0| 163|  9| 200|  0| 200|  0|   200 |     0|        60 |          1|  75|   7|
|  82| 21| 162|  1| 200|  0| 200|  0|   200 |     0|        75 |         15|  74|   1|
|  84|  2| 169|  7| 200|  0| 200|  0|   200 |     0|        82 |          7|  71|   3|
|  84|  0| 183| 14| 200|  0| 200|  0|   200 |     0|        84 |          2|  61|  10|
|  86|  2| 198| 15| 200|  0| 200|  0|   200 |     0|        84 |          0|  61|   0|
|  75| 11|   9| 11| 200|  0| 200|  0|   200 |     0|        86 |          2|  60|   1|
|  68|  7|   8|  1| 199|  1| 199|  1|   199 |     1|        73 |         13|  62|   2|
|  62|  6|  11|  3| 199|  0| 199|  0|   199 |     0|        68 |          5|  64|   2|
|  73| 11|  10|  1| 199|  0| 199|  0|   199 |     0|        67 |          1|  69|   5|
|  67|  6|  23| 13| 199|  0| 199|  0|   199 |     0|        62 |          5|  75|   6|
|  61|  6|  27|  4| 199|  0| 199|  0|   199 |     0|        61 |          1|  87|  12|
|  62|  1|   4| 23| 198|  1| 198|  1|   198 |     1|        62 |          1|  70|  17|
|  64|  2| 185| 19| 198|  0| 198|  0|   198 |     0|        64 |          2|  64|   6|
|  69|  5| 193|  8| 198|  0| 198|  0|   198 |     0|        69 |          5|  48|  16|
|  87| 18| 188|  5| 198|  0| 198|  0|   198 |     0|        75 |          6|  40|   8|
|  75| 12| 188|  0| 198|  0| 198|  0|   198 |     0|        87 |         12|  38|   2|
|  70|  5| 194|  6| 198|  0| 198|  0|   198 |     0|        70 |         17|  52|  14|
|  64|  6| 193|  1| 198|  0| 198|  0|   198 |     0|        64 |          6|  60|   8|
|  38| 26|   6| 13| 198|  0| 198|  0|   198 |     0|        48 |         16|  63|   3|
|  40|  2|   6|  0| 198|  0| 198|  0|   198 |     0|        40 |          8|  66|   3|
|  48|  8|  19| 13| 198|  0| 198|  0|   198 |     0|        38 |          2|  33|  33|
|  60| 12|  17|  2| 198|  0| 198|  0|   198 |     0|        52 |         14|  34|   1|
|  63|  3|   8|  9| 198|  0| 198|  0|   198 |     0|        60 |          8|  43|   9|
|  66|  3|  12|  4| 197|  1| 197|  1|   197 |     1|        63 |          3|  28|  15|
|  52| 14|  12|  0| 197|  0| 197|  0|   197 |     0|        66 |          3|  24|   4|
|  33| 19|  28| 16| 197|  0| 197|  0|   197 |     0|        33 |         33|  20|   4|
|  34|  1|  30|  2| 197|  0| 197|  0|   197 |     0|        34 |          1|  48|  28|
|  20| 14|  32|  2| 197|  0| 197|  0|   197 |     0|        43 |          9|  94|  46|
|  28|  8|  31|  1| 197|  0| 197|  0|   197 |     0|        28 |         15|  96|   2|
|  24|  4|  43| 12| 197|  0| 197|  0|   197 |     0|        24 |          4|  96|   0|
|  43| 19|  30| 13| 197|  0| 197|  0|   197 |     0|        20 |          4| 107|  11|
|  48|  5|  30|  0| 196|  1| 196|  1|   196 |     1|        48 |         28| 105|   2|
|  94| 46|  40| 10| 196|  0| 196|  0|   196 |     0|        94 |         46| 151|  46|
|  96|  2| 181| 59| 196|  0| 196|  0|   196 |     0|        96 |          2| 153|   2|
|  96|  0| 189|  8| 196|  0| 196|  0|   196 |     0|        96 |          0| 153|   0|
| 107| 11| 192|  3| 196|  0| 196|  0|   196 |     0|       107 |         11| 159|   6|
| 105|  2| 183|  9| 196|  0| 196|  0|   196 |     0|       105 |          2| 158|   1|
| 159| 54| 200| 17| 195|  1| 195|  1|   195 |     1|       151 |         46| 149|   9|
| 153|  6| 199|  1| 195|  0| 195|  0|   195 |     0|       153 |          2| 146|   3|
| 153|  0|  11| 12| 195|  0| 195|  0|   195 |     0|       153 |          0| 172|  26|
| 151|  2|  10|  1| 195|  0| 195|  0|   195 |     0|       159 |          6| 172|   0|
| 146|  5|  22| 12| 195|  0| 195|  0|   195 |     0|       158 |          1| 170|   2|
| 149|  3| 192| 30| 195|  0| 195|  0|   195 |     0|       149 |          9| 170|   0|
| 158|  9| 190|  2| 195|  0| 195|  0|   195 |     0|       146 |          3| 160|  10|
| 172| 14| 196|  6| 195|  0| 195|  0|   195 |     0|       172 |         26| 158|   2|
| 172|  0| 196|  0| 194|  1| 194|  1|   194 |     1|       172 |          0| 192|  34|
| 170|  2| 182| 14| 194|  0| 194|  0|   194 |     0|       170 |          2|  73|  81|
| 170|  0| 194| 12| 194|  0| 194|  0|   194 |     0|       170 |          0|  68|   5|
| 160| 10| 187|  7| 194|  0| 194|  0|   194 |     0|       160 |         10|  67|   1|
| 158|  2| 193|  6| 194|  0| 194|  0|   194 |     0|       158 |          2|  62|   5|
| 192| 34| 193|  0| 194|  0| 194|  0|   194 |     0|       192 |         34|  61|   1|
| 193|  1|   8| 15| 194|  0| 194|  0|   194 |     0|       193 |          1| 182|  79|
| 193|  0|   2|  6| 194|  0| 194|  0|   194 |     0|       193 |          0| 193|  11|
| 182| 11| 166| 36| 194|  0| 194|  0|   194 |     0|       182 |         11| 193|   0|
|  16| 34| 105| 61| 194|  0| 194|  0|   194 |     0|        25 |         43|  25|  32|
|  25|  9|  90| 15| 194|  0| 194|  0|   194 |     0|        16 |          9|  16|   9|
|  17|  8|  88|  2| 194|  0| 194|  0|   194 |     0|        17 |          1|  67|  51|
|  32| 15|  95|  7| 193|  1| 193|  1|   193 |     1|        21 |          4|  69|   2|
|  21| 11| 159| 64| 193|  0| 193|  0|   193 |     0|        32 |         11|  72|   3|
|  64| 43| 165|  6| 193|  0| 193|  0|   193 |     0|        64 |         32|  94|  22|
|  64|  0| 166|  1| 193|  0| 193|  0|   193 |     0|        64 |          0| 114|  20|
|  69|  5| 164|  2| 193|  0| 193|  0|   193 |     0|        67 |          3| 140|  26|
|  72|  3| 146| 18| 193|  0| 193|  0|   193 |     0|        69 |          2| 144|   4|
|  67|  5| 164| 18| 193|  0| 193|  0|   193 |     0|        72 |          3| 175|  31|
|  94| 27| 152| 12| 193|  0| 193|  0|   193 |     0|        94 |         22| 176|   1|
| 114| 20| 133| 19| 193|  0| 193|  0|   193 |     0|       114 |         20| 189|  13|
| 140| 26| 133|  0| 193|  0| 193|  0|   193 |     0|       140 |         26| 174|  15|
| 144|  4| 134|  1| 193|  0| 193|  0|   193 |     0|       144 |          4| 165|   9|
| 189| 45| 140|  6| 193|  0| 193|  0|   193 |     0|       175 |         31| 164|   1|
| 175| 14| 140|  0| 193|  0| 193|  0|   193 |     0|       176 |          1| 159|   5|
| 176|  1| 155| 15| 193|  0| 193|  0|   193 |     0|       189 |         13| 159|   0|
| 165| 11| 150|  5| 192|  1| 192|  1|   192 |     1|       174 |         15| 159|   0|
| 164|  1| 144|  6| 192|  0| 192|  0|   192 |     0|       165 |          9| 156|   3|
| 174| 10| 142|  2| 192|  0| 192|  0|   192 |     0|       164 |          1| 156|   0|
| 159| 15| 155| 13| 192|  0| 192|  0|   192 |     0|       159 |          5| 156|   0|
| 159|  0| 156|  1| 192|  0| 192|  0|   192 |     0|       159 |          0| 153|   3|
| 159|  0| 154|  2| 192|  0| 192|  0|   192 |     0|       159 |          0| 170|  17|
| 153|  6| 159|  5| 192|  0| 192|  0|   192 |     0|       156 |          3| 173|   3|
| 156|  3| 173| 14| 192|  0| 192|  0|   192 |     0|       156 |          0|  17|  44|
| 156|  0| 165|  8| 192|  0| 192|  0|   192 |     0|       156 |          0|  15|   2|
| 156|  0| 159|  6| 192|  0| 192|  0|   192 |     0|       153 |          3|  15|   0|
| 173| 17| 139| 20| 191|  1| 191|  1|   191 |     1|       170 |         17|  15|   0|
| 170|  3| 138|  1| 191|  0| 191|  0|   191 |     0|       173 |          3|  13|   2|
|  15| 45| 133|  5| 191|  0| 191|  0|   191 |     0|        17 |         44|  17|   4|
|  15|  0| 137|  4| 191|  0| 191|  0|   191 |     0|        15 |          2|  37|  20|
|  17|  2| 138|  1| 191|  0| 191|  0|   191 |     0|        15 |          0|  45|   8|
|  15|  2| 140|  2| 191|  0| 191|  0|   191 |     0|        15 |          0|  42|   3|
|  13|  2| 183| 43| 191|  0| 191|  0|   191 |     0|        13 |          2|  22|  20|
|  17|  4| 197| 14| 191|  0| 191|  0|   191 |     0|        17 |          4|  17|   5|
|  37| 20| 199|  2| 191|  0| 191|  0|   191 |     0|        37 |         20|  15|   2|
|  45|  8| 191|  8| 190|  1| 190|  1|   190 |     1|        45 |          8|  14|   1|
|  42|  3| 187|  4| 190|  0| 190|  0|   190 |     0|        42 |          3| 184|  30|
|  22| 20|   7| 20| 190|  0| 190|  0|   190 |     0|        22 |         20| 188|   4|
|  15|  7|  10|  3| 190|  0| 190|  0|   190 |     0|        17 |          5| 195|   7|
|  17|  2|  26| 16| 190|  0| 190|  0|   190 |     0|        15 |          2| 200|   5|
|  14|  3| 150| 76| 190|  0| 190|  0|   190 |     0|        14 |          1|   3|   3|
| 195| 19| 157|  7| 190|  0| 190|  0|   190 |     0|       184 |         30|   4|   1|
| 184| 11| 163|  6| 190|  0| 190|  0|   190 |     0|       188 |          4|  11|   7|
| 188|  4| 162|  1| 190|  0| 190|  0|   190 |     0|       195 |          7|  19|   8|
|   3| 15| 185| 23| 189|  1| 189|  1|   189 |     1|       200 |          5|  20|   1|
| 200|  3| 193|  8| 189|  0| 189|  0|   189 |     0|         3 |          3| 190|  30|
|  20| 20| 187|  6| 189|  0| 189|  0|   189 |     0|         4 |          1| 190|   0|
|  19|  1| 182|  5| 189|  0| 189|  0|   189 |     0|        11 |          7| 180|  10|
|  11|  8| 186|  4| 189|  0| 189|  0|   189 |     0|        19 |          8| 174|   6|
|   4|  7|   4| 18| 188|  1| 188|  1|   188 |     1|        20 |          1| 162|  12|
| 190| 14|   3|  1| 188|  0| 188|  0|   188 |     0|       190 |         30| 199|  37|
| 162| 28|   6|  3| 188|  0| 188|  0|   188 |     0|       190 |          0| 171|  28|
| 174| 12| 196| 10| 188|  0| 188|  0|   188 |     0|       180 |         10| 170|   1|
| 180|  6| 174| 22| 187|  1| 187|  1|   187 |     1|       174 |          6| 170|   0|
| 190| 10| 173|  1| 187|  0| 187|  0|   187 |     0|       162 |         12| 168|   2|
| 199|  9| 179|  6| 187|  0| 187|  0|   187 |     0|       199 |         37| 166|   2|
| 170| 29| 179|  0| 187|  0| 187|  0|   187 |     0|       171 |         28| 180|  14|
| 166|  4| 179|  0| 186|  1| 186|  1|   186 |     1|       170 |          1| 191|  11|
| 170|  4| 172|  7| 186|  0| 186|  0|   186 |     0|       170 |          0| 200|   9|
| 168|  2| 144| 28| 186|  0| 186|  0|   186 |     0|       168 |          2|   2|   2|
| 171|  3| 152|  8| 186|  0| 186|  0|   186 |     0|       166 |          2|   2|   0|
| 180|  9| 178| 26| 186|  0| 186|  0|   186 |     0|       180 |         14|  17|  15|
|   2| 22| 178|  0| 186|  0| 186|  0|   186 |     0|       191 |         11|  27|  10|
|   2|  0| 194| 16| 186|  0| 186|  0|   186 |     0|       200 |          9|  32|   5|
| 191| 11| 177| 17| 185|  1| 185|  1|   185 |     1|         2 |          2| 191|  41|
| 200|  9| 179|  2| 185|  0| 185|  0|   185 |     0|         2 |          0| 191|   0|
|  17| 17| 179|  0| 185|  0| 185|  0|   185 |     0|        17 |         15| 195|   4|
|  32| 15| 179|  0| 185|  0| 185|  0|   185 |     0|        27 |         10| 197|   2|
|  27|  5| 139| 40| 185|  0| 185|  0|   185 |     0|        32 |          5| 197|   0|
| 191| 36|  85| 54| 185|  0| 185|  0|   185 |     0|       191 |         41| 200|   3|
| 191|  0|  79|  6| 185|  0| 185|  0|   185 |     0|       191 |          0| 175|  25|
| 197|  6|  87|  8| 185|  0| 185|  0|   185 |     0|       195 |          4| 163|  12|
| 197|  0|  88|  1| 185|  0| 185|  0|   185 |     0|       197 |          2| 148|  15|
| 200|  3|  82|  6| 185|  0| 185|  0|   185 |     0|       197 |          0| 145|   3|
| 195|  5|  73|  9| 185|  0| 185|  0|   185 |     0|       200 |          3| 139|   6|
| 175| 20|  81|  8| 184|  1| 184|  1|   184 |     1|       175 |         25| 133|   6|
| 163| 12|  85|  4| 184|  0| 184|  0|   184 |     0|       163 |         12| 120|  13|
| 148| 15|  88|  3| 184|  0| 184|  0|   184 |     0|       148 |         15| 117|   3|
| 145|  3|  87|  1| 184|  0| 184|  0|   184 |     0|       145 |          3| 117|   0|
| 139|  6| 112| 25| 184|  0| 184|  0|   184 |     0|       139 |          6| 113|   4|
| 133|  6| 112|  0| 184|  0| 184|  0|   184 |     0|       133 |          6| 136|  23|
| 117| 16|  95| 17| 184|  0| 184|  0|   184 |     0|       120 |         13| 133|   3|
| 113|  4|  89|  6| 183|  1| 183|  1|   183 |     1|       117 |          3|  37|  96|
| 120|  7| 101| 12| 183|  0| 183|  0|   183 |     0|       117 |          0|  35|   2|
| 117|  3| 129| 28| 183|  0| 183|  0|   183 |     0|       113 |          4|  11|  24|
| 136| 19| 128|  1| 183|  0| 183|  0|   183 |     0|       136 |         23|   9|   2|
| 133|  3| 128|  0| 183|  0| 183|  0|   183 |     0|       133 |          3|  18|   9|
|  11| 78| 134|  6| 183|  0| 183|  0|   183 |     0|        37 |         96|  18|   0|
|   9|  2| 132|  2| 182|  1| 182|  1|   182 |     1|        35 |          2|  44|  26|
|  35| 26| 129|  3| 182|  0| 182|  0|   182 |     0|        11 |         24|  46|   2|
|  37|  2| 137|  8| 182|  0| 182|  0|   182 |     0|         9 |          2|  48|   2|
|  44|  7| 158| 21| 182|  0| 182|  0|   182 |     0|        18 |          9|  38|  10|
|  48|  4| 153|  5| 182|  0| 182|  0|   182 |     0|        18 |          0|  20|  18|
|  46|  2| 153|  0| 182|  0| 182|  0|   182 |     0|        44 |         26|  60|  40|
|  18| 28| 152|  1| 182|  0| 182|  0|   182 |     0|        46 |          2|  63|   3|
|  18|  0| 149|  3| 181|  1| 181|  1|   181 |     1|        48 |          2|  65|   2|
|  20|  2| 146|  3| 181|  0| 181|  0|   181 |     0|        38 |         10|  67|   2|
|  38| 18| 149|  3| 180|  1| 180|  1|   180 |     1|        20 |         18|  74|   7|
|  65| 27| 152|  3| 180|  0| 180|  0|   180 |     0|        60 |         40|  78|   4|
|  60|  5| 152|  0| 180|  0| 180|  0|   180 |     0|        63 |          3|  59|  19|
|  63|  3| 137| 15| 180|  0| 180|  0|   180 |     0|        65 |          2|  42|  17|
|  67|  4| 154| 17| 180|  0| 180|  0|   180 |     0|        67 |          2|  53|  11|
|  74|  7| 135| 19| 180|  0| 180|  0|   180 |     0|        74 |          7|  80|  27|
|  78|  4| 144|  9| 180|  0| 180|  0|   180 |     0|        78 |          4|  84|   4|
|  59| 19| 164| 20| 179|  1| 179|  1|   179 |     1|        59 |         19|  89|   5|
|  42| 17| 164|  0| 179|  0| 179|  0|   179 |     0|        42 |         17|  90|   1|
|  53| 11|  94| 70| 179|  0| 179|  0|   179 |     0|        53 |         11|  91|   1|
|  80| 27|  99|  5| 179|  0| 179|  0|   179 |     0|        80 |         27|  96|   5|
|  89|  9|  65| 34| 179|  0| 179|  0|   179 |     0|        84 |          4|  99|   3|
|  90|  1|  39| 26| 179|  0| 179|  0|   179 |     0|        89 |          5|  99|   0|
|  84|  6|  51| 12| 179|  0| 179|  0|   179 |     0|        90 |          1| 122|  23|
|  91|  7|  51|  0| 179|  0| 179|  0|   179 |     0|        91 |          1| 120|   2|
|  96|  5|  39| 12| 178|  1| 178|  1|   178 |     1|        96 |          5|  57|  63|
|  99|  3|  24| 15| 178|  0| 178|  0|   178 |     0|        99 |          3|  47|  10|
|  99|  0|  24|  0| 178|  0| 178|  0|   178 |     0|        99 |          0|  32|  15|
| 122| 23|  11| 13| 178|  0| 178|  0|   178 |     0|       122 |         23|  11|  21|
| 120|  2|  44| 33| 178|  0| 178|  0|   178 |     0|       120 |          2|   4|   7|
|  47| 73|  29| 15| 178|  0| 178|  0|   178 |     0|        57 |         63|   3|   1|
|  32| 15|  29|  0| 178|  0| 178|  0|   178 |     0|        47 |         10|   1|   2|
|  11| 21|   9| 20| 178|  0| 178|  0|   178 |     0|        32 |         15| 161|  40|
|  57| 46|  13|  4| 178|  0| 178|  0|   178 |     0|        11 |         21| 200|  39|
|   1| 56|  23| 10| 178|  0| 178|  0|   178 |     0|         4 |          7| 156|  44|
| 200|  1|  14|  9| 178|  0| 178|  0|   178 |     0|         3 |          1| 155|   1|
|   3|  3| 198| 16| 177|  1| 177|  1|   177 |     1|         1 |          2| 155|   0|
|   4|  1| 198|  0| 177|  0| 177|  0|   177 |     0|       161 |         40| 153|   2|
| 161| 43|  45| 47| 177|  0| 177|  0|   177 |     0|       200 |         39| 147|   6|
| 155|  6|  46|  1| 177|  0| 177|  0|   177 |     0|       156 |         44| 146|   1|
| 155|  0|  50|  4| 177|  0| 177|  0|   177 |     0|       155 |          1| 133|  13|
| 156|  1|  42|  8| 177|  0| 177|  0|   177 |     0|       155 |          0| 127|   6|
| 153|  3|  33|  9| 177|  0| 177|  0|   177 |     0|       153 |          2| 109|  18|
| 147|  6|  33|  0| 177|  0| 177|  0|   177 |     0|       147 |          6| 109|   0|
| 146|  1|  22| 11| 176|  1| 176|  1|   176 |     1|       146 |          1| 109|   0|
| 133| 13|  22|  0| 176|  0| 176|  0|   176 |     0|       133 |         13| 118|   9|
| 109| 24|  32| 10| 176|  0| 176|  0|   176 |     0|       127 |          6| 118|   0|
| 109|  0|  22| 10| 176|  0| 176|  0|   176 |     0|       109 |         18| 120|   2|
| 127| 18|  25|  3| 175|  1| 175|  1|   175 |     1|       109 |          0| 131|  11|
| 120|  7|  24|  1| 175|  0| 175|  0|   175 |     0|       109 |          0|  64|  67|
| 109| 11|  21|  3| 175|  0| 175|  0|   175 |     0|       118 |          9|  64|   0|
| 118|  9|  27|  6| 175|  0| 175|  0|   175 |     0|       118 |          0|  32|  32|
| 131| 13|   5| 22| 174|  1| 174|  1|   174 |     1|       120 |          2|  21|  11|
| 118| 13| 200|  5| 174|  0| 174|  0|   174 |     0|       131 |         11|  17|   4|
| 108| 10| 200|  0| 174|  0| 174|  0|   174 |     0|       108 |         23|  99|  82|
| 102|  6| 197|  3| 174|  0| 174|  0|   174 |     0|       105 |          3| 100|   1|
| 100|  2| 192|  5| 174|  0| 174|  0|   174 |     0|       102 |          3| 102|   2|
|  99|  1| 177| 15| 174|  0| 174|  0|   174 |     0|       100 |          2| 105|   3|
| 105|  6| 168|  9| 174|  0| 174|  0|   174 |     0|        99 |          1| 108|   3|
| 119| 14| 166|  2| 174|  0| 174|  0|   174 |     0|       111 |         12| 111|   3|
| 119|  0| 168|  2| 173|  1| 173|  1|   173 |     1|       119 |          8| 119|   8|
| 111|  8| 160|  8| 173|  0| 173|  0|   173 |     0|       119 |          0| 119|   0|
| 119|  8| 160|  0| 173|  0| 173|  0|   173 |     0|       119 |          0| 119|   0|
| 119|  0| 170| 10| 173|  0| 173|  0|   173 |     0|       119 |          0| 119|   0|
| 124|  5| 162|  8| 172|  1| 172|  1|   172 |     1|       123 |          4| 123|   4|
| 123|  1| 145| 17| 172|  0| 172|  0|   172 |     0|       124 |          1| 124|   1|
| 134| 11| 130| 15| 172|  0| 172|  0|   172 |     0|       134 |         10| 134|  10|
|   1| 67| 127|  3| 172|  0| 172|  0|   172 |     0|         3 |         69|   3|  69|
|   3|  2| 118|  9| 172|  0| 172|  0|   172 |     0|         1 |          2|   1|   2|
| 159| 44| 109|  9| 172|  0| 172|  0|   172 |     0|         1 |          0|   1|   0|
|   1| 42| 113|  4| 172|  0| 172|  0|   172 |     0|       159 |         42| 159|  42|
| 183| 18| 121|  8| 172|  0| 172|  0|   172 |     0|       180 |         21| 180|  21|
| 190|  7| 123|  2| 172|  0| 172|  0|   172 |     0|       183 |          3| 183|   3|
| 180| 10| 125|  2| 171|  1| 171|  1|   171 |     1|       190 |          7| 190|   7|
| 139| 41| 132|  7| 171|  0| 171|  0|   171 |     0|       169 |         21| 169|  21|
| 128| 11| 140|  8| 171|  0| 171|  0|   171 |     0|       139 |         30| 139|  30|
| 122|  6| 152| 12| 171|  0| 171|  0|   171 |     0|       128 |         11| 128|  11|
| 128|  6| 152|  0| 171|  0| 171|  0|   171 |     0|       128 |          0| 128|   0|
| 169| 41| 167| 15| 171|  0| 171|  0|   171 |     0|       122 |          6| 122|   6|
| 156| 13| 170|  3| 171|  0| 171|  0|   171 |     0|       156 |         34| 156|  34|
| 163|  7| 170|  0| 170|  1| 170|  1|   170 |     1|       163 |          7| 163|   7|
| 191| 28| 178|  8| 170|  0| 170|  0|   170 |     0|       186 |         23| 186|  23|
| 194|  3| 158| 20| 170|  0| 170|  0|   170 |     0|       191 |          5| 191|   5|
| 186|  8| 163|  5| 170|  0| 170|  0|   170 |     0|       194 |          3| 194|   3|
|   1| 15| 163|  0| 170|  0| 170|  0|   170 |     0|       194 |          0| 194|   0|
| 194|  7| 166|  3| 170|  0| 170|  0|   170 |     0|       167 |         27| 167|  27|
| 196|  2| 174|  8| 170|  0| 170|  0|   170 |     0|       166 |          1| 166|   1|
| 166| 30| 162| 12| 170|  0| 170|  0|   170 |     0|         1 |         35|   1|  35|
| 167|  1| 147| 15| 170|  0| 170|  0|   170 |     0|       196 |          5| 196|   5|
| 163|  4| 143|  4| 170|  0| 170|  0|   170 |     0|       184 |         12| 184|  12|
| 164|  1| 137|  6| 170|  0| 170|  0|   170 |     0|       168 |         16| 168|  16|
| 184| 20| 169| 32| 170|  0| 170|  0|   170 |     0|       165 |          3| 165|   3|
| 165| 19| 166|  3| 169|  1| 169|  1|   169 |     1|       164 |          1| 164|   1|
| 168|  3| 164|  2| 169|  0| 169|  0|   169 |     0|       163 |          1| 163|   1|
| 177|  9| 177| 13| 169|  0| 169|  0|   169 |     0|       177 |         14| 177|  14|
| 177|  0| 179|  2| 169|  0| 169|  0|   169 |     0|       177 |          0| 177|   0|
| 187| 10| 177|  2| 169|  0| 169|  0|   169 |     0|       187 |         10| 187|  10|
| 198| 11| 177|  0| 169|  0| 169|  0|   169 |     0|       198 |         11| 198|  11|
|   1|  3| 175|  2| 169|  0| 169|  0|   169 |     0|         1 |          3|   1|   3|
| 195|  6| 190| 15| 169|  0| 169|  0|   169 |     0|         5 |          4|  50|  49|
|   5| 10| 183|  7| 169|  0| 169|  0|   169 |     0|         5 |          0|  51|   1|
|   5|  0| 182|  1| 169|  0| 169|  0|   169 |     0|        11 |          6|  52|   1|
|  11|  6| 176|  6| 169|  0| 169|  0|   169 |     0|        30 |         19|  54|   2|
|  30| 19| 184|  8| 168|  1| 168|  1|   168 |     1|       195 |         35|  73|  19|
|  73| 43| 198| 14| 168|  0| 168|  0|   168 |     0|        73 |         78|  66|   7|
|  50| 23| 171| 27| 168|  0| 168|  0|   168 |     0|        54 |         19|  65|   1|
|  51|  1| 171|  0| 168|  0| 168|  0|   168 |     0|        52 |          2|  56|   9|
|  54|  3| 172|  1| 168|  0| 168|  0|   168 |     0|        51 |          1|  55|   1|
|  52|  2| 185| 13| 168|  0| 168|  0|   168 |     0|        50 |          1|  82|  27|
|  55|  3| 197| 12| 168|  0| 168|  0|   168 |     0|        55 |          5|  79|   3|
|  82| 27| 194|  3| 168|  0| 168|  0|   168 |     0|        56 |          1|  77|   2|
|  65| 17| 189|  5| 167|  1| 167|  1|   167 |     1|        65 |          9|  74|   3|
|  66|  1| 194|  5| 167|  0| 167|  0|   167 |     0|        66 |          1|  54|  20|
|  56| 10| 180| 14| 167|  0| 167|  0|   167 |     0|        82 |         16|  54|   0|
|  54|  2| 186|  6| 167|  0| 167|  0|   167 |     0|        79 |          3|  67|  13|
|  54|  0| 189|  3| 167|  0| 167|  0|   167 |     0|        77 |          2|  68|   1|
|  79| 25| 182|  7| 167|  0| 167|  0|   167 |     0|        74 |          3|  82|  14|
|  77|  2| 191|  9| 166|  1| 166|  1|   166 |     1|        54 |         20|  87|   5|
|  74|  3|  14| 23| 166|  0| 166|  0|   166 |     0|        54 |          0|  94|   7|
|  67|  7|  19|  5| 166|  0| 166|  0|   166 |     0|        67 |         13|  89|   5|
|  68|  1|  37| 18| 166|  0| 166|  0|   166 |     0|        68 |          1|  99|  10|
|  87| 19|  27| 10| 166|  0| 166|  0|   166 |     0|        82 |         14| 103|   4|
|  94|  7|  28|  1| 166|  0| 166|  0|   166 |     0|        87 |          5| 105|   2|
|  82| 12|  26|  2| 166|  0| 166|  0|   166 |     0|        94 |          7| 112|   7|
|  89|  7|  22|  4| 166|  0| 166|  0|   166 |     0|        89 |          5| 106|   6|
|  99| 10|  22|  0| 165|  1| 165|  1|   165 |     1|        99 |         10| 106|   0|
| 105|  6|  78| 56| 165|  0| 165|  0|   165 |     0|       103 |          4| 105|   1|
| 103|  2|  78|  0| 165|  0| 165|  0|   165 |     0|       105 |          2|  94|  11|
| 112|  9|  79|  1| 165|  0| 165|  0|   165 |     0|       112 |          7|  87|   7|
|  94| 18|  94| 15| 165|  0| 165|  0|   165 |     0|       106 |          6| 105|  18|
|  87|  7|  57| 37| 164|  1| 164|  1|   164 |     1|       106 |          0|  59|  46|
| 106| 19|  76| 19| 164|  0| 164|  0|   164 |     0|       105 |          1|  58|   1|
| 106|  0|  81|  5| 164|  0| 164|  0|   164 |     0|        94 |         11|  56|   2|
| 105|  1|  81|  0| 164|  0| 164|  0|   164 |     0|        87 |          7|  56|   0|
| 105|  0| 104| 23| 164|  0| 164|  0|   164 |     0|       105 |         18|  56|   0|
|  59| 46| 106|  2| 164|  0| 164|  0|   164 |     0|        59 |         46|  42|  14|
|  58|  1| 128| 22| 164|  0| 164|  0|   164 |     0|        58 |          1|  16|  26|
|  56|  2| 123|  5| 164|  0| 164|  0|   164 |     0|        56 |          2| 193|  23|
|  56|  0| 122|  1| 164|  0| 164|  0|   164 |     0|        56 |          0| 193|   0|
|  56|  0| 124|  2| 163|  1| 163|  1|   163 |     1|        56 |          0| 193|   0|
|  42| 14| 153| 29| 163|  0| 163|  0|   163 |     0|        42 |         14| 194|   1|
|  16| 26| 200| 47| 163|  0| 163|  0|   163 |     0|        16 |         26| 195|   1|
| 193| 23| 195|  5| 163|  0| 163|  0|   163 |     0|       193 |         23| 199|   4|
| 193|  0| 190|  5| 163|  0| 163|  0|   163 |     0|       193 |          0|  11|  12|
| 194|  1| 198|  8| 163|  0| 163|  0|   163 |     0|       193 |          0|   7|   4|
| 199|  5| 198|  0| 163|  0| 163|  0|   163 |     0|       194 |          1|   6|   1|
| 193|  6|   7|  9| 163|  0| 163|  0|   163 |     0|       195 |          1|   6|   0|
| 195|  2| 139| 68| 162|  1| 162|  1|   162 |     1|       199 |          4|   4|   2|
|  11| 16| 138|  1| 162|  0| 162|  0|   162 |     0|        11 |         12| 199|   5|
|   6|  5| 131|  7| 162|  0| 162|  0|   162 |     0|         7 |          4| 198|   1|
|   4|  2| 145| 14| 162|  0| 162|  0|   162 |     0|         6 |          1| 198|   0|
| 199|  5| 145|  0| 162|  0| 162|  0|   162 |     0|         6 |          0| 184|  14|
|   7|  8| 145|  0| 161|  1| 161|  1|   161 |     1|         4 |          2| 182|   2|
|   6|  1| 147|  2| 161|  0| 161|  0|   161 |     0|       199 |          5| 178|   4|
| 198|  8| 173| 26| 161|  0| 161|  0|   161 |     0|       198 |          1| 178|   0|
| 198|  0|  18| 45| 160|  1| 160|  1|   160 |     1|       198 |          0| 153|  25|
| 184| 14|  24|  6| 160|  0| 160|  0|   160 |     0|       184 |         14| 151|   2|
| 182|  2|  30|  6| 160|  0| 160|  0|   160 |     0|       182 |          2| 144|   7|
| 178|  4|  25|  5| 160|  0| 160|  0|   160 |     0|       178 |          4| 142|   2|
| 178|  0|  27|  2| 159|  1| 159|  1|   159 |     1|       178 |          0| 141|   1|
| 151| 27|   9| 18| 159|  0| 159|  0|   159 |     0|       153 |         25| 103|  38|
| 144|  7|   9|  0| 159|  0| 159|  0|   159 |     0|       151 |          2| 102|   1|
| 142|  2|   7|  2| 159|  0| 159|  0|   159 |     0|       144 |          7|  93|   9|
| 153| 11|   2|  5| 159|  0| 159|  0|   159 |     0|       142 |          2| 154|  61|
| 141| 12|   9|  7| 159|  0| 159|  0|   159 |     0|       141 |          1| 105|  49|
| 154| 13|   9|  0| 159|  0| 159|  0|   159 |     0|       103 |         38|  97|   8|
| 103| 51|   2|  7| 159|  0| 159|  0|   159 |     0|       102 |          1|  94|   3|
| 102|  1|   4|  2| 158|  1| 158|  1|   158 |     1|        93 |          9|  91|   3|
|  93|  9|  50| 46| 158|  0| 158|  0|   158 |     0|       154 |         61|  91|   0|
|  91|  2|  50|  0| 158|  0| 158|  0|   158 |     0|       105 |         49|  88|   3|
|  91|  0|  46|  4| 158|  0| 158|  0|   158 |     0|        97 |          8|  83|   5|
|  94|  3|  36| 10| 158|  0| 158|  0|   158 |     0|        94 |          3|  76|   7|
| 105| 11|  61| 25| 158|  0| 158|  0|   158 |     0|        91 |          3|  74|   2|
|  97|  8|  50| 11| 158|  0| 158|  0|   158 |     0|        91 |          0|  74|   0|
|  74| 23|  53|  3| 157|  1| 157|  1|   157 |     1|        88 |          3| 100|  26|
|  74|  0|  57|  4| 157|  0| 157|  0|   157 |     0|        83 |          5| 114|  14|
|  83|  9|  47| 10| 156|  1| 156|  1|   156 |     1|        76 |          7| 122|   8|
|  88|  5|  56|  9| 156|  0| 156|  0|   156 |     0|        74 |          2| 124|   2|
|  76| 12|  45| 11| 156|  0| 156|  0|   156 |     0|        74 |          0| 127|   3|
| 100| 24|  49|  4| 156|  0| 156|  0|   156 |     0|       100 |         26| 128|   1|
| 122| 22|  48|  1| 156|  0| 156|  0|   156 |     0|       114 |         14| 128|   0|
| 114|  8|  54|  6| 156|  0| 156|  0|   156 |     0|       122 |          8| 128|   0|
| 124| 10|  51|  3| 156|  0| 156|  0|   156 |     0|       124 |          2| 133|   5|
| 127|  3|  53|  2| 155|  1| 155|  1|   155 |     1|       127 |          3| 140|   7|
| 128|  1|  50|  3| 155|  0| 155|  0|   155 |     0|       128 |          1| 125|  15|
| 128|  0|  69| 19| 155|  0| 155|  0|   155 |     0|       128 |          0| 167|  42|
| 133|  5|  88| 19| 155|  0| 155|  0|   155 |     0|       128 |          0| 174|   7|
| 140|  7|  88|  0| 154|  1| 154|  1|   154 |     1|       133 |          5| 176|   2|
| 128| 12| 122| 34| 154|  0| 154|  0|   154 |     0|       140 |          7| 182|   6|
| 125|  3| 120|  2| 154|  0| 154|  0|   154 |     0|       125 |         15| 164|  18|
| 167| 42| 121|  1| 154|  0| 154|  0|   154 |     0|       167 |         42| 149|  15|
| 174|  7| 116|  5| 153|  1| 153|  1|   153 |     1|       174 |          7| 147|   2|
| 176|  2| 114|  2| 153|  0| 153|  0|   153 |     0|       176 |          2| 141|   6|
| 182|  6| 115|  1| 153|  0| 153|  0|   153 |     0|       182 |          6| 127|  14|
| 164| 18| 132| 17| 153|  0| 153|  0|   153 |     0|       164 |         18| 128|   1|
| 149| 15| 132|  0| 153|  0| 153|  0|   153 |     0|       149 |         15| 131|   3|
| 147|  2| 125|  7| 153|  0| 153|  0|   153 |     0|       147 |          2| 133|   2|
| 141|  6| 135| 10| 153|  0| 153|  0|   153 |     0|       141 |          6| 126|   7|
| 127| 14| 170| 35| 153|  0| 153|  0|   153 |     0|       127 |         14| 114|  12|
| 131|  4| 186| 16| 152|  1| 152|  1|   152 |     1|       128 |          1| 129|  15|
| 114| 17| 192|  6| 152|  0| 152|  0|   152 |     0|       131 |          3| 139|  10|
| 126| 12| 193|  1| 152|  0| 152|  0|   152 |     0|       133 |          2| 143|   4|
| 133|  7|  25| 32| 152|  0| 152|  0|   152 |     0|       126 |          7| 158|  15|
| 128|  5| 185| 40| 152|  0| 152|  0|   152 |     0|       114 |         12| 160|   2|
| 129|  1| 184|  1| 152|  0| 152|  0|   152 |     0|       129 |         15| 139|  21|
| 143| 14| 180|  4| 152|  0| 152|  0|   152 |     0|       139 |         10| 138|   1|
| 160| 17| 191| 11| 151|  1| 151|  1|   151 |     1|       143 |          4| 135|   3|
| 158|  2| 170| 21| 151|  0| 151|  0|   151 |     0|       158 |         15| 131|   4|
| 139| 19| 158| 12| 151|  0| 151|  0|   151 |     0|       160 |          2| 130|   1|
| 135|  4| 144| 14| 150|  1| 150|  1|   150 |     1|       139 |         21| 129|   1|
| 138|  3| 144|  0| 150|  0| 150|  0|   150 |     0|       138 |          1| 116|  13|
| 139|  1| 151|  7| 150|  0| 150|  0|   150 |     0|       135 |          3| 135|  19|
| 131|  8| 139| 12| 149|  1| 149|  1|   149 |     1|       131 |          4| 137|   2|
| 130|  1| 123| 16| 149|  0| 149|  0|   149 |     0|       130 |          1| 142|   5|
| 116| 14| 117|  6| 149|  0| 149|  0|   149 |     0|       129 |          1| 149|   7|
| 129| 13| 112|  5| 149|  0| 149|  0|   149 |     0|       116 |         13| 149|   0|
| 135|  6| 115|  3| 149|  0| 149|  0|   149 |     0|       135 |         19| 140|   9|
| 137|  2| 122|  7| 149|  0| 149|  0|   149 |     0|       137 |          2| 139|   1|
| 142|  5| 123|  1| 148|  1| 148|  1|   148 |     1|       142 |          5| 136|   3|
| 149|  7| 119|  4| 147|  1| 147|  1|   147 |     1|       149 |          7| 137|   1|
| 149|  0| 130| 11| 147|  0| 147|  0|   147 |     0|       149 |          0| 146|   9|
| 136| 13| 130|  0| 147|  0| 147|  0|   147 |     0|       140 |          9| 132|  14|
| 139|  3| 111| 19| 147|  0| 147|  0|   147 |     0|       139 |          1| 114|  18|
| 140|  1| 133| 22| 147|  0| 147|  0|   147 |     0|       136 |          3| 106|   8|
| 137|  3| 130|  3| 146|  1| 146|  1|   146 |     1|       137 |          1| 104|   2|
| 146|  9| 146| 16| 146|  0| 146|  0|   146 |     0|       146 |          9|  85|  19|
| 132| 14|  62| 84| 146|  0| 146|  0|   146 |     0|       132 |         14|  83|   2|
| 114| 18|  73| 11| 146|  0| 146|  0|   146 |     0|       114 |         18| 107|  24|
| 106|  8|  79|  6| 146|  0| 146|  0|   146 |     0|       106 |          8| 116|   9|
| 104|  2|  82|  3| 146|  0| 146|  0|   146 |     0|       104 |          2|  94|  22|
| 116| 12|  81|  1| 146|  0| 146|  0|   146 |     0|        85 |         19|  90|   4|
| 107|  9|  81|  0| 145|  1| 145|  1|   145 |     1|        83 |          2|  88|   2|
|  83| 24|  96| 15| 145|  0| 145|  0|   145 |     0|       107 |         24|  85|   3|
|  85|  2|  97|  1| 145|  0| 145|  0|   145 |     0|       116 |          9|  85|   0|
|  85|  0|  33| 64| 145|  0| 145|  0|   145 |     0|        94 |         22|  79|   6|
|  85|  0|  11| 22| 145|  0| 145|  0|   145 |     0|        90 |          4|  90|  11|
|  90|  5|   7|  4| 144|  1| 144|  1|   144 |     1|        88 |          2|  90|   0|
|  88|  2|   7|  0| 144|  0| 144|  0|   144 |     0|        85 |          3|  99|   9|
|  94|  6|   4|  3| 144|  0| 144|  0|   144 |     0|        85 |          0| 108|   9|
|  79| 15| 188| 16| 144|  0| 144|  0|   144 |     0|        79 |          6|  84|  24|
|  99| 20| 185|  3| 144|  0| 144|  0|   144 |     0|        90 |         11|  83|   1|
| 108|  9|   2| 17| 144|  0| 144|  0|   144 |     0|        90 |          0|  78|   5|
|  90| 18|   1|  1| 144|  0| 144|  0|   144 |     0|        99 |          9|  76|   2|
|  90|  0| 169| 32| 144|  0| 144|  0|   144 |     0|       108 |          9|  54|  22|
|  78| 12| 150| 19| 143|  1| 143|  1|   143 |     1|        84 |         24|  14|  40|
|  76|  2| 154|  4| 143|  0| 143|  0|   143 |     0|        83 |          1|   6|   8|
|  54| 22| 158|  4| 143|  0| 143|  0|   143 |     0|        78 |          5|   5|   1|
|  83| 29| 169| 11| 142|  1| 142|  1|   142 |     1|        76 |          2|   1|   4|
|  84|  1| 169|  0| 142|  0| 142|  0|   142 |     0|        54 |         22| 197|   4|
|   1| 83| 169|  0| 142|  0| 142|  0|   142 |     0|        14 |         40| 194|   3|
| 197|  4| 185| 16| 142|  0| 142|  0|   142 |     0|         6 |          8|  16|  22|
|   6|  9| 185|  0| 141|  1| 141|  1|   141 |     1|         5 |          1|  11|   5|
|   5|  1| 183|  2| 141|  0| 141|  0|   141 |     0|         1 |          4|   8|   3|
|  14|  9| 168| 15| 140|  1| 140|  1|   140 |     1|       197 |          4|   4|   4|
|  16|  2| 172|  4| 140|  0| 140|  0|   140 |     0|       194 |          3|  21|  17|
|   4| 12| 172|  0| 140|  0| 140|  0|   140 |     0|        16 |         22|  23|   2|
| 194| 10| 172|  0| 140|  0| 140|  0|   140 |     0|        11 |          5|  33|  10|
|  11| 17| 174|  2| 140|  0| 140|  0|   140 |     0|         8 |          3|  34|   1|
|   8|  3| 171|  3| 140|  0| 140|  0|   140 |     0|         4 |          4|  36|   2|
|  21| 13| 171|  0| 140|  0| 140|  0|   140 |     0|        21 |         17|  41|   5|
|  23|  2| 190| 19| 140|  0| 140|  0|   140 |     0|        23 |          2|  19|  22|
|  36| 13| 196|  6| 139|  1| 139|  1|   139 |     1|        33 |         10|  17|   2|
|  33|  3|   2|  6| 139|  0| 139|  0|   139 |     0|        34 |          1|  15|   2|
|  34|  1| 193|  9| 139|  0| 139|  0|   139 |     0|        36 |          2|   6|   9|
|  41|  7| 193|  0| 139|  0| 139|  0|   139 |     0|        41 |          5|  13|   7|
|  17| 24| 190|  3| 139|  0| 139|  0|   139 |     0|        19 |         22| 175|  38|
|  15|  2| 194|  4| 139|  0| 139|  0|   139 |     0|        17 |          2| 185|  10|
|  19|  4|   2|  8| 139|  0| 139|  0|   139 |     0|        15 |          2| 189|   4|
|   6| 13| 195|  7| 139|  0| 139|  0|   139 |     0|         6 |          9| 192|   3|
| 185| 21| 192|  3| 139|  0| 139|  0|   139 |     0|        13 |          7|  27|  35|
| 175| 10| 185|  7| 139|  0| 139|  0|   139 |     0|       175 |         38|  27|   0|
|  13| 38| 197| 12| 138|  1| 138|  1|   138 |     1|       185 |         10|  21|   6|
| 192| 21| 191|  6| 138|  0| 138|  0|   138 |     0|       189 |          4| 195|  26|
| 189|  3| 147| 44| 138|  0| 138|  0|   138 |     0|       192 |          3| 200|   5|
|  27| 38| 144|  3| 138|  0| 138|  0|   138 |     0|        27 |         35| 196|   4|
|  27|  0| 138|  6| 138|  0| 138|  0|   138 |     0|        27 |          0| 194|   2|
|  21|  6| 125| 13| 137|  1| 137|  1|   137 |     1|        21 |          6| 186|   8|
| 195| 26| 134|  9| 137|  0| 137|  0|   137 |     0|       195 |         26| 185|   1|
| 200|  5| 135|  1| 137|  0| 137|  0|   137 |     0|       200 |          5| 169|  16|
| 186| 14| 124| 11| 137|  0| 137|  0|   137 |     0|       196 |          4| 169|   0|
| 196| 10|  56| 68| 137|  0| 137|  0|   137 |     0|       194 |          2| 168|   1|
| 194|  2|  53|  3| 137|  0| 137|  0|   137 |     0|       186 |          8| 168|   0|
| 185|  9|  71| 18| 137|  0| 137|  0|   137 |     0|       185 |          1| 156|  12|
| 169| 16|  83| 12| 137|  0| 137|  0|   137 |     0|       169 |         16| 174|  18|
| 169|  0|  91|  8| 136|  1| 136|  1|   136 |     1|       169 |          0| 169|   5|
| 174|  5|  98|  7| 136|  0| 136|  0|   136 |     0|       168 |          1| 161|   8|
| 168|  6|  86| 12| 135|  1| 135|  1|   135 |     1|       168 |          0| 161|   0|
| 168|  0|  85|  1| 135|  0| 135|  0|   135 |     0|       156 |         12| 180|  19|
| 156| 12| 110| 25| 135|  0| 135|  0|   135 |     0|       174 |         18| 186|   6|
| 161|  5| 112|  2| 135|  0| 135|  0|   135 |     0|       169 |          5| 192|   6|
| 161|  0| 112|  0| 135|  0| 135|  0|   135 |     0|       161 |          8|  44|  52|
| 169|  8| 137| 25| 135|  0| 135|  0|   135 |     0|       161 |          0|  29|  15|
| 180| 11|  96| 41| 134|  1| 134|  1|   134 |     1|       180 |         19|  23|   6|
| 186|  6|  84| 12| 134|  0| 134|  0|   134 |     0|       186 |          6|  22|   1|
| 192|  6| 114| 30| 134|  0| 134|  0|   134 |     0|       192 |          6|  25|   3|
|  22| 30| 112|  2| 134|  0| 134|  0|   134 |     0|        44 |         52|  37|  12|
|  23|  1| 111|  1| 134|  0| 134|  0|   134 |     0|        29 |         15|  41|   4|
|  29|  6| 118|  7| 134|  0| 134|  0|   134 |     0|        23 |          6|  44|   3|
|  44| 15| 103| 15| 133|  1| 133|  1|   133 |     1|        22 |          1|  48|   4|
|  44|  0| 107|  4| 133|  0| 133|  0|   133 |     0|        25 |          3|  26|  22|
|  48|  4| 112|  5| 133|  0| 133|  0|   133 |     0|        37 |         12|  19|   7|
|  41|  7| 132| 20| 133|  0| 133|  0|   133 |     0|        41 |          4|  15|   4|
|  37|  4| 142| 10| 133|  0| 133|  0|   133 |     0|        44 |          3|   2|  13|
|  25| 12| 178| 36| 133|  0| 133|  0|   133 |     0|        48 |          4| 198|   4|
|  19|  6| 186|  8| 133|  0| 133|  0|   133 |     0|        26 |         22| 174|  24|
|  26|  7| 195|  9| 133|  0| 133|  0|   133 |     0|        19 |          7| 171|   3|
| 198| 28|   1|  6| 133|  0| 133|  0|   133 |     0|        15 |          4| 168|   3|
|   2|  4| 184| 17| 132|  1| 132|  1|   132 |     1|         2 |         13| 167|   1|
|  15| 13| 197| 13| 132|  0| 132|  0|   132 |     0|       198 |          4|  36|  69|
|  36| 21| 192|  5| 132|  0| 132|  0|   132 |     0|       174 |         24| 176|  60|
| 168| 68|  14| 22| 132|  0| 132|  0|   132 |     0|       171 |          3| 184|   8|
| 167|  1|  19|  5| 132|  0| 132|  0|   132 |     0|       168 |          3| 200|  16|
| 174|  7|  13|  6| 132|  0| 132|  0|   132 |     0|       167 |          1|   5|   5|
| 171|  3|  15|  2| 131|  1| 131|  1|   131 |     1|        36 |         69|   5|   0|
| 184| 13|  15|  0| 131|  0| 131|  0|   131 |     0|       176 |         60|   5|   0|
| 176|  8|   3| 12| 131|  0| 131|  0|   131 |     0|       184 |          8|   3|   2|
| 200| 24| 198|  5| 131|  0| 131|  0|   131 |     0|       200 |         16| 178|  25|
|   5|  5| 171| 27| 131|  0| 131|  0|   131 |     0|         5 |          5| 179|   1|
|   5|  0| 170|  1| 130|  1| 130|  1|   130 |     1|         5 |          0| 185|   6|
|   5|  0| 165|  5| 130|  0| 130|  0|   130 |     0|         5 |          0| 178|   7|
|   3|  2| 163|  2| 130|  0| 130|  0|   130 |     0|         3 |          2| 178|   0|
| 185| 18| 157|  6| 130|  0| 130|  0|   130 |     0|       178 |         25| 178|   0|
| 179|  6| 166|  9| 130|  0| 130|  0|   130 |     0|       179 |          1|  16|  38|
| 178|  1| 169|  3| 129|  1| 129|  1|   129 |     1|       185 |          6| 190|  26|
| 178|  0| 164|  5| 129|  0| 129|  0|   129 |     0|       178 |          7| 194|   4|
| 178|  0| 167|  3| 129|  0| 129|  0|   129 |     0|       178 |          0| 146|  48|
| 178|  0| 170|  3| 129|  0| 129|  0|   129 |     0|       178 |          0| 143|   3|
| 190| 12| 177|  7| 128|  1| 128|  1|   128 |     1|        16 |         38| 137|   6|
|  16| 26| 180|  3| 128|  0| 128|  0|   128 |     0|       190 |         26| 126|  11|
| 194| 22| 181|  1| 128|  0| 128|  0|   128 |     0|       194 |          4| 131|   5|
| 126| 68|   1| 20| 128|  0| 128|  0|   128 |     0|       146 |         48| 134|   3|
| 146| 20| 193|  8| 128|  0| 128|  0|   128 |     0|       143 |          3| 135|   1|
| 137|  9| 198|  5| 128|  0| 128|  0|   128 |     0|       137 |          6| 139|   4|
| 143|  6|   3|  5| 128|  0| 128|  0|   128 |     0|       126 |         11| 140|   1|
| 140|  3|   4|  1| 128|  0| 128|  0|   128 |     0|       131 |          5| 134|   6|
| 135|  5|  13|  9| 128|  0| 128|  0|   128 |     0|       134 |          3| 123|  11|
| 131|  4|  11|  2| 127|  1| 127|  1|   127 |     1|       135 |          1| 122|   1|
| 139|  8| 192| 19| 127|  0| 127|  0|   127 |     0|       139 |          4| 120|   2|
| 134|  5| 191|  1| 127|  0| 127|  0|   127 |     0|       140 |          1| 118|   2|
| 134|  0|   2| 11| 127|  0| 127|  0|   127 |     0|       134 |          6| 118|   0|
| 118| 16|   1|  1| 126|  1| 126|  1|   126 |     1|       123 |         11| 120|   2|
| 120|  2|   3|  2| 126|  0| 126|  0|   126 |     0|       122 |          1| 122|   2|
| 123|  3|  21| 18| 125|  1| 125|  1|   125 |     1|       120 |          2| 124|   2|
| 122|  1|  31| 10| 125|  0| 125|  0|   125 |     0|       118 |          2| 124|   0|
| 120|  2|  42| 11| 125|  0| 125|  0|   125 |     0|       118 |          0| 121|   3|
| 124|  4|  29| 13| 125|  0| 125|  0|   125 |     0|       120 |          2| 118|   3|
| 124|  0|  20|  9| 124|  1| 124|  1|   124 |     1|       122 |          2| 108|  10|
| 122|  2|  21|  1| 124|  0| 124|  0|   124 |     0|       124 |          2|  97|  11|
| 118|  4|  21|  0| 124|  0| 124|  0|   124 |     0|       124 |          0|  66|  31|
| 118|  0|  43| 22| 124|  0| 124|  0|   124 |     0|       121 |          3|  64|   2|
| 121|  3|  31| 12| 124|  0| 124|  0|   124 |     0|       118 |          3|  43|  21|
| 108| 13|  27|  4| 124|  0| 124|  0|   124 |     0|       108 |         10|  42|   1|
|  97| 11|  42| 15| 123|  1| 123|  1|   123 |     1|        97 |         11|  31|  11|
|  66| 31|  64| 22| 123|  0| 123|  0|   123 |     0|        66 |         31|  27|   4|
|  64|  2|  66|  2| 123|  0| 123|  0|   123 |     0|        64 |          2|  21|   6|
|  42| 22|  97| 31| 123|  0| 123|  0|   123 |     0|        43 |         21|  21|   0|
|  27| 15| 108| 11| 123|  0| 123|  0|   123 |     0|        42 |          1|  20|   1|
|  31|  4| 121| 13| 123|  0| 123|  0|   123 |     0|        31 |         11|  29|   9|
|  43| 12| 118|  3| 122|  1| 122|  1|   122 |     1|        27 |          4|  42|  13|
|  21| 22| 118|  0| 122|  0| 122|  0|   122 |     0|        21 |          6|  31|  11|
|  21|  0| 122|  4| 122|  0| 122|  0|   122 |     0|        21 |          0|  21|  10|
|  20|  1| 124|  2| 122|  0| 122|  0|   122 |     0|        20 |          1|   3|  18|
|  29|  9| 124|  0| 122|  0| 122|  0|   122 |     0|        29 |          9|   2|   1|
|  42| 13| 120|  4| 122|  0| 122|  0|   122 |     0|        42 |         13|   1|   1|
|  31| 11| 122|  2| 122|  0| 122|  0|   122 |     0|        31 |         11|   4|   3|
|  21| 10| 123|  1| 122|  0| 122|  0|   122 |     0|        21 |         10|  11|   7|
|   3| 18| 120|  3| 121|  1| 121|  1|   121 |     1|         3 |         18|  13|   2|
|   1|  2| 118|  2| 121|  0| 121|  0|   121 |     0|         2 |          1| 191|  22|
|   2|  1| 134| 16| 121|  0| 121|  0|   121 |     0|         1 |          1| 192|   1|
| 191| 11| 134|  0| 120|  1| 120|  1|   120 |     1|         4 |          3| 181|  11|
| 192|  1| 139|  5| 120|  0| 120|  0|   120 |     0|        11 |          7|   3|  22|
|  11| 19| 131|  8| 120|  0| 120|  0|   120 |     0|        13 |          2|   1|   2|
|  13|  2| 135|  4| 120|  0| 120|  0|   120 |     0|       191 |         22| 193|   8|
|   4|  9| 140|  5| 120|  0| 120|  0|   120 |     0|       192 |          1| 198|   5|
|   3|  1| 143|  3| 120|  0| 120|  0|   120 |     0|       181 |         11| 180|  18|
| 198|  5| 137|  6| 119|  1| 119|  1|   119 |     1|         3 |         22| 177|   3|
| 193|  5| 146|  9| 119|  0| 119|  0|   119 |     0|         1 |          2| 170|   7|
|   1|  8| 126| 20| 119|  0| 119|  0|   119 |     0|       193 |          8| 167|   3|
| 181| 20| 194| 68| 119|  0| 119|  0|   119 |     0|       198 |          5| 164|   3|
| 180|  1|  16| 22| 119|  0| 119|  0|   119 |     0|       180 |         18| 165|   1|
| 177|  3| 190| 26| 118|  1| 118|  1|   118 |     1|       177 |          3| 166|   1|
| 170|  7| 178| 12| 118|  0| 118|  0|   118 |     0|       170 |          7| 169|   3|
| 167|  3| 178|  0| 118|  0| 118|  0|   118 |     0|       167 |          3| 163|   6|
| 164|  3| 178|  0| 118|  0| 118|  0|   118 |     0|       164 |          3| 157|   6|
| 169|  5| 178|  0| 118|  0| 118|  0|   118 |     0|       165 |          1| 170|  13|
| 166|  3| 179|  1| 118|  0| 118|  0|   118 |     0|       166 |          1| 171|   1|
| 157|  9| 185|  6| 118|  0| 118|  0|   118 |     0|       169 |          3| 198|  27|
| 163|  6|   3| 18| 117|  1| 117|  1|   117 |     1|       163 |          6|  15|  17|
| 165|  2|   5|  2| 117|  0| 117|  0|   117 |     0|       157 |          6|   3|  12|
| 170|  5|   5|  0| 117|  0| 117|  0|   117 |     0|       170 |         13|  13|  10|
| 171|  1|   5|  0| 116|  1| 116|  1|   116 |     1|       171 |          1|  14|   1|
| 198| 27| 200|  5| 116|  0| 116|  0|   116 |     0|       198 |         27|  15|   1|
|   3|  5| 176| 24| 116|  0| 116|  0|   116 |     0|        15 |         17|  19|   4|
|  15| 12| 184|  8| 115|  1| 115|  1|   115 |     1|         3 |         12| 192|  27|
|  15|  0| 171| 13| 115|  0| 115|  0|   115 |     0|        13 |         10| 195|   3|
|  13|  2| 174|  3| 114|  1| 114|  1|   114 |     1|        14 |          1| 197|   2|
|  19|  6| 167|  7| 114|  0| 114|  0|   114 |     0|        15 |          1| 186|  11|
|  14|  5| 168|  1| 114|  0| 114|  0|   114 |     0|        19 |          4| 184|   2|
| 192| 22|  36| 68| 114|  0| 114|  0|   114 |     0|       192 |         27|   1|  17|
| 197|  5|  15| 21| 114|  0| 114|  0|   114 |     0|       195 |          3| 107|  94|
| 184| 13|   2| 13| 114|  0| 114|  0|   114 |     0|       197 |          2| 112|   5|
|   1| 17| 198|  4| 113|  1| 113|  1|   113 |     1|       186 |         11| 132|  20|
| 195|  6|  26| 28| 113|  0| 113|  0|   113 |     0|       184 |          2| 142|  10|
| 186|  9|  19|  7| 112|  1| 112|  1|   112 |     1|         1 |         17| 178|  36|
| 178|  8|  25|  6| 112|  0| 112|  0|   112 |     0|       107 |         94| 118|  60|
| 142| 36|  37| 12| 112|  0| 112|  0|   112 |     0|       112 |          5| 114|   4|
| 132| 10|  41|  4| 112|  0| 112|  0|   112 |     0|       132 |         20| 112|   2|
| 112| 20|  48|  7| 112|  0| 112|  0|   112 |     0|       142 |         10| 111|   1|
| 107|  5|  44|  4| 112|  0| 112|  0|   112 |     0|       178 |         36| 103|   8|
| 103|  4|  44|  0| 112|  0| 112|  0|   112 |     0|       118 |         60|  96|   7|
| 118| 15|  29| 15| 112|  0| 112|  0|   112 |     0|       114 |          4|  84|  12|
| 111|  7|  23|  6| 111|  1| 111|  1|   111 |     1|       112 |          2| 112|  28|
| 112|  1|  22|  1| 111|  0| 111|  0|   111 |     0|       111 |          1| 112|   0|
| 114|  2| 192| 30| 111|  0| 111|  0|   111 |     0|       103 |          8| 137|  25|
|  84| 30| 186|  6| 110|  1| 110|  1|   110 |     1|        96 |          7| 110|  27|
|  96| 12| 180|  6| 109|  1| 109|  1|   109 |     1|        84 |         12|  98|  12|
| 137| 41| 169| 11| 109|  0| 109|  0|   109 |     0|       112 |         28|  91|   7|
| 112| 25| 161|  8| 109|  0| 109|  0|   109 |     0|       112 |          0|  86|   5|
| 112|  0| 161|  0| 109|  0| 109|  0|   109 |     0|       137 |         25|  85|   1|
| 110|  2| 156|  5| 108|  1| 108|  1|   108 |     1|       110 |         27|  83|   2|
|  85| 25| 168| 12| 108|  0| 108|  0|   108 |     0|        98 |         12|  71|  12|
|  86|  1| 168|  0| 108|  0| 108|  0|   108 |     0|        91 |          7|  56|  15|
|  98| 12| 174|  6| 107|  1| 107|  1|   107 |     1|        86 |          5|  53|   3|
|  91|  7| 169|  5| 107|  0| 107|  0|   107 |     0|        85 |          1| 124|  71|
|  83|  8| 169|  0| 107|  0| 107|  0|   107 |     0|        83 |          2| 125|   1|
|  71| 12| 185| 16| 106|  1| 106|  1|   106 |     1|        71 |         12| 134|   9|
|  53| 18| 194|  9| 106|  0| 106|  0|   106 |     0|        56 |         15| 135|   1|
|  56|  3| 196|  2| 106|  0| 106|  0|   106 |     0|        53 |          3| 138|   3|
| 124| 68| 186| 10| 106|  0| 106|  0|   106 |     0|       124 |         71| 144|   6|
| 135| 11| 200| 14| 105|  1| 105|  1|   105 |     1|       125 |          1| 147|   3|
| 134|  1| 195|  5| 105|  0| 105|  0|   105 |     0|       134 |          9| 185|  38|
| 125|  9|  21| 26| 105|  0| 105|  0|   105 |     0|       135 |          1| 191|   6|
| 138| 13|  27|  6| 105|  0| 105|  0|   105 |     0|       138 |          3| 192|   1|
| 144|  6|  27|  0| 105|  0| 105|  0|   105 |     0|       144 |          6| 197|   5|
| 147|  3| 189| 38| 105|  0| 105|  0|   105 |     0|       147 |          3| 195|   2|
| 191| 44| 192|  3| 105|  0| 105|  0|   105 |     0|       185 |         38| 194|   1|
| 197|  6|  13| 21| 104|  1| 104|  1|   104 |     1|       191 |          6| 193|   1|
| 185| 12| 175| 38| 104|  0| 104|  0|   104 |     0|       192 |          1| 190|   3|
| 192|  7| 185| 10| 103|  1| 103|  1|   103 |     1|       197 |          5|   2|  12|
| 195|  3|   6| 21| 103|  0| 103|  0|   103 |     0|       195 |          2|   2|   0|
|   2|  7|  19| 13| 103|  0| 103|  0|   103 |     0|       194 |          1| 171|  31|
| 194|  8|  15|  4| 102|  1| 102|  1|   102 |     1|       193 |          1| 190|  19|
| 190|  4|  17|  2| 102|  0| 102|  0|   102 |     0|       190 |          3| 193|   3|
| 193|  3|  41| 24| 101|  1| 101|  1|   101 |     1|         2 |         12| 196|   3|
| 193|  0|  34|  7| 100|  1| 100|  1|   100 |     1|         2 |          0| 174|  22|
|   2|  9|  33|  1| 100|  0| 100|  0|   100 |     0|       171 |         31| 172|   2|
| 196|  6|  36|  3|  99|  1|  99|  1|    99 |     1|       190 |         19| 172|   0|
| 190|  6|  23| 13|  99|  0|  99|  0|    99 |     0|       193 |          3| 172|   0|
| 171| 19|  21|  2|  99|  0|  99|  0|    99 |     0|       196 |          3| 171|   1|
| 171|  0|   8| 13|  99|  0|  99|  0|    99 |     0|       174 |         22| 169|   2|
| 174|  3|  11|  3|  99|  0|  99|  0|    99 |     0|       172 |          2| 168|   1|
| 172|  2| 194| 17|  99|  0|  99|  0|    99 |     0|       172 |          0| 183|  15|
| 172|  0|   4| 10|  98|  1|  98|  1|    98 |     1|       172 |          0| 185|   2|
| 172|  0|  16| 12|  97|  1|  97|  1|    97 |     1|       171 |          1| 185|   0|
| 168|  4|  14|  2|  97|  0|  97|  0|    97 |     0|       169 |          2| 169|  16|
| 183| 15|   5|  9|  97|  0|  97|  0|    97 |     0|       168 |          1| 169|   0|
| 185|  2|   6|  1|  96|  1|  96|  1|    96 |     1|       183 |         15| 158|  11|
| 185|  0| 197|  9|  96|  0|  96|  0|    96 |     0|       185 |          2| 154|   4|
| 169| 16|   1|  4|  96|  0|  96|  0|    96 |     0|       185 |          0| 150|   4|
| 169|  0|  84| 83|  96|  0|  96|  0|    96 |     0|       169 |         16| 169|  19|
| 169|  0|  83|  1|  96|  0|  96|  0|    96 |     0|       169 |          0| 185|  16|
| 158| 11|  54| 29|  95|  1|  95|  1|    95 |     1|       158 |         11| 188|   3|
| 154|  4|  76| 22|  95|  0|  95|  0|    95 |     0|       154 |          4|   2|  14|
| 150|  4|  78|  2|  94|  1|  94|  1|    94 |     1|       150 |          4|   1|   1|
| 169| 19|  90| 12|  94|  0|  94|  0|    94 |     0|       169 |         19|   4|   3|
|   1| 32|  90|  0|  94|  0|  94|  0|    94 |     0|       185 |         16|   7|   3|
|   2|  1| 108| 18|  94|  0|  94|  0|    94 |     0|       188 |          3|   7|   0|
| 185| 17|  99|  9|  94|  0|  94|  0|    94 |     0|         2 |         14|  11|   4|
| 188|  3|  79| 20|  94|  0|  94|  0|    94 |     0|         1 |          1|  33|  22|
|   4| 16|  94| 15|  94|  0|  94|  0|    94 |     0|         4 |          3|  81|  48|
|   7|  3|  88|  6|  94|  0|  94|  0|    94 |     0|         7 |          3|  81|   0|
|   7|  0|  90|  2|  93|  1|  93|  1|    93 |     1|         7 |          0|  82|   1|
|  11|  4|  85|  5|  91|  2|  91|  2|    91 |     2|        11 |          4|  96|  14|
|  33| 22|  85|  0|  91|  0|  91|  0|    91 |     0|        33 |         22|  97|   1|
|  97| 64|  85|  0|  91|  0|  91|  0|    91 |     0|        81 |         48|  79|  18|
|  96|  1|  83|  2|  91|  0|  91|  0|    91 |     0|        81 |          0|  73|   6|
|  81| 15| 107| 24|  90|  1|  90|  1|    90 |     1|        82 |          1|  62|  11|
|  81|  0| 116|  9|  90|  0|  90|  0|    90 |     0|        96 |         14| 130|  68|
|  82|  1| 104| 12|  90|  0|  90|  0|    90 |     0|        97 |          1| 146|  16|
|  79|  3| 106|  2|  90|  0|  90|  0|    90 |     0|        79 |         18| 133|  13|
|  73|  6| 114|  8|  90|  0|  90|  0|    90 |     0|        73 |          6| 130|   3|
|  62| 11| 132| 18|  89|  1|  89|  1|    89 |     1|        62 |         11| 130|   0|
| 146| 84| 146| 14|  89|  0|  89|  0|    89 |     0|       130 |         68| 119|  11|
| 130| 16| 137|  9|  89|  0|  89|  0|    89 |     0|       146 |         16| 111|   8|
| 133|  3| 140|  3|  88|  1|  88|  1|    88 |     1|       133 |         13| 112|   1|
| 111| 22| 139|  1|  88|  0|  88|  0|    88 |     0|       130 |          3| 115|   3|
| 130| 19| 136|  3|  88|  0|  88|  0|    88 |     0|       130 |          0| 117|   2|
| 130|  0| 149| 13|  88|  0|  88|  0|    88 |     0|       119 |         11| 122|   5|
| 119| 11| 149|  0|  88|  0|  88|  0|    88 |     0|       111 |          8| 123|   1|
| 123|  4| 142|  7|  88|  0|  88|  0|    88 |     0|       112 |          1| 123|   0|
| 122|  1| 137|  5|  88|  0|  88|  0|    88 |     0|       115 |          3| 139|  16|
| 115|  7| 135|  2|  87|  1|  87|  1|    87 |     1|       117 |          2| 144|   5|
| 112|  3| 129|  6|  87|  0|  87|  0|    87 |     0|       122 |          5| 144|   0|
| 117|  5| 116| 13|  87|  0|  87|  0|    87 |     0|       123 |          1| 151|   7|
| 123|  6| 130| 14|  87|  0|  87|  0|    87 |     0|       123 |          0| 158|   7|
| 139| 16| 131|  1|  87|  0|  87|  0|    87 |     0|       139 |         16| 170|  12|
| 151| 12| 139|  8|  86|  1|  86|  1|    86 |     1|       144 |          5| 180|  10|
| 144|  7| 138|  1|  86|  0|  86|  0|    86 |     0|       144 |          0| 184|   4|
| 144|  0| 135|  3|  85|  1|  85|  1|    85 |     1|       151 |          7| 191|   7|
| 158| 14| 139|  4|  85|  0|  85|  0|    85 |     0|       158 |          7| 186|   5|
| 170| 12| 158| 19|  85|  0|  85|  0|    85 |     0|       170 |         12| 185|   1|
| 191| 21| 160|  2|  85|  0|  85|  0|    85 |     0|       180 |         10|  25|  40|
| 180| 11| 143| 17|  85|  0|  85|  0|    85 |     0|       184 |          4| 192|  33|
| 184|  4| 129| 14|  85|  0|  85|  0|    85 |     0|       191 |          7| 193|   1|
| 185|  1| 128|  1|  84|  1|  84|  1|    84 |     1|       186 |          5| 195|   2|
|  25| 40| 133|  5|  84|  0|  84|  0|    84 |     0|       185 |          1|  30|  35|
| 193| 32| 126|  7|  84|  0|  84|  0|    84 |     0|        25 |         40|  11|  19|
| 192|  1| 114| 12|  84|  0|  84|  0|    84 |     0|       192 |         33|   5|   6|
| 186|  6| 131| 17|  84|  0|  84|  0|    84 |     0|       193 |          1|   5|   0|
| 170| 16| 127|  4|  83|  1|  83|  1|    83 |     1|       170 |         23| 125|  80|
| 135| 35| 141| 14|  83|  0|  83|  0|    83 |     0|       135 |         35| 132|   7|
| 125| 10| 147|  6|  83|  0|  83|  0|    83 |     0|       132 |          3| 132|   0|
| 132|  7| 149|  2|  83|  0|  83|  0|    83 |     0|       132 |          0| 135|   3|
| 132|  0| 164| 15|  82|  1|  82|  1|    82 |     1|       125 |          7| 170|  35|
| 115| 17| 182| 18|  82|  0|  82|  0|    82 |     0|       121 |          4| 121|  49|
| 114|  1| 176|  6|  82|  0|  82|  0|    82 |     0|       120 |          1| 120|   1|
| 116|  2| 174|  2|  82|  0|  82|  0|    82 |     0|       116 |          4| 116|   4|
| 121|  5| 167|  7|  82|  0|  82|  0|    82 |     0|       115 |          1| 115|   1|
| 120|  1| 125| 42|  81|  1|  81|  1|    81 |     1|       114 |          1| 114|   1|
| 122|  2| 128|  3|  81|  0|  81|  0|    81 |     0|       122 |          8| 122|   8|
|  88| 34| 140| 12|  81|  0|  81|  0|    81 |     0|        88 |         34|  88|  34|
|  88|  0| 133|  7|  81|  0|  81|  0|    81 |     0|        88 |          0|  88|   0|
|  69| 19| 128|  5|  81|  0|  81|  0|    81 |     0|        69 |         19|  69|  19|
|  50| 19| 128|  0|  80|  1|  80|  1|    80 |     1|        50 |         19|  50|  19|
|  53|  3| 127|  1|  79|  1|  79|  1|    79 |     1|        51 |          1|  51|   1|
|  51|  2| 124|  3|  79|  0|  79|  0|    79 |     0|        53 |          2|  53|   2|
|  54|  3| 114| 10|  79|  0|  79|  0|    79 |     0|        54 |          1|  54|   1|
|  48|  6| 122|  8|  79|  0|  79|  0|    79 |     0|        49 |          5|  49|   5|
|  49|  1| 100| 22|  79|  0|  79|  0|    79 |     0|        48 |          1|  48|   1|
|  45|  4|  76| 24|  78|  1|  78|  1|    78 |     1|        47 |          1|  47|   1|
|  56| 11|  88| 12|  78|  0|  78|  0|    78 |     0|        45 |          2|  45|   2|
|  47|  9|  83|  5|  78|  0|  78|  0|    78 |     0|        53 |          8|  53|   8|
|  57| 10|  74|  9|  78|  0|  78|  0|    78 |     0|        56 |          3|  56|   3|
|  53|  4|  74|  0|  77|  1|  77|  1|    77 |     1|        57 |          1|  57|   1|
|  50|  3|  97| 23|  76|  1|  76|  1|    76 |     1|        50 |          7|  50|   7|
|  61| 11| 105|  8|  76|  0|  76|  0|    76 |     0|        50 |          0|  50|   0|
|  36| 25|  94| 11|  76|  0|  76|  0|    76 |     0|        46 |          4|  46|   4|
|  46| 10|  91|  3|  75|  1|  75|  1|    75 |     1|        36 |         10|  36|  10|
|  50|  4|  91|  0|  75|  0|  75|  0|    75 |     0|        61 |         25|  61|  25|
|  50|  0|  93|  2|  74|  1|  74|  1|    74 |     1|        50 |         11|  50|  11|
|   4| 46| 102|  9|  74|  0|  74|  0|    74 |     0|         9 |         41|   9|  41|
|   2|  2| 103|  1|  74|  0|  74|  0|    74 |     0|         9 |          0|   9|   0|
|   9|  7| 154| 51|  74|  0|  74|  0|    74 |     0|         4 |          5|   4|   5|
|   9|  0| 141| 13|  74|  0|  74|  0|    74 |     0|         2 |          2|   2|   2|
|   2|  7| 153| 12|  73|  1|  73|  1|    73 |     1|         2 |          0|   2|   0|
|   7|  5| 142| 11|  73|  0|  73|  0|    73 |     0|         7 |          5|   7|   5|
|   9|  2| 144|  2|  73|  0|  73|  0|    73 |     0|         9 |          2|   9|   2|
|   9|  0| 151|  7|  73|  0|  73|  0|    73 |     0|         9 |          0|   9|   0|
|  27| 18| 178| 27|  72|  1|  72|  1|    72 |     1|        27 |         18|  27|  18|
|  25|  2| 178|  0|  71|  1|  71|  1|    71 |     1|        25 |          2|  25|   2|
|  30|  5| 182|  4|  71|  0|  71|  0|    71 |     0|        24 |          1|  24|   1|
|  24|  6| 184|  2|  70|  1|  70|  1|    70 |     1|        18 |          6|  18|   6|
|  18|  6| 198| 14|  69|  1|  69|  1|    69 |     1|        30 |         12|  30|  12|
| 173| 45| 198|  0|  69|  0|  69|  0|    69 |     0|       173 |         57| 173|  57|
| 147| 26|   6|  8|  69|  0|  69|  0|    69 |     0|       147 |         26| 139|  34|
| 145|  2|   7|  1|  68|  1|  68|  1|    68 |     1|       145 |          2| 138|   1|
| 145|  0| 199|  8|  68|  0|  68|  0|    68 |     0|       145 |          0|   7|  69|
| 145|  0|   4|  5|  67|  1|  67|  1|    67 |     1|       145 |          0| 198|   9|
| 131| 14|   6|  2|  67|  0|  67|  0|    67 |     0|       131 |         14| 198|   0|
| 138|  7|  11|  5|  67|  0|  67|  0|    67 |     0|       138 |          7| 195|   3|
| 139|  1| 195| 16|  67|  0|  67|  0|    67 |     0|       139 |          1| 190|   5|
|   7| 68| 193|  2|  66|  1|  66|  1|    66 |     1|       198 |         59| 153|  37|
| 198|  9| 199|  6|  66|  0|  66|  0|    66 |     0|       198 |          0| 124|  29|
| 198|  0| 194|  5|  66|  0|  66|  0|    66 |     0|         7 |          9| 200|  76|
| 190|  8| 193|  1|  65|  1|  65|  1|    65 |     1|       124 |         83| 128|  72|
| 195|  5| 193|  0|  65|  0|  65|  0|    65 |     0|       153 |         29| 123|   5|
| 200|  5|  16| 23|  65|  0|  65|  0|    65 |     0|       190 |         37| 122|   1|
| 153| 47|  42| 26|  64|  1|  64|  1|    64 |     1|       195 |          5| 106|  16|
| 124| 29|  56| 14|  64|  0|  64|  0|    64 |     0|       200 |          5| 104|   2|
| 122|  2|  56|  0|  64|  0|  64|  0|    64 |     0|       128 |         72|  94|  10|
| 123|  1|  56|  0|  64|  0|  64|  0|    64 |     0|       123 |          5|  81|  13|
| 128|  5|  58|  2|  64|  0|  64|  0|    64 |     0|       122 |          1|  81|   0|
| 106| 22|  59|  1|  63|  1|  63|  1|    63 |     1|       106 |         16|  76|   5|
| 104|  2| 105| 46|  63|  0|  63|  0|    63 |     0|       104 |          2|  57|  19|
|  81| 23| 105|  0|  62|  1|  62|  1|    62 |     1|        94 |         10|  78|  21|
|  81|  0| 106|  1|  62|  0|  62|  0|    62 |     0|        81 |         13|  78|   0|
|  76|  5| 106|  0|  62|  0|  62|  0|    62 |     0|        81 |          0|  79|   1|
|  57| 19|  87| 19|  61|  1|  61|  1|    61 |     1|        76 |          5|  22|  57|
|  94| 37|  94|  7|  61|  0|  61|  0|    61 |     0|        57 |         19|  22|   0|
|  79| 15| 112| 18|  61|  0|  61|  0|    61 |     0|        78 |         21|  26|   4|
|  78|  1| 103|  9|  61|  0|  61|  0|    61 |     0|        78 |          0|  27|   1|
|  78|  0| 105|  2|  60|  1|  60|  1|    60 |     1|        79 |          1|  28|   1|
|  22| 56|  99|  6|  60|  0|  60|  0|    60 |     0|        22 |         57|  37|   9|
|  22|  0|  89| 10|  60|  0|  60|  0|    60 |     0|        22 |          0|  19|  18|
|  26|  4|  82|  7|  59|  1|  59|  1|    59 |     1|        26 |          4|  14|   5|
|  28|  2|  94| 12|  59|  0|  59|  0|    59 |     0|        27 |          1| 182|  32|
|  27|  1|  87|  7|  58|  1|  58|  1|    58 |     1|        28 |          1| 186|   4|
|  37| 10|  68| 19|  57|  1|  57|  1|    57 |     1|        37 |          9| 189|   3|
|  19| 18|  67|  1|  57|  0|  57|  0|    57 |     0|        19 |         18| 191|   2|
|  14|  5|  74|  7|  57|  0|  57|  0|    57 |     0|        14 |          5| 189|   2|
| 191| 23|  77|  3|  56|  1|  56|  1|    56 |     1|       182 |         32| 180|   9|
| 182|  9|  79|  2|  56|  0|  56|  0|    56 |     0|       186 |          4| 194|  14|
| 189|  7|  54| 25|  56|  0|  56|  0|    56 |     0|       189 |          3| 194|   0|
| 186|  3|  54|  0|  56|  0|  56|  0|    56 |     0|       191 |          2| 197|   3|
| 180|  6|  56|  2|  56|  0|  56|  0|    56 |     0|       189 |          2| 185|  12|
| 194| 14|  66| 10|  56|  0|  56|  0|    56 |     0|       180 |          9| 172|  13|
| 189|  5|  65|  1|  55|  1|  55|  1|    55 |     1|       194 |         14| 171|   1|
| 194|  5|  82| 17|  54|  1|  54|  1|    54 |     1|       194 |          0| 171|   0|
| 197|  3|  55| 27|  54|  0|  54|  0|    54 |     0|       197 |          3| 198|  27|
| 185| 12|  52|  3|  54|  0|  54|  0|    54 |     0|       185 |         12| 190|   8|
| 172| 13|  54|  2|  54|  0|  54|  0|    54 |     0|       172 |         13| 184|   6|
| 171|  1|  51|  3|  54|  0|  54|  0|    54 |     0|       171 |          1| 183|   1|
| 171|  0|  50|  1|  53|  1|  53|  1|    53 |     1|       171 |          0| 182|   1|
| 198| 27|  73| 23|  53|  0|  53|  0|    53 |     0|       198 |         27| 176|   6|
| 184| 14|  30| 43|  53|  0|  53|  0|    53 |     0|       190 |          8| 175|   1|
| 176|  8|  11| 19|  53|  0|  53|  0|    53 |     0|       184 |          6| 177|   2|
| 182|  6|   5|  6|  52|  1|  52|  1|    52 |     1|       183 |          1| 177|   0|
| 183|  1|   5|  0|  52|  0|  52|  0|    52 |     0|       182 |          1| 177|   0|
| 190|  7| 195| 10|  51|  1|  51|  1|    51 |     1|       176 |          6| 179|   2|
| 175| 15|   1|  6|  51|  0|  51|  0|    51 |     0|       175 |          1| 169|  10|
| 177|  2| 198|  3|  51|  0|  51|  0|    51 |     0|       177 |          2| 166|   3|
| 177|  0| 187| 11|  51|  0|  51|  0|    51 |     0|       177 |          0| 164|   2|
| 179|  2| 177| 10|  50|  1|  50|  1|    50 |     1|       177 |          0| 143|  21|
| 177|  2| 177|  0|  50|  0|  50|  0|    50 |     0|       179 |          2| 137|   6|
| 164| 13| 168|  9|  50|  0|  50|  0|    50 |     0|       169 |         10| 147|  10|
| 166|  2| 165|  3|  50|  0|  50|  0|    50 |     0|       166 |          3| 162|  15|
| 169|  3| 184| 19|  50|  0|  50|  0|    50 |     0|       164 |          2| 163|   1|
| 137| 32| 164| 20|  50|  0|  50|  0|    50 |     0|       143 |         21| 166|   3|
| 143|  6| 163|  1|  49|  1|  49|  1|    49 |     1|       137 |          6| 174|   8|
| 147|  4| 167|  4|  48|  1|  48|  1|    48 |     1|       147 |         10| 170|   4|
| 162| 15| 166|  1|  48|  0|  48|  0|    48 |     0|       162 |         15| 170|   0|
| 174| 12| 196| 30|  48|  0|  48|  0|    48 |     0|       163 |          1| 163|   7|
| 166|  8| 194|  2|  48|  0|  48|  0|    48 |     0|       166 |          3| 158|   5|
| 163|  3|   1|  7|  48|  0|  48|  0|    48 |     0|       174 |          8| 178|  20|
| 163|  0| 186| 15|  47|  1|  47|  1|    47 |     1|       170 |          4| 167|  11|
| 158|  5| 194|  8|  47|  0|  47|  0|    47 |     0|       170 |          0| 152|  15|
| 178| 20| 191|  3|  46|  1|  46|  1|    46 |     1|       163 |          7| 152|   0|
| 170|  8| 163| 28|  46|  0|  46|  0|    46 |     0|       158 |          5| 140|  12|
| 170|  0| 156|  7|  46|  0|  46|  0|    46 |     0|       178 |         20| 132|   8|
| 167|  3| 169| 13|  45|  1|  45|  1|    45 |     1|       167 |         11| 125|   7|
| 152| 15| 128| 41|  45|  0|  45|  0|    45 |     0|       152 |         15| 123|   2|
| 152|  0| 122|  6|  45|  0|  45|  0|    45 |     0|       152 |          0| 121|   2|
| 140| 12| 128|  6|  44|  1|  44|  1|    44 |     1|       140 |         12| 113|   8|
| 132|  8| 139| 11|  44|  0|  44|  0|    44 |     0|       132 |          8| 109|   4|
| 125|  7| 180| 41|  44|  0|  44|  0|    44 |     0|       125 |          7| 118|   9|
| 123|  2| 190| 10|  44|  0|  44|  0|    44 |     0|       123 |          2| 127|   9|
| 121|  2| 183|  7|  43|  1|  43|  1|    43 |     1|       121 |          2| 130|   3|
| 113|  8|   1| 18|  43|  0|  43|  0|    43 |     0|       113 |          8| 145|  15|
| 109|  4| 159| 42|  43|  0|  43|  0|    43 |     0|       109 |          4| 162|  17|
| 118|  9|   3| 44|  42|  1|  42|  1|    42 |     1|       118 |          9| 166|   4|
| 127|  9|   1|  2|  42|  0|  42|  0|    42 |     0|       127 |          9| 168|   2|
| 130|  3| 134| 67|  42|  0|  42|  0|    42 |     0|       130 |          3| 170|   2|
| 145| 15| 123| 11|  42|  0|  42|  0|    42 |     0|       145 |         15| 160|  10|
| 162| 17| 124|  1|  42|  0|  42|  0|    42 |     0|       162 |         17| 160|   0|
| 170|  8| 119|  5|  42|  0|  42|  0|    42 |     0|       166 |          4| 168|   8|
| 160| 10| 119|  0|  41|  1|  41|  1|    41 |     1|       168 |          2| 177|   9|
| 160|  0| 111|  8|  41|  0|  41|  0|    41 |     0|       170 |          2| 192|  15|
| 168|  8| 119|  8|  40|  1|  40|  1|    40 |     1|       160 |         10| 197|   5|
| 166|  2| 119|  0|  40|  0|  40|  0|    40 |     0|       160 |          0| 200|   3|
| 168|  2| 105| 14|  39|  1|  39|  1|    39 |     1|       168 |          8| 200|   0|
| 177|  9|  99|  6|  39|  0|  39|  0|    39 |     0|       177 |          9|  27|  27|
| 192| 15| 100|  1|  38|  1|  38|  1|    38 |     1|       192 |         15|  24|   3|
| 197|  5| 102|  2|  38|  0|  38|  0|    38 |     0|       197 |          5|  21|   3|
| 200|  3| 108|  6|  37|  1|  37|  1|    37 |     1|       200 |          3|   5|  16|
| 200|  0| 118| 10|  37|  0|  37|  0|    37 |     0|       200 |          0|  22|  17|
|   5|  5| 131| 13|  37|  0|  37|  0|    37 |     0|        27 |         27|  22|   0|
|  27| 22| 118| 13|  37|  0|  37|  0|    37 |     0|        24 |          3|  22|   0|
|  21|  6| 109|  9|  36|  1|  36|  1|    36 |     1|        21 |          3|  25|   3|
|  24|  3| 120| 11|  36|  0|  36|  0|    36 |     0|         5 |         16|  32|   7|
|  25|  1| 127|  7|  36|  0|  36|  0|    36 |     0|        22 |         17|  33|   1|
|  22|  3| 109| 18|  35|  1|  35|  1|    35 |     1|        22 |          0|  33|   0|
|  32| 10| 109|  0|  34|  1|  34|  1|    34 |     1|        22 |          0|  42|   9|
|  22| 10| 133| 24|  34|  0|  34|  0|    34 |     0|        25 |          3|  46|   4|
|  22|  0| 146| 13|  33|  1|  33|  1|    33 |     1|        32 |          7|  50|   4|
|  33| 11| 147|  1|  33|  0|  33|  0|    33 |     0|        33 |          1|  45|   5|
|  33|  0| 153|  6|  33|  0|  33|  0|    33 |     0|        33 |          0|  23|  22|
|  42|  9| 156|  3|  33|  0|  33|  0|    33 |     0|        42 |          9|  14|   9|
|  50|  8| 155|  1|  33|  0|  33|  0|    33 |     0|        46 |          4| 198|  16|
|  46|  4| 155|  0|  32|  1|  32|  1|    32 |     1|        50 |          4| 198|   0|
|  45|  1| 161|  6|  32|  0|  32|  0|    32 |     0|        45 |          5|  44|  46|
| 198| 47|   4| 43|  32|  0|  32|  0|    32 |     0|        23 |         22|  29|  15|
| 198|  0|   3|  1|  32|  0|  32|  0|    32 |     0|        14 |          9|  29|   0|
|  14| 16| 200|  3|  32|  0|  32|  0|    32 |     0|       198 |         16|  13|  16|
|  23|  9|   1|  1|  31|  1|  31|  1|    31 |     1|       198 |          0|   9|   4|
|  13| 10|  57| 56|  31|  0|  31|  0|    31 |     0|        44 |         46|  11|   2|
|   9|  4|  11| 46|  31|  0|  31|  0|    31 |     0|        29 |         15|  24|  13|
|  29| 20|  32| 21|  30|  1|  30|  1|    30 |     1|        29 |          0|  24|   0|
|  29|  0|  47| 15|  30|  0|  30|  0|    30 |     0|        13 |         16|  39|  15|
|  44| 15| 120| 73|  30|  0|  30|  0|    30 |     0|         9 |          4|  51|  12|
|  11| 33| 122|  2|  30|  0|  30|  0|    30 |     0|        11 |          2|  51|   0|
|  24| 13|  99| 23|  30|  0|  30|  0|    30 |     0|        24 |         13|  39|  12|
|  24|  0|  99|  0|  29|  1|  29|  1|    29 |     1|        24 |          0|  65|  26|
|  39| 15|  96|  3|  29|  0|  29|  0|    29 |     0|        39 |         15|  94|  29|
|  51| 12|  91|  5|  29|  0|  29|  0|    29 |     0|        51 |         12|  99|   5|
|  51|  0|  84|  7|  29|  0|  29|  0|    29 |     0|        51 |          0| 135|  36|
|  39| 12|  90|  6|  28|  1|  28|  1|    28 |     1|        39 |         12| 144|   9|
|  65| 26|  89|  1|  28|  0|  28|  0|    28 |     0|        65 |         26| 154|  10|
|  99| 34|  80|  9|  28|  0|  28|  0|    28 |     0|        94 |         29| 164|  10|
|  94|  5|  53| 27|  27|  1|  27|  1|    27 |     1|        99 |          5| 164|   0|
| 164| 70|  42| 11|  27|  0|  27|  0|    27 |     0|       135 |         36| 152|  12|
| 164|  0|  59| 17|  27|  0|  27|  0|    27 |     0|       144 |          9| 152|   0|
| 144| 20|  78| 19|  27|  0|  27|  0|    27 |     0|       154 |         10| 149|   3|
| 135|  9|  74|  4|  27|  0|  27|  0|    27 |     0|       164 |         10| 146|   3|
| 154| 19|  67|  7|  27|  0|  27|  0|    27 |     0|       164 |          0| 137|   9|
| 137| 17|  63|  4|  27|  0|  27|  0|    27 |     0|       152 |         12| 149|  12|
| 152| 15|  60|  3|  27|  0|  27|  0|    27 |     0|       152 |          0| 152|   3|
| 152|  0|  65|  5|  26|  1|  26|  1|    26 |     1|       149 |          3| 153|   1|
| 149|  3|  38| 27|  26|  0|  26|  0|    26 |     0|       146 |          3| 153|   0|
| 146|  3|  20| 18|  26|  0|  26|  0|    26 |     0|       137 |          9| 158|   5|
| 149|  3|  18|  2|  25|  1|  25|  1|    25 |     1|       149 |         12| 137|  21|
| 152|  3|  18|  0|  25|  0|  25|  0|    25 |     0|       152 |          3| 134|   3|
| 153|  1|  46| 28|  25|  0|  25|  0|    25 |     0|       153 |          1| 132|   2|
| 153|  0|  48|  2|  25|  0|  25|  0|    25 |     0|       153 |          0| 129|   3|
| 158|  5|  44|  4|  25|  0|  25|  0|    25 |     0|       158 |          5| 128|   1|
| 137| 21|  37|  7|  24|  1|  24|  1|    24 |     1|       137 |         21| 128|   0|
| 129|  8|  35|  2|  24|  0|  24|  0|    24 |     0|       134 |          3| 101|  27|
| 132|  3|   9| 26|  24|  0|  24|  0|    24 |     0|       132 |          2|  95|   6|
| 134|  2|  11|  2|  24|  0|  24|  0|    24 |     0|       129 |          3|  89|   6|
| 128|  6| 133| 78|  24|  0|  24|  0|    24 |     0|       128 |          1| 129|  40|
| 128|  0| 136|  3|  23|  1|  23|  1|    23 |     1|       128 |          0| 112|  17|
| 129|  1| 117| 19|  23|  0|  23|  0|    23 |     0|       101 |         27| 112|   0|
| 101| 28| 120|  3|  23|  0|  23|  0|    23 |     0|        95 |          6|  88|  24|
|  89| 12| 113|  7|  23|  0|  23|  0|    23 |     0|        89 |          6|  87|   1|
|  95|  6| 117|  4|  22|  1|  22|  1|    22 |     1|       129 |         40|  85|   2|
| 112| 17| 133| 16|  22|  0|  22|  0|    22 |     0|       112 |         17|  82|   3|
| 112|  0| 139|  6|  22|  0|  22|  0|    22 |     0|       112 |          0|  81|   1|
|  87| 25| 145|  6|  22|  0|  22|  0|    22 |     0|        88 |         24|  73|   8|
|  88|  1| 148|  3|  22|  0|  22|  0|    22 |     0|        87 |          1|  87|  14|
|  85|  3| 163| 15|  22|  0|  22|  0|    22 |     0|        85 |          2|  88|   1|
|  81|  4| 175| 12|  22|  0|  22|  0|    22 |     0|        82 |          3|  85|   3|
|  73|  8| 195| 20|  22|  0|  22|  0|    22 |     0|        81 |          1|  79|   6|
|  82|  9| 200|  5|  21|  1|  21|  1|    21 |     1|        73 |          8| 139|  60|
|  88|  6| 197|  3|  21|  0|  21|  0|    21 |     0|        87 |         14| 179|  40|
|  87|  1| 197|  0|  21|  0|  21|  0|    21 |     0|        88 |          1| 179|   0|
|  79|  8| 191|  6|  21|  0|  21|  0|    21 |     0|        85 |          3| 179|   0|
|  85|  6| 191|  0|  21|  0|  21|  0|    21 |     0|        79 |          6| 178|   1|
| 139| 54|  27| 36|  21|  0|  21|  0|    21 |     0|       139 |         60| 178|   0|
| 179| 40|  32|  5|  21|  0|  21|  0|    21 |     0|       179 |         40| 177|   1|
| 179|  0|  17| 15|  20|  1|  20|  1|    20 |     1|       179 |          0| 194|  17|
| 179|  0| 200| 17|  20|  0|  20|  0|    20 |     0|       179 |          0| 179|  15|
| 177|  2| 191|  9|  20|  0|  20|  0|    20 |     0|       178 |          1| 179|   0|
| 194| 17|   2| 11|  20|  0|  20|  0|    20 |     0|       178 |          0| 172|   7|
| 178| 16|   2|  0|  19|  1|  19|  1|    19 |     1|       177 |          1| 152|  20|
| 178|  0| 180| 22|  19|  0|  19|  0|    19 |     0|       194 |         17| 144|   8|
| 152| 26| 171|  9|  19|  0|  19|  0|    19 |     0|       179 |         15| 173|  29|
| 144|  8| 168|  3|  19|  0|  19|  0|    19 |     0|       179 |          0| 174|   1|
| 172| 28| 170|  2|  19|  0|  19|  0|    19 |     0|       172 |          7| 179|   5|
| 179|  7| 166|  4|  19|  0|  19|  0|    19 |     0|       152 |         20| 196|  17|
| 179|  0| 170|  4|  18|  1|  18|  1|    18 |     1|       144 |          8|   6|  10|
| 179|  0| 199| 29|  18|  0|  18|  0|    18 |     0|       173 |         29|   4|   2|
| 173|  6| 190|  9|  18|  0|  18|  0|    18 |     0|       174 |          1|   3|   1|
| 174|  1| 180| 10|  17|  1|  17|  1|    17 |     1|       179 |          5| 182|  21|
| 196| 22| 174|  6|  17|  0|  17|  0|    17 |     0|       196 |         17| 186|   4|
|   6| 10| 162| 12|  17|  0|  17|  0|    17 |     0|         6 |         10| 187|   1|
|   3|  3| 190| 28|  17|  0|  17|  0|    17 |     0|         4 |          2| 193|   6|
|   4|  1|   4| 14|  17|  0|  17|  0|    17 |     0|         3 |          1| 185|   8|
| 186| 18|  11|  7|  17|  0|  17|  0|    17 |     0|       182 |         21| 163|  22|
| 182|  4|  19|  8|  17|  0|  17|  0|    17 |     0|       186 |          4| 162|   1|
| 187|  5|  20|  1|  16|  1|  16|  1|    16 |     1|       187 |          1| 157|   5|
| 193|  6| 200| 20|  16|  0|  16|  0|    16 |     0|       193 |          6| 150|   7|
| 185|  8|   3|  3|  16|  0|  16|  0|    16 |     0|       185 |          8|  26|  76|
| 162| 23| 188| 15|  16|  0|  16|  0|    16 |     0|       163 |         22|  10|  16|
| 163|  1| 184|  4|  15|  1|  15|  1|    15 |     1|       162 |          1|   7|   3|
| 157|  6| 195| 11|  15|  0|  15|  0|    15 |     0|       157 |          5| 187|  20|
| 150|  7|  14| 19|  15|  0|  15|  0|    15 |     0|       150 |          7| 191|   4|
|  26| 76|  17|  3|  15|  0|  15|  0|    15 |     0|        26 |         76| 197|   6|
|  10| 16|  15|  2|  15|  0|  15|  0|    15 |     0|        10 |         16| 199|   2|
|   7|  3|  22|  7|  15|  0|  15|  0|    15 |     0|         7 |          3| 183|  16|
| 187| 20|  42| 20|  15|  0|  15|  0|    15 |     0|       187 |         20| 140|  43|
| 191|  4|  45|  3|  15|  0|  15|  0|    15 |     0|       191 |          4| 139|   1|
| 199|  8|  37|  8|  14|  1|  14|  1|    14 |     1|       197 |          6| 138|   1|
| 197|  2|  17| 20|  14|  0|  14|  0|    14 |     0|       199 |          2| 138|   0|
| 183| 14|  13|  4|  14|  0|  14|  0|    14 |     0|       183 |         16| 137|   1|
| 140| 43|  15|  2|  14|  0|  14|  0|    14 |     0|       140 |         43| 133|   4|
| 138|  2|  17|  2|  14|  0|  14|  0|    14 |     0|       139 |          1| 154|  21|
| 137|  1|  15|  2|  13|  1|  13|  1|    13 |     1|       138 |          1| 159|   5|
| 133|  4|  15|  0|  13|  0|  13|  0|    13 |     0|       138 |          0| 159|   0|
| 138|  5| 170| 45|  13|  0|  13|  0|    13 |     0|       137 |          1| 165|   6|
| 139|  1| 173|  3|  13|  0|  13|  0|    13 |     0|       133 |          4| 173|   8|
| 159| 20| 156| 17|  13|  0|  13|  0|    13 |     0|       154 |         21| 156|  17|
| 165|  6| 156|  0|  12|  1|  12|  1|    12 |     1|       159 |          5| 155|   1|
| 173|  8| 156|  0|  12|  0|  12|  0|    12 |     0|       159 |          0| 150|   5|
| 159| 14| 153|  3|  11|  1|  11|  1|    11 |     1|       165 |          6| 144|   6|
| 154|  5| 159|  6|  11|  0|  11|  0|    11 |     0|       173 |          8| 142|   2|
| 156|  2| 159|  0|  11|  0|  11|  0|    11 |     0|       156 |         17| 155|  13|
| 155|  1| 159|  0|  11|  0|  11|  0|    11 |     0|       155 |          1| 140|  15|
| 142| 13| 174| 15|  11|  0|  11|  0|    11 |     0|       150 |          5| 140|   0|
| 144|  2| 164| 10|  11|  0|  11|  0|    11 |     0|       144 |          6| 134|   6|
| 150|  6| 165|  1|  11|  0|  11|  0|    11 |     0|       142 |          2| 133|   1|
| 155|  5| 176| 11|  11|  0|  11|  0|    11 |     0|       155 |         13| 133|   0|
| 140| 15| 175|  1|  11|  0|  11|  0|    11 |     0|       140 |         15| 146|  13|
| 140|  0| 189| 14|  11|  0|  11|  0|    11 |     0|       140 |          0| 152|   6|
| 134|  6| 144| 45|  11|  0|  11|  0|    11 |     0|       134 |          6| 164|  12|
| 133|  1| 140|  4|  10|  1|  10|  1|    10 |     1|       133 |          1| 164|   0|
| 133|  0| 114| 26|  10|  0|  10|  0|    10 |     0|       133 |          0| 165|   1|
| 152| 19|  94| 20|  10|  0|  10|  0|    10 |     0|       146 |         13| 166|   1|
| 164| 12|  67| 27|   9|  1|   9|  1|     9 |     1|       152 |          6| 159|   7|
| 146| 18|  72|  5|   9|  0|   9|  0|     9 |     0|       164 |         12|  95|  64|
| 164| 18|  69|  3|   9|  0|   9|  0|     9 |     0|       164 |          0|  88|   7|
| 166|  2|  64|  5|   9|  0|   9|  0|     9 |     0|       165 |          1|  90|   2|
| 165|  1|  64|  0|   9|  0|   9|  0|     9 |     0|       166 |          1| 105|  15|
| 159|  6|  21| 43|   9|  0|   9|  0|     9 |     0|       159 |          7| 166|  61|
|  95| 64|  32| 11|   9|  0|   9|  0|     9 |     0|        95 |         64|   8|  42|
|  88|  7|  17| 15|   8|  1|   8|  1|     8 |     1|        88 |          7|   2|   6|
|  90|  2|  25|  8|   8|  0|   8|  0|     8 |     0|        90 |          2| 182|  20|
| 105| 15|  16|  9|   8|  0|   8|  0|     8 |     0|       105 |         15| 187|   5|
| 166| 61| 182| 34|   8|  0|   8|  0|     8 |     0|       166 |         61| 193|   6|
|   2| 36| 193| 11|   7|  1|   7|  1|     7 |     1|         8 |         42| 193|   0|
|   8|  6| 193|  0|   7|  0|   7|  0|     7 |     0|         2 |          6| 194|   1|
| 193| 15| 192|  1|   7|  0|   7|  0|     7 |     0|       182 |         20| 196|   2|
| 193|  0| 158| 34|   7|  0|   7|  0|     7 |     0|       187 |          5| 196|   0|
| 187|  6| 160|  2|   7|  0|   7|  0|     7 |     0|       193 |          6| 192|   4|
| 194|  7| 170| 10|   7|  0|   7|  0|     7 |     0|       193 |          0| 190|   2|
| 182| 12| 170|  0|   6|  1|   6|  1|     6 |     1|       194 |          1|  22|  32|
| 196| 14| 172|  2|   6|  0|   6|  0|     6 |     0|       196 |          2|  11|  11|
| 196|  0| 172|  0|   6|  0|   6|  0|     6 |     0|       196 |          0|  10|   1|
| 190|  6| 158| 14|   6|  0|   6|  0|     6 |     0|       192 |          4| 183|  27|
| 192|  2| 149|  9|   6|  0|   6|  0|     6 |     0|       190 |          2| 199|  16|
|  22| 30| 146|  3|   6|  0|   6|  0|     6 |     0|        22 |         32| 200|   1|
|  10| 12| 151|  5|   6|  0|   6|  0|     6 |     0|        11 |         11| 192|   8|
|  11|  1| 153|  2|   5|  1|   5|  1|     5 |     1|        10 |          1| 189|   3|
| 199| 12| 153|  0|   5|  0|   5|  0|     5 |     0|       183 |         27| 181|   8|
| 200|  1| 159|  6|   5|  0|   5|  0|     5 |     0|       199 |         16|  40|  59|
| 183| 17| 105| 54|   5|  0|   5|  0|     5 |     0|       200 |          1|  30|  10|
| 192|  9| 107|  2|   5|  0|   5|  0|     5 |     0|       192 |          8|  30|   0|
| 189|  3|  96| 11|   5|  0|   5|  0|     5 |     0|       189 |          3|  30|   0|
| 181|  8|  96|  0|   5|  0|   5|  0|     5 |     0|       181 |          8|  31|   1|
|  40| 59|  94|  2|   4|  1|   4|  1|     4 |     1|        40 |         59|  32|   1|
|  30| 10|  48| 46|   4|  0|   4|  0|     4 |     0|        30 |         10|  43|  11|
|  30|  0|  43|  5|   4|  0|   4|  0|     4 |     0|        30 |          0|  28|  15|
|  43| 13|  24| 19|   4|  0|   4|  0|     4 |     0|        30 |          0|  17|  11|
|  31| 12|  28|  4|   4|  0|   4|  0|     4 |     0|        31 |          1|  12|   5|
|  32|  1|  20|  8|   4|  0|   4|  0|     4 |     0|        32 |          1|  12|   0|
|  30|  2|  34| 14|   4|  0|   4|  0|     4 |     0|        43 |         11|   8|   4|
|  28|  2|  33|  1|   4|  0|   4|  0|     4 |     0|        28 |         15|  19|  11|
|  12| 16|  52| 19|   4|  0|   4|  0|     4 |     0|        17 |         11| 193|  26|
|  12|  0|  66| 14|   3|  1|   3|  1|     3 |     1|        12 |          5| 194|   1|
|   8|  4|  63|  3|   3|  0|   3|  0|     3 |     0|        12 |          0|   6|  12|
|  17|  9|  60|  3|   3|  0|   3|  0|     3 |     0|         8 |          4|   6|   0|
|  19|  2|  48| 12|   3|  0|   3|  0|     3 |     0|        19 |         11| 185|  21|
|   6| 13|  40|  8|   3|  0|   3|  0|     3 |     0|       193 |         26| 188|   3|
|   6|  0|  38|  2|   3|  0|   3|  0|     3 |     0|       194 |          1| 188|   0|
| 193| 13|  64| 26|   3|  0|   3|  0|     3 |     0|         6 |         12| 193|   5|
| 194|  1|  70|  6|   3|  0|   3|  0|     3 |     0|         6 |          0|   4|  11|
| 188|  6|  75|  5|   2|  1|   2|  1|     2 |     1|       185 |         21|   8|   4|
| 188|  0|  87| 12|   2|  0|   2|  0|     2 |     0|       188 |          3|  10|   2|
| 193|  5|  69| 18|   2|  0|   2|  0|     2 |     0|       188 |          0|  11|   1|
| 185|  8|  64|  5|   2|  0|   2|  0|     2 |     0|       193 |          5|  23|  12|
|   4| 19|  62|  2|   2|  0|   2|  0|     2 |     0|         4 |         11|  27|   4|
|  27| 23|  61|  1|   2|  0|   2|  0|     2 |     0|         8 |          4|   9|  18|
|  23|  4|  67|  6|   2|  0|   2|  0|     2 |     0|        10 |          2| 162|  47|
|  10| 13|  73|  6|   2|  0|   2|  0|     2 |     0|        11 |          1| 169|   7|
|  11|  1|  62| 11|   2|  0|   2|  0|     2 |     0|        23 |         12| 183|  14|
|   8|  3|  68|  6|   2|  0|   2|  0|     2 |     0|        27 |          4| 198|  15|
|   9|  1|  75|  7|   1|  1|   1|  1|     1 |     1|         9 |         18| 178|  20|
| 198| 11|  86| 11|   1|  0|   1|  0|     1 |     0|       162 |         47| 172|   6|
| 183| 15|  84|  2|   1|  0|   1|  0|     1 |     0|       169 |          7| 172|   0|
| 169| 14|  84|  0|   1|  0|   1|  0|     1 |     0|       183 |         14| 167|   5|
| 162|  7|  82|  2|   1|  0|   1|  0|     1 |     0|       198 |         15| 163|   4|
| 163|  1|  61| 21|   1|  0|   1|  0|     1 |     0|       178 |         20| 147|  16|
| 172|  9|  61|  0|   1|  0|   1|  0|     1 |     0|       172 |          6| 145|   2|
| 172|  0|  60|  1|   1|  0|   1|  0|     1 |     0|       172 |          0| 145|   0|
| 167|  5|  71| 11|   1|  0|   1|  0|     1 |     0|       167 |          5| 145|   0|
--------------------------------------------------------------------------------------
|  158 ns|   58 ns|   62 ns|   73 ns|         92 ns|                  57 ns|    18 ns|
--------------------------------------------------------------------------------------
|   10 ns|   10 ns|    0 ns|    0 ns|          0 ns|                   9 ns|    10 ns|
--------------------------------------------------------------------------------------
|  FIFO  |  LIFO  |  SSTF  |  SCAN  |    C-SCAN    |      N-STEP-SCAN      |  FSCAN  |
--------------------------------------------------------------------------------------
