
The table is organized as such:
| Policy Name |
| Starting Track |
| Next track | Tracks Moved |
| ... |
| Average Seek Length |
| Average Seek Time |
--------------------------------------------------------------------------------------
|  FIFO  |  LIFO  |  SSTF  |  SCAN  |    C-SCAN    |      N-STEP-SCAN      |  FSCAN  |
--------------------------------------------------------------------------------------
|   200  |   200  |   200  |   200  |       200    |              200      |    200  |
--------------------------------------------------------------------------------------
|  92| 92| 199|  1| 200|  0| 200|  0|   200 |     0|       188 |         12| 196|   4|
|  95|  3|  12| 13| 200|  0| 200|  0|   200 |     0|       167 |         21| 178|  18|
| 167| 72| 148| 64| 200|  0| 200|  0|   200 |     0|       123 |         44| 159|  19|
| 123| 44|  84| 64| 200|  0| 200|  0|   200 |     0|        95 |         28| 156|   3|
| 188| 65|  39| 45|   1|  1| 199|  1|   199 |     1|        92 |          3| 129|  27|
| 196|  8| 106| 67|   2|  1| 199|  0|   199 |     0|       129 |         37| 123|   6|
| 129| 67|  98|  8|   2|  0| 199|  0|   199 |     0|       156 |         27|  95|  28|
| 159| 30| 148| 50|   2|  0| 199|  0|   199 |     0|       159 |          3|  92|   3|
| 178| 19|  25| 77|   2|  0| 199|  0|   199 |     0|       178 |         19| 167|  75|
| 156| 22| 117| 92|   2|  0| 199|  0|   199 |     0|       196 |         18| 188|  21|
| 104| 52| 163| 46|   2|  0| 199|  0|   199 |     0|       138 |         58| 176|  12|
| 138| 34| 181| 18|   2|  0| 199|  0|   199 |     0|       132 |          6|  92|  84|
|  29| 91| 136| 45|   2|  0| 199|  0|   199 |     0|       104 |         28|  67|  25|
| 132| 97|  37| 99|   2|  0| 199|  0|   199 |     0|        29 |         75|  29|  38|
|   9| 77| 190| 47|   3|  1| 198|  1|   198 |     1|         9 |         20|  15|  14|
|  29| 20|  44| 54|   3|  0| 198|  0|   198 |     0|        15 |          6|   5|  10|
|  67| 38| 188| 56|   3|  0| 198|  0|   198 |     0|        29 |         14|  41|  36|
| 176| 91|  91| 97|   3|  0| 198|  0|   198 |     0|        67 |         38|  78|  37|
|  92| 84| 108| 17|   4|  1| 198|  0|   198 |     0|        92 |         25| 112|  34|
|  15| 77| 124| 16|   4|  0| 198|  0|   198 |     0|       176 |         84| 123|  11|
|   5| 10| 120|  4|   4|  0| 197|  1|   197 |     1|       123 |         53| 163|  40|
|  78| 73|   2| 82|   5|  1| 197|  0|   197 |     0|       112 |         11| 174|  11|
| 112| 34| 147| 55|   5|  0| 197|  0|   197 |     0|        78 |         34| 177|   3|
|  41| 71|  67| 80|   5|  0| 196|  1|   196 |     1|        41 |         37| 197|  20|
| 123| 82| 101| 34|   5|  0| 196|  0|   196 |     0|         5 |         36| 121|  76|
| 177| 54|  87| 14|   5|  0| 196|  0|   196 |     0|       121 |         84| 121|   0|
| 174|  3| 166| 79|   6|  1| 196|  0|   196 |     0|       163 |         42| 139|  18|
| 163| 11| 168|  2|   6|  0| 196|  0|   196 |     0|       174 |         11| 160|  21|
| 121| 42|  41| 73|   6|  0| 195|  1|   195 |     1|       177 |          3| 191|  31|
| 197| 76|  64| 23|   6|  0| 195|  0|   195 |     0|       197 |         20|  80|  89|
| 139| 58| 162| 98|   6|  0| 195|  0|   195 |     0|       191 |          6|  87|   7|
| 160| 21|   5| 43|   6|  0| 195|  0|   195 |     0|       160 |         31| 110|  23|
| 121| 39| 199|  6|   6|  0| 194|  1|   194 |     1|       139 |         21| 118|   8|
|  80| 41| 153| 46|   6|  0| 194|  0|   194 |     0|       121 |         18| 144|  26|
| 191| 89| 116| 37|   7|  1| 194|  0|   194 |     0|        80 |         41| 191|  47|
| 118| 73|  64| 52|   7|  0| 194|  0|   194 |     0|        87 |          7| 162|  29|
| 110|  8|  11| 53|   7|  0| 194|  0|   194 |     0|       110 |         23|  83|  79|
| 144| 34|  56| 45|   7|  0| 193|  1|   193 |     1|       118 |          8|  27|  56|
|  87| 57|  41| 15|   8|  1| 193|  0|   193 |     0|       144 |         26|  18|   9|
| 191| 96| 175| 66|   8|  0| 192|  1|   192 |     1|       191 |         47|   8|  10|
|   8| 17|  30| 55|   8|  0| 192|  0|   192 |     0|       162 |         29| 127|  81|
| 162| 46| 111| 81|   8|  0| 192|  0|   192 |     0|        83 |         79| 143|  16|
|  83| 79|   9| 98|   8|  0| 192|  0|   192 |     0|        27 |         56| 153|  10|
|  18| 65|  53| 44|   8|  0| 191|  1|   191 |     1|        18 |          9| 156|   3|
|  27|  9| 180| 73|   8|  0| 191|  0|   191 |     0|         8 |         10|   4|  48|
| 143| 84|  12| 32|   9|  1| 191|  0|   191 |     0|       127 |         81|   5|   1|
| 127| 16| 191| 21|   9|  0| 191|  0|   191 |     0|       143 |         16|  29|  24|
| 156| 29| 195|  4|   9|  0| 191|  0|   191 |     0|       153 |         10|  84|  55|
|   4| 48|   8| 13|   9|  0| 191|  0|   191 |     0|       156 |          3| 108|  24|
| 153| 51| 115| 93|   9|  0| 190|  1|   190 |     1|         4 |         48| 177|  69|
|   5| 52| 123|  8|   9|  0| 190|  0|   190 |     0|         5 |          1| 184|   7|
|  29| 24|  22| 99|   9|  0| 190|  0|   190 |     0|        29 |         24| 189|   5|
| 177| 52|  25|  3|   9|  0| 190|  0|   190 |     0|        84 |         55| 170|  19|
| 108| 69| 107| 82|   9|  0| 190|  0|   190 |     0|       108 |         24|  69|  99|
|  84| 24| 178| 71|   9|  0| 190|  0|   190 |     0|       177 |         69|  22|  47|
| 189| 95| 141| 37|  10|  1| 189|  1|   189 |     1|       184 |          7|  45|  23|
| 170| 19|  64| 77|  10|  0| 189|  0|   189 |     0|       189 |          5| 143|  98|
| 184| 14|  95| 31|  10|  0| 189|  0|   189 |     0|       170 |         19| 159|  16|
|  69| 85|  66| 29|  11|  1| 189|  0|   189 |     0|        69 |         99| 195|  36|
|  22| 47|  87| 21|  11|  0| 189|  0|   189 |     0|        22 |         47|  19|  24|
|  45| 23|  20| 67|  11|  0| 189|  0|   189 |     0|        45 |         23|  40|  21|
| 143| 98|  95| 75|  11|  0| 189|  0|   189 |     0|       143 |         98|  48|   8|
|  19| 76|  16| 79|  11|  0| 189|  0|   189 |     0|       159 |         16|  97|  49|
| 159| 60| 123| 93|  11|  0| 189|  0|   189 |     0|       195 |         36| 109|  12|
| 195| 36|  97| 26|  11|  0| 188|  1|   188 |     1|        19 |         24| 200|  91|
| 109| 86|  58| 39|  11|  0| 188|  0|   188 |     0|        40 |         21| 181|  19|
| 200| 91| 178| 80|  11|  0| 188|  0|   188 |     0|        48 |          8| 125|  56|
|  40| 40|  22| 44|  12|  1| 188|  0|   188 |     0|        97 |         49| 122|   3|
|  48|  8|   2| 20|  12|  0| 188|  0|   188 |     0|       109 |         12| 115|   7|
|  97| 49|  13| 11|  12|  0| 188|  0|   188 |     0|       200 |         91|  74|  41|
|  74| 23| 161| 52|  12|  0| 188|  0|   188 |     0|       181 |         19|  82|   8|
| 115| 41|  62| 99|  13|  1| 188|  0|   188 |     0|       125 |         56| 121|  39|
| 122|  7| 185| 77|  13|  0| 187|  1|   187 |     1|       122 |          3| 196|  75|
| 125|  3| 190|  5|  13|  0| 187|  0|   187 |     0|       115 |          7|  52|  56|
| 181| 56| 113| 77|  13|  0| 187|  0|   187 |     0|        74 |         41|  28|  24|
| 196| 15| 138| 25|  13|  0| 187|  0|   187 |     0|        82 |          8|  38|  10|
|  82| 86|  60| 78|  13|  0| 186|  1|   186 |     1|       121 |         39|  78|  40|
|  52| 30| 123| 63|  14|  1| 186|  0|   186 |     0|       196 |         75| 121|  43|
|  28| 24| 191| 68|  14|  0| 186|  0|   186 |     0|        52 |         56| 143|  22|
| 121| 93| 107| 84|  14|  0| 186|  0|   186 |     0|        28 |         24| 148|   5|
|  78| 43|   9| 98|  14|  0| 186|  0|   186 |     0|        38 |         10| 102|  46|
| 148| 70| 147| 62|  14|  0| 185|  1|   185 |     1|        78 |         40|  23|  79|
|  38| 90| 126| 21|  14|  0| 185|  0|   185 |     0|       121 |         43| 156|  67|
| 121| 83|  88| 38|  15|  1| 185|  0|   185 |     0|       143 |         22| 158|   2|
| 143| 22|  88|  0|  15|  0| 184|  1|   184 |     1|       148 |          5| 174|  16|
|  23| 80|  61| 27|  15|  0| 184|  0|   184 |     0|       102 |         46| 164|  10|
| 174| 49|  14| 47|  16|  1| 184|  0|   184 |     0|        23 |         79| 132|  32|
| 158| 16| 168| 46|  16|  0| 184|  0|   184 |     0|       156 |         67| 101|  31|
| 102| 56|  76| 92|  16|  0| 184|  0|   184 |     0|       158 |          2|  37|  64|
| 156| 54|  49| 27|  16|  0| 183|  1|   183 |     1|       174 |         16| 178|  59|
| 132| 24|   3| 46|  17|  1| 182|  1|   182 |     1|       164 |         10| 176|   2|
| 164| 32|  34| 31|  17|  0| 182|  0|   182 |     0|       132 |         32| 164|  12|
|  37| 73|  80| 46|  17|  0| 181|  1|   181 |     1|       101 |         31| 129|  35|
| 101| 64| 190| 90|  17|  0| 181|  0|   181 |     0|        37 |         64|  97|  32|
| 178| 77|  26| 36|  18|  1| 181|  0|   181 |     0|       178 |         59|  55|  42|
|  97| 81| 133| 93|  18|  0| 181|  0|   181 |     0|       176 |          2|  95|  40|
| 176| 79|  69| 64|  18|  0| 181|  0|   181 |     0|       164 |         12| 104|   9|
| 129| 47| 158| 89|  18|  0| 180|  1|   180 |     1|       129 |         35| 137|  33|
| 164| 35| 144| 14|  18|  0| 180|  0|   180 |     0|        97 |         32| 145|   8|
|  55| 91|  26| 82|  18|  0| 180|  0|   180 |     0|        55 |         42|   3|  58|
| 145| 90| 126|100|  18|  0| 180|  0|   180 |     0|        95 |         40|  26|  23|
|   3| 58|  77| 49|  19|  1| 180|  0|   180 |     0|       104 |          9| 105|  79|
| 137| 66|  96| 19|  19|  0| 180|  0|   180 |     0|       137 |         33| 139|  34|
| 104| 33| 189| 93|  19|  0| 180|  0|   180 |     0|       145 |          8| 156|  17|
|  95|  9| 188|  1|  20|  1| 180|  0|   180 |     0|         3 |         58| 194|  38|
| 105| 10| 189|  1|  20|  0| 180|  0|   180 |     0|        26 |         23| 121|  73|
| 139| 34|  64| 75|  20|  0| 179|  1|   179 |     1|       105 |         79|  55|  66|
|  26| 87| 162| 98|  20|  0| 179|  0|   179 |     0|       139 |         34|  53|   2|
| 156| 70|  11| 49|  21|  1| 179|  0|   179 |     0|       156 |         17|  37|  16|
| 194| 38| 133| 78|  21|  0| 179|  0|   179 |     0|       194 |         38|  21|  16|
|  37| 43|  37| 96|  21|  0| 179|  0|   179 |     0|       121 |         73|  34|  13|
|  55| 18| 108| 71|  21|  0| 179|  0|   179 |     0|        55 |         66|  90|  56|
|  21| 34|  55| 53|  21|  0| 178|  1|   178 |     1|        53 |          2|  96|   6|
|  53| 32|  65| 10|  22|  1| 178|  0|   178 |     0|        37 |         16| 121|  25|
| 121| 68|  10| 55|  22|  0| 178|  0|   178 |     0|        21 |         16| 191|  70|
|  34| 87|  69| 59|  22|  0| 178|  0|   178 |     0|        34 |         13| 175|  16|
|  96| 62|  73|  4|  22|  0| 178|  0|   178 |     0|        90 |         56| 131|  44|
| 121| 25|  91| 18|  22|  0| 177|  1|   177 |     1|        96 |          6| 111|  20|
|  90| 31| 103| 12|  22|  0| 177|  0|   177 |     0|       121 |         25| 105|   6|
| 191| 99| 119| 16|  23|  1| 177|  0|   177 |     0|       191 |         70|  46|  59|
| 175| 16|  96| 23|  23|  0| 177|  0|   177 |     0|       175 |         16|  71|  25|
| 111| 64|  78| 18|  23|  0| 177|  0|   177 |     0|       131 |         44| 114|  43|
|  46| 65| 125| 47|  24|  1| 177|  0|   177 |     0|       111 |         20| 131|  17|
| 131| 85| 153| 28|  24|  0| 176|  1|   176 |     1|       105 |          6| 140|   9|
| 105| 26|  74| 79|  24|  0| 176|  0|   176 |     0|        46 |         59|   6|  66|
| 131| 26| 173| 99|  24|  0| 176|  0|   176 |     0|        71 |         25|   7|   1|
| 140|  9| 163| 10|  24|  0| 176|  0|   176 |     0|       114 |         43| 112|  95|
| 114| 26| 149| 14|  24|  0| 176|  0|   176 |     0|       131 |         17| 123|  11|
|   6| 92|  25| 76|  25|  1| 175|  1|   175 |     1|       140 |          9| 149|  26|
|  71| 65| 184| 41|  25|  0| 175|  0|   175 |     0|         6 |         66| 164|  15|
| 164| 93|  51| 67|  25|  0| 175|  0|   175 |     0|         7 |          1|  59|  95|
| 123| 41| 164| 87|  25|  0| 174|  1|   174 |     1|       112 |         95|  59|   0|
| 112| 11|  55| 91|  25|  0| 174|  0|   174 |     0|       123 |         11|  43|  16|
| 149| 37|  25| 30|  25|  0| 174|  0|   174 |     0|       149 |         26|  39|   4|
|   7| 58| 142| 83|  25|  0| 174|  0|   174 |     0|       164 |         15|  26|  13|
|  43| 36|  63| 79|  25|  0| 174|  0|   174 |     0|        59 |         95|  46|  20|
|  59| 16| 118| 55|  26|  1| 173|  1|   173 |     1|        59 |          0|  94|  48|
|  26| 33|  21| 97|  26|  0| 173|  0|   173 |     0|        43 |         16| 146|  52|
|  59| 33| 135| 86|  26|  0| 173|  0|   173 |     0|        39 |          4| 179|  33|
|  39| 20| 155| 20|  26|  0| 173|  0|   173 |     0|        26 |         13|  18|  39|
| 179| 60|  97| 58|  26|  0| 173|  0|   173 |     0|        46 |         20|  20|   2|
|  46| 67| 110| 13|  26|  0| 173|  0|   173 |     0|        94 |         48|  57|  37|
| 146|100| 132| 22|  27|  1| 172|  1|   172 |     1|       146 |         52| 156|  99|
|  18| 72|  55| 77|  27|  0| 172|  0|   172 |     0|       179 |         33|  10|  54|
|  94| 76| 143| 88|  27|  0| 172|  0|   172 |     0|        18 |         39|   1|   9|
|  57| 37| 175| 32|  27|  0| 172|  0|   172 |     0|        20 |          2|  23|  22|
|   1| 56| 124| 51|  28|  1| 172|  0|   172 |     0|        57 |         37|  31|   8|
|  10|  9| 128|  4|  28|  0| 171|  1|   171 |     1|       156 |         99|  32|   1|
|  20| 10|  46| 82|  28|  0| 171|  0|   171 |     0|        10 |         54|  74|  42|
| 156| 64|  37|  9|  28|  0| 171|  0|   171 |     0|         1 |          9| 190|  84|
| 190| 34| 147| 90|  29|  1| 170|  1|   170 |     1|        23 |         22|  93|  97|
|  23| 33|  95| 52|  29|  0| 170|  0|   170 |     0|        31 |          8|  65|  28|
|  74| 51| 110| 15|  29|  0| 170|  0|   170 |     0|        32 |          1|  40|  25|
|  32| 42|  86| 24|  29|  0| 170|  0|   170 |     0|        74 |         42|  24|  16|
|  31|  1|  57| 29|  29|  0| 170|  0|   170 |     0|       190 |         84|   7|  17|
|  65| 34| 124| 67|  30|  1| 170|  0|   170 |     0|        93 |         97|  14|   7|
|  40| 25| 190| 66|  30|  0| 169|  1|   169 |     1|        65 |         28|  59|  45|
|  93| 53| 113| 77|  30|  0| 169|  0|   169 |     0|        40 |         25|  74|  15|
|  24| 69|  37| 76|  31|  1| 169|  0|   169 |     0|        24 |         16| 110|  36|
|   7| 17|  53| 16|  31|  0| 169|  0|   169 |     0|         7 |         17| 135|  25|
|  74| 67|  13| 40|  31|  0| 168|  1|   168 |     1|        14 |          7| 148|  13|
| 135| 61| 124| 89|  31|  0| 168|  0|   168 |     0|        59 |         45| 193|  45|
|  59| 76| 133|  9|  31|  0| 168|  0|   168 |     0|        74 |         15|  73|  80|
|  14| 45|  41| 92|  31|  0| 168|  0|   168 |     0|       110 |         36|  31|  42|
| 110| 96| 155| 86|  31|  0| 168|  0|   168 |     0|       135 |         25|  18|  13|
| 193| 83| 132| 23|  32|  1| 168|  0|   168 |     0|       148 |         13|   6|  12|
|  31| 38| 172| 40|  32|  0| 167|  1|   167 |     1|       193 |         45|  55|  49|
| 148| 83|  40| 68|  32|  0| 167|  0|   167 |     0|        73 |         80|  61|   6|
|  73| 75|  74| 34|  32|  0| 167|  0|   167 |     0|        31 |         42|  68|   7|
|  18| 55|  99| 25|  32|  0| 167|  0|   167 |     0|        18 |         13| 133|  65|
|   6| 12| 169| 70|  32|  0| 166|  1|   166 |     1|         6 |         12|  71|  62|
| 133| 73|  24| 55|  33|  1| 166|  0|   166 |     0|        55 |         49|  43|  28|
|  55| 78| 129| 95|  33|  0| 166|  0|   166 |     0|        61 |          6|  40|   3|
|  68| 13| 148| 19|  33|  0| 166|  0|   166 |     0|        68 |          7|   6|  34|
|  61|  7| 151|  3|  34|  1| 166|  0|   166 |     0|       133 |         65| 156|  50|
|  71| 10| 127| 24|  34|  0| 165|  1|   165 |     1|        71 |         62| 121|  35|
|   6| 65|  83| 44|  34|  0| 164|  1|   164 |     1|        43 |         28|  16|  95|
| 156| 50| 143| 60|  34|  0| 164|  0|   164 |     0|        40 |          3|  13|   3|
|  43| 87| 129| 14|  34|  0| 164|  0|   164 |     0|         6 |         34| 160|  53|
|  40|  3|  30| 99|  35|  1| 164|  0|   164 |     0|       156 |         50| 172|  12|
|  13| 27| 128| 98|  36|  1| 164|  0|   164 |     0|       121 |         35| 168|   4|
| 172| 41|  93| 35|  36|  0| 164|  0|   164 |     0|        16 |         95| 135|  33|
|  16| 44| 188| 95|  37|  1| 163|  1|   163 |     1|        13 |          3| 113|  22|
| 121| 95| 153| 35|  37|  0| 163|  0|   163 |     0|       160 |         53|  17|  96|
| 160| 39| 198| 45|  37|  0| 163|  0|   163 |     0|       172 |         12|   2|  15|
| 135| 25|  28| 30|  37|  0| 163|  0|   163 |     0|       168 |          4|  65|  63|
|   2| 67| 110| 82|  37|  0| 163|  0|   163 |     0|       135 |         33| 131|  66|
| 113| 89| 147| 37|  37|  0| 163|  0|   163 |     0|       113 |         22| 141|  10|
|  17| 96|  33| 86|  37|  0| 162|  1|   162 |     1|        17 |         96| 155|  14|
| 168| 49| 114| 81|  37|  0| 162|  0|   162 |     0|         2 |         15| 180|  25|
| 155| 13| 140| 26|  38|  1| 162|  0|   162 |     0|        65 |         63| 135|  45|
| 180| 25|  95| 45|  38|  0| 162|  0|   162 |     0|       131 |         66|  90|  45|
|  65| 85| 184| 89|  38|  0| 162|  0|   162 |     0|       141 |         10|  11|  79|
| 141| 76|  53| 69|  38|  0| 161|  1|   161 |     1|       155 |         14|  11|   0|
| 131| 10| 168| 85|  38|  0| 161|  0|   161 |     0|       180 |         25|   6|   5|
|  11| 80| 192| 24|  39|  1| 161|  0|   161 |     0|       135 |         45|  74|  68|
|  90| 79|  18| 26|  39|  0| 160|  1|   160 |     1|        90 |         45|  79|   5|
|  11| 79|  75| 57|  39|  0| 160|  0|   160 |     0|        11 |         79|  84|   5|
| 135| 76| 177| 98|  39|  0| 160|  0|   160 |     0|        11 |          0| 110|  26|
|   6| 71| 167| 10|  40|  1| 160|  0|   160 |     0|         6 |          5| 186|  76|
| 110| 96| 122| 45|  40|  0| 159|  1|   159 |     1|        74 |         68| 181|   5|
|  79| 31| 107| 15|  40|  0| 159|  0|   159 |     0|        79 |          5| 148|  33|
|  74|  5| 150| 43|  40|  0| 159|  0|   159 |     0|        84 |          5| 100|  48|
|  84| 10| 181| 31|  40|  0| 159|  0|   159 |     0|       110 |         26|  95|   5|
| 186| 98|  25| 44|  40|  0| 159|  0|   159 |     0|       186 |         76|  37|  58|
|  37| 51| 171| 54|  40|  0| 159|  0|   159 |     0|       181 |          5|  86|  49|
| 181| 56| 186| 15|  41|  1| 159|  0|   159 |     0|       148 |         33|  87|   1|
| 100| 81|  93| 93|  41|  0| 158|  1|   158 |     1|       100 |         48| 109|  22|
|  95|  5| 186| 93|  41|  0| 158|  0|   158 |     0|        95 |          5| 187|  78|
| 148| 53| 149| 37|  41|  0| 158|  0|   158 |     0|        37 |         58|  28|  41|
|  87| 61|  44| 95|  41|  0| 157|  1|   157 |     1|        86 |         49|  37|   9|
| 187|100|   8| 36|  41|  0| 157|  0|   157 |     0|        87 |          1|  43|   6|
|  86| 99| 135| 73|  41|  0| 157|  0|   157 |     0|       109 |         22|  72|  29|
| 109| 23| 128|  7|  41|  0| 156|  1|   156 |     1|       187 |         78| 127|  55|
|  28| 81| 112| 16|  42|  1| 156|  0|   156 |     0|        28 |         41| 198|  71|
|  43| 15| 171| 59|  43|  1| 156|  0|   156 |     0|        37 |          9| 156|  42|
| 198| 45|  89| 82|  43|  0| 156|  0|   156 |     0|        43 |          6| 130|  26|
|  37| 39|  32| 57|  43|  0| 156|  0|   156 |     0|        72 |         29|  67|  63|
| 127| 90|  67| 35|  43|  0| 156|  0|   156 |     0|       127 |         55|  57|  10|
|  72| 55| 182| 85|  43|  0| 156|  0|   156 |     0|       198 |         71|  31|  26|
| 156| 84|  57| 75|  43|  0| 156|  0|   156 |     0|       156 |         42|  35|   4|
|  31| 75| 110| 53|  43|  0| 156|  0|   156 |     0|       130 |         26|  55|  20|
| 130| 99| 103|  7|  44|  1| 156|  0|   156 |     0|        67 |         63|  61|   6|
|  67| 63| 116| 13|  44|  0| 156|  0|   156 |     0|        57 |         10| 131|  70|
|  57| 10| 171| 55|  44|  0| 156|  0|   156 |     0|        31 |         26| 192|  61|
|  61|  4| 169|  2|  44|  0| 155|  1|   155 |     1|        35 |          4| 163|  29|
|  55|  6| 145| 24|  45|  1| 155|  0|   155 |     0|        55 |         20| 138|  25|
|  35| 20|  50| 95|  45|  0| 155|  0|   155 |     0|        61 |          6| 129|   9|
| 192| 43|  82| 32|  45|  0| 155|  0|   155 |     0|       131 |         70| 109|  20|
| 131| 61|  99| 17|  45|  0| 155|  0|   155 |     0|       192 |         61|  75|  34|
| 163| 32| 177| 78|  45|  0| 154|  1|   154 |     1|       163 |         29|  42|  33|
| 109| 54| 159| 18|  46|  1| 154|  0|   154 |     0|       138 |         25|  11|  31|
|  75| 34|  98| 61|  46|  0| 153|  1|   153 |     1|       129 |          9| 108|  97|
| 129| 54| 151| 53|  46|  0| 153|  0|   153 |     0|       109 |         20| 170|  62|
| 138|  9|  21| 70|  46|  0| 153|  0|   153 |     0|        75 |         34| 186|  16|
|  11| 73|  45| 24|  46|  0| 153|  0|   153 |     0|        42 |         33| 180|   6|
| 108| 97| 144| 99|  47|  1| 153|  0|   153 |     0|        11 |         31| 170|  10|
| 186| 78|  16| 72|  47|  0| 153|  0|   153 |     0|       108 |         97|  48|  78|
|  42| 56| 164| 52|  48|  1| 152|  1|   152 |     1|       170 |         62|  17|  31|
| 170| 72|   5| 41|  48|  0| 152|  0|   152 |     0|       186 |         16|  13|   4|
|  13| 43|   4|  1|  48|  0| 151|  1|   151 |     1|       180 |          6|  18|   5|
|  48| 35| 179| 25|  48|  0| 151|  0|   151 |     0|       170 |         10|  51|  33|
| 170| 78|  32| 53|  49|  1| 151|  0|   151 |     0|        48 |         78|  66|  15|
|  17| 47|  50| 18|  49|  0| 151|  0|   151 |     0|        17 |         31|  68|   2|
| 180| 37| 181| 69|  49|  0| 151|  0|   151 |     0|        13 |          4| 128|  60|
|  51| 71| 149| 32|  49|  0| 151|  0|   151 |     0|        18 |          5|  86|  42|
|  66| 15|  13| 64|  50|  1| 150|  1|   150 |     1|        51 |         33|  78|   8|
| 128| 62|  60| 47|  50|  0| 150|  0|   150 |     0|        66 |         15|  69|   9|
|  18| 90|  86| 26|  50|  0| 149|  1|   149 |     1|        68 |          2| 166|  97|
|  68| 50| 106| 20|  50|  0| 149|  0|   149 |     0|       128 |         60| 176|  10|
|  69|  1| 140| 34|  50|  0| 149|  0|   149 |     0|        86 |         42| 159|  17|
| 166| 97|  45| 95|  51|  1| 149|  0|   149 |     0|        78 |          8| 114|  45|
|  78| 88| 149| 96|  51|  0| 149|  0|   149 |     0|        69 |          9|  70|  44|
|  86|  8|  29| 80|  51|  0| 148|  1|   148 |     1|       166 |         97|  65|   5|
| 176| 90| 159| 70|  51|  0| 148|  0|   148 |     0|       176 |         10|  22|  43|
|  70| 94|  41| 82|  51|  0| 148|  0|   148 |     0|       159 |         17|  58|  36|
|  22| 48| 173| 68|  51|  0| 148|  0|   148 |     0|       114 |         45|  90|  32|
| 114| 92|  31| 58|  52|  1| 148|  0|   148 |     0|        70 |         44| 101|  11|
|  65| 49| 173| 58|  52|  0| 148|  0|   148 |     0|        65 |          5| 128|  27|
| 159| 94|  27| 54|  52|  0| 148|  0|   148 |     0|        22 |         43| 177|  49|
|  90| 69| 135| 92|  52|  0| 148|  0|   148 |     0|        58 |         36| 128|  49|
|  58| 32| 153| 18|  53|  1| 148|  0|   148 |     0|        90 |         32| 106|  22|
| 101| 43|  71| 82|  53|  0| 147|  1|   147 |     1|       101 |         11|  68|  38|
| 128| 27| 194| 77|  53|  0| 147|  0|   147 |     0|       128 |         27|  53|  15|
| 177| 49| 120| 74|  53|  0| 147|  0|   147 |     0|       177 |         49|  22|  31|
|  53| 76| 127|  7|  53|  0| 147|  0|   147 |     0|       128 |         49|  76|  54|
|  22| 31|  84| 43|  54|  1| 147|  0|   147 |     0|       106 |         22|  93|  17|
|  68| 46| 180| 96|  54|  0| 147|  0|   147 |     0|        68 |         38| 115|  22|
| 128| 60|  52| 72|  55|  1| 147|  0|   147 |     0|        53 |         15| 124|   9|
| 106| 22| 111| 59|  55|  0| 147|  0|   147 |     0|        22 |         31| 199|  75|
|  76| 30| 180| 69|  55|  0| 147|  0|   147 |     0|        76 |         54| 189|  10|
| 199| 77| 127| 53|  55|  0| 147|  0|   147 |     0|        93 |         17|  86|  97|
|  93| 94| 170| 43|  55|  0| 146|  1|   146 |     1|       115 |         22|  71|  15|
| 115| 22|   6| 36|  55|  0| 145|  1|   145 |     1|       124 |          9|  57|  14|
| 124|  9| 133| 73|  55|  0| 145|  0|   145 |     0|       199 |         75|   5|  52|
| 189| 65|  97| 36|  55|  0| 145|  0|   145 |     0|       189 |         10|  16|  11|
|  57| 68|  96|  1|  55|  0| 145|  0|   145 |     0|        86 |         97|  70|  54|
|  71| 14|  54| 42|  56|  1| 144|  1|   144 |     1|        71 |         15|  83|  13|
|  86| 15| 168| 86|  56|  0| 144|  0|   144 |     0|        57 |         14| 188|  95|
|   5| 81| 163|  5|  57|  1| 144|  0|   144 |     0|         5 |         52|   2|  14|
|  83| 78|  36| 73|  57|  0| 144|  0|   144 |     0|        16 |         11|  40|  38|
|   2| 81| 142| 94|  57|  0| 144|  0|   144 |     0|        70 |         54|  48|   8|
|  70| 68|  47| 95|  57|  0| 143|  1|   143 |     1|        83 |         13|  84|  36|
|  16| 54|  46|  1|  57|  0| 143|  0|   143 |     0|       188 |         95|  86|   2|
| 188| 28|  14| 32|  57|  0| 143|  0|   143 |     0|         2 |         14| 195|  91|
|  48| 60|  51| 37|  57|  0| 143|  0|   143 |     0|        40 |         38|  80|  85|
|  86| 38| 118| 67|  57|  0| 143|  0|   143 |     0|        48 |          8|  70|  10|
|  40| 46| 199| 81|  57|  0| 143|  0|   143 |     0|        84 |         36|  55|  15|
|  84| 44| 174| 25|  58|  1| 143|  0|   143 |     0|        86 |          2|  40|  15|
| 195| 89| 134| 40|  58|  0| 143|  0|   143 |     0|       195 |         91|  19|  21|
|  70| 75| 112| 22|  58|  0| 142|  1|   142 |     1|        80 |         85|  61|  42|
|  55| 15|  29| 83|  58|  0| 142|  0|   142 |     0|        70 |         10|  95|  34|
|  80| 25|  33|  4|  58|  0| 142|  0|   142 |     0|        55 |         15| 110|  15|
|  40| 40|  52| 19|  58|  0| 141|  1|   141 |     1|        40 |         15| 156|  46|
|  19| 21| 169| 83|  58|  0| 141|  0|   141 |     0|        19 |         21| 162|   6|
|  95| 76| 173|  4|  58|  0| 141|  0|   141 |     0|        61 |         42| 168|   6|
| 162| 67|  63| 90|  59|  1| 141|  0|   141 |     0|        95 |         34| 177|   9|
| 156|  6|  92| 29|  59|  0| 141|  0|   141 |     0|       110 |         15| 123|  54|
|  61| 95|  71| 21|  59|  0| 140|  1|   140 |     1|       156 |         46|  96|  27|
| 110| 49| 172| 99|  59|  0| 140|  0|   140 |     0|       162 |          6|  31|  65|
| 177| 67| 100| 72|  60|  1| 140|  0|   140 |     0|       168 |          6| 107|  76|
|  96| 81| 129| 29|  60|  0| 140|  0|   140 |     0|       177 |          9| 122|  15|
| 168| 72|  18| 89|  60|  0| 140|  0|   140 |     0|       123 |         54| 128|   6|
| 123| 45|  71| 53|  60|  0| 140|  0|   140 |     0|        96 |         27| 145|  17|
|  31| 92| 142| 71|  61|  1| 139|  1|   139 |     1|        31 |         65|   7|  62|
| 107| 76|  11| 69|  61|  0| 139|  0|   139 |     0|       107 |         76|  51|  44|
| 122| 15|  75| 64|  61|  0| 139|  0|   139 |     0|       122 |         15|  63|  12|
| 145| 23|  97| 22|  61|  0| 139|  0|   139 |     0|       128 |          6|  74|  11|
|   7| 62|   8| 89|  61|  0| 138|  1|   138 |     1|       145 |         17|  93|  19|
| 128| 79|  96| 88|  61|  0| 138|  0|   138 |     0|         7 |         62| 166|  73|
|  63| 65|  81| 15|  62|  1| 138|  0|   138 |     0|        51 |         44|  89|  77|
|  51| 12| 174| 93|  62|  0| 138|  0|   138 |     0|        63 |         12|  87|   2|
| 166| 85|  11| 37|  62|  0| 138|  0|   138 |     0|        74 |         11|  49|  38|
|  74| 92|   6|  5|  63|  1| 138|  0|   138 |     0|        93 |         19|  34|  15|
|  93| 19| 154| 52|  63|  0| 137|  1|   137 |     1|       166 |         73| 172|  62|
|  49| 44|  88| 66|  63|  0| 137|  0|   137 |     0|        89 |         77| 158|  14|
|  34| 15|  82|  6|  63|  0| 137|  0|   137 |     0|        87 |          2| 123|  35|
|  87| 53|  62| 20|  63|  0| 137|  0|   137 |     0|        49 |         38|  68|  55|
|  89|  2|  57|  5|  63|  0| 137|  0|   137 |     0|        34 |         15|  17|  51|
| 172| 83|  77| 20|  64|  1| 136|  1|   136 |     1|       172 |         62| 179|  38|
|  17| 45|   4| 73|  64|  0| 135|  1|   135 |     1|       158 |         14| 179|   0|
|  68| 51|  17| 13|  64|  0| 135|  0|   135 |     0|       123 |         35| 143|  36|
| 158| 90| 118| 99|  64|  0| 135|  0|   135 |     0|        68 |         55| 108|  35|
| 179| 21| 117|  1|  64|  0| 135|  0|   135 |     0|        17 |         51|  96|  12|
| 123| 56| 111|  6|  65|  1| 135|  0|   135 |     0|       179 |         38|  50|  46|
| 143| 20| 104|  7|  65|  0| 135|  0|   135 |     0|       179 |          0| 104|  54|
| 179| 36|  36| 68|  65|  0| 135|  0|   135 |     0|       143 |         36| 132|  28|
|  50| 71|  34|  2|  65|  0| 135|  0|   135 |     0|       108 |         35| 138|   6|
| 108| 58|  31|  3|  65|  0| 134|  1|   134 |     1|        96 |         12|  29|  91|
|  96| 12| 198| 33|  66|  1| 134|  0|   134 |     0|        50 |         46|   9|  20|
|  11| 85|  49| 51|  66|  0| 133|  1|   133 |     1|        13 |         37|  11|   2|
|  13|  2| 184| 65|  66|  0| 133|  0|   133 |     0|        11 |          2|  13|   2|
| 138| 75|  38| 54|  66|  0| 133|  0|   133 |     0|       138 |         73| 138|  75|
| 199| 61|  32|  6|  66|  0| 133|  0|   133 |     0|       161 |         23| 161|  23|
| 161| 38| 123| 91|  67|  1| 133|  0|   133 |     0|       199 |         38| 199|  38|
|  72| 89|  38| 85|  67|  0| 133|  0|   133 |     0|       166 |         33| 166|  33|
|  78|  6| 147| 91|  67|  0| 133|  0|   133 |     0|       137 |         29| 137|  29|
| 166| 88| 115| 32|  67|  0| 132|  1|   132 |     1|        92 |         45|  92|  45|
| 137| 29| 141| 26|  67|  0| 132|  0|   132 |     0|        78 |         14|  78|  14|
|  92| 45|  74| 67|  68|  1| 132|  0|   132 |     0|        72 |          6|  72|   6|
|  43| 49| 104| 30|  68|  0| 132|  0|   132 |     0|        58 |         14| 110|  38|
|  58| 15|  59| 45|  68|  0| 131|  1|   131 |     1|        43 |         15| 127|  17|
| 133| 75|  26| 33|  68|  0| 131|  0|   131 |     0|         3 |         40| 131|   4|
|   3| 70| 180| 46|  68|  0| 131|  0|   131 |     0|       133 |         70| 194|  63|
| 186| 17| 128| 52|  69|  1| 131|  0|   131 |     0|       186 |         53| 196|   2|
| 131| 55|  99| 29|  69|  0| 131|  0|   131 |     0|       131 |         55| 190|   6|
| 196| 65|   6| 93|  69|  0| 130|  1|   130 |     1|       127 |          4| 130|  60|
| 110| 86| 157| 49|  69|  0| 130|  0|   130 |     0|       110 |         17|  66|  64|
| 194| 84|  51| 94|  69|  0| 130|  0|   130 |     0|       194 |         84|   9|  57|
| 127| 67| 169| 82|  69|  0| 129|  1|   129 |     1|       196 |          2|   2|   7|
|   9| 82| 104| 65|  69|  0| 129|  0|   129 |     0|       190 |          6|  20|  18|
| 190| 19|  22| 82|  70|  1| 129|  0|   129 |     0|       130 |         60|  72|  52|
|   2| 12| 147| 75|  70|  0| 129|  0|   129 |     0|        66 |         64|  79|   7|
| 130| 72|  39| 92|  70|  0| 129|  0|   129 |     0|         9 |         57| 123|  44|
|  66| 64| 116| 77|  70|  0| 129|  0|   129 |     0|         2 |          7| 138|  15|
| 123| 57| 196| 80|  70|  0| 128|  1|   128 |     1|        20 |         18|  57|  81|
| 138| 15| 188|  8|  70|  0| 128|  0|   128 |     0|        72 |         52|  27|  30|
|  20| 82|  10| 22|  71|  1| 128|  0|   128 |     0|        79 |          7|   9|  18|
|  79| 59|  84| 74|  71|  0| 128|  0|   128 |     0|       123 |         44| 145|  64|
|  72|  7| 156| 72|  71|  0| 128|  0|   128 |     0|       138 |         15| 155|  10|
|  27| 45| 121| 35|  71|  0| 128|  0|   128 |     0|        57 |         81| 127|  28|
|  57| 30| 176| 55|  71|  0| 128|  0|   128 |     0|        27 |         30| 126|   1|
| 155| 98| 187| 11|  71|  0| 128|  0|   128 |     0|         9 |         18|  76|  50|
| 145| 10|  43| 56|  71|  0| 128|  0|   128 |     0|       145 |         64|  50|  26|
|   9| 64|   2| 41|  72|  1| 128|  0|   128 |     0|       155 |         10| 185|  65|
|  76| 67|  74| 72|  72|  0| 128|  0|   128 |     0|       127 |         28| 116|  69|
| 126| 50|  76|  2|  72|  0| 127|  1|   127 |     1|       126 |          1|  70|  46|
| 185| 59|   9| 67|  72|  0| 127|  0|   127 |     0|        76 |         50|  67|   3|
| 127| 58|  85| 76|  72|  0| 127|  0|   127 |     0|        50 |         26|  62|   5|
|  50| 77|  34| 51|  72|  0| 127|  0|   127 |     0|       185 |         65|  55|   7|
|  62| 12| 150| 84|  73|  1| 127|  0|   127 |     0|       116 |         69|  76|  21|
|  55|  7|   9| 59|  73|  0| 127|  0|   127 |     0|        70 |         46| 128|  52|
| 116| 61|  25| 16|  73|  0| 127|  0|   127 |     0|        67 |          3| 160|  32|
|  70| 46| 187| 38|  73|  0| 127|  0|   127 |     0|        62 |          5|  18|  58|
|  67|  3|  77| 90|  74|  1| 126|  1|   126 |     1|        55 |          7|   9|   9|
| 160| 93| 199| 78|  74|  0| 126|  0|   126 |     0|        76 |         21|  11|   2|
|   9| 49|  61| 62|  74|  0| 126|  0|   126 |     0|       128 |         52|  71|  60|
|  76| 67|  44| 17|  74|  0| 126|  0|   126 |     0|       160 |         32| 100|  29|
| 128| 52| 157| 87|  74|  0| 126|  0|   126 |     0|        18 |         58| 104|   4|
|  18| 90|  79| 78|  74|  0| 125|  1|   125 |     1|         9 |          9| 182|  78|
| 182| 36| 151| 72|  74|  0| 125|  0|   125 |     0|        11 |          2| 194|  12|
|  71| 89| 143|  8|  74|  0| 124|  1|   124 |     1|        71 |         60| 156|  38|
|  11| 60| 141|  2|  74|  0| 124|  0|   124 |     0|       100 |         29| 128|  28|
| 104| 93|  15| 74|  75|  1| 124|  0|   124 |     0|       104 |          4| 109|  19|
| 100|  4|  27| 12|  75|  0| 124|  0|   124 |     0|       182 |         78|  54|  55|
| 194| 94| 118| 91|  75|  0| 124|  0|   124 |     0|       194 |         12|  41|  13|
| 156| 38| 135| 17|  76|  1| 124|  0|   124 |     0|       156 |         38|  32|   9|
| 109| 47|  31| 96|  76|  0| 124|  0|   124 |     0|       128 |         28|  25|   7|
| 128| 19|  14| 17|  76|  0| 123|  1|   123 |     1|       109 |         19|  21|   4|
|  54| 74|  60| 46|  76|  0| 123|  0|   123 |     0|        54 |         55|  58|  37|
|  21| 33|  46| 14|  76|  0| 123|  0|   123 |     0|        41 |         13|  66|   8|
|  32| 11| 198| 48|  77|  1| 123|  0|   123 |     0|        32 |          9|  87|  21|
|  58| 26|  21| 23|  77|  0| 123|  0|   123 |     0|        25 |          7|  95|   8|
|  41| 17| 155| 66|  77|  0| 123|  0|   123 |     0|        21 |          4|  98|   3|
|  25| 16| 117| 38|  78|  1| 123|  0|   123 |     0|        58 |         37|  24|  74|
|  98| 73|  63| 54|  78|  0| 123|  0|   123 |     0|        66 |          8|  84|  60|
|  24| 74|  99| 36|  78|  0| 123|  0|   123 |     0|        87 |         21|  91|   7|
|  95| 71|  79| 20|  78|  0| 123|  0|   123 |     0|        95 |          8| 124|  33|
|  66| 29| 120| 41|  78|  0| 122|  1|   122 |     1|        98 |          3| 178|  54|
|  87| 21|  61| 59|  79|  1| 122|  0|   122 |     0|        24 |         74|  12|  34|
| 178| 91|  97| 36|  79|  0| 122|  0|   122 |     0|        84 |         60|  90|  78|
|  12| 34|  70| 27|  79|  0| 121|  1|   121 |     1|        91 |          7| 127|  37|
| 124| 88|  28| 42|  79|  0| 121|  0|   121 |     0|       124 |         33| 172|  45|
|  91| 33|   9| 19|  80|  1| 121|  0|   121 |     0|       178 |         54| 174|   2|
|  84|  7| 124| 85|  80|  0| 121|  0|   121 |     0|        12 |         34| 193|  19|
|  90|  6| 199| 75|  80|  0| 121|  0|   121 |     0|        90 |         78| 137|  56|
| 174| 84|  47| 48|  80|  0| 121|  0|   121 |     0|       127 |         37| 104|  33|
| 172|  2| 140| 93|  81|  1| 121|  0|   121 |     0|       172 |         45|  86|  18|
| 127| 45| 198| 58|  81|  0| 121|  0|   121 |     0|       174 |          2|  69|  17|
| 193| 66| 134| 64|  82|  1| 121|  0|   121 |     0|       193 |         19|  41|  28|
|  86| 93| 112| 22|  82|  0| 121|  0|   121 |     0|       137 |         56|  63|  22|
| 137| 51| 200| 88|  82|  0| 120|  1|   120 |     1|       104 |         33| 137|  74|
|  41| 96| 192|  8|  83|  1| 120|  0|   120 |     0|        86 |         18| 144|   7|
|  69| 28| 189|  3|  83|  0| 120|  0|   120 |     0|        69 |         17| 156|  12|
| 104| 35|  91| 98|  83|  0| 120|  0|   120 |     0|        41 |         28|   2|  46|
| 156| 52|  45| 46|  84|  1| 120|  0|   120 |     0|        63 |         22|  14|  12|
|  63| 93| 147| 98|  84|  0| 119|  1|   119 |     1|       137 |         74|  30|  16|
|   2| 61| 160| 13|  84|  0| 118|  1|   118 |     1|       144 |          7|  52|  22|
| 137| 65| 102| 58|  84|  0| 118|  0|   118 |     0|       156 |         12|  65|  13|
| 144|  7| 170| 68|  84|  0| 118|  0|   118 |     0|         2 |         46| 120|  55|
|  52| 92| 152| 18|  84|  0| 118|  0|   118 |     0|        14 |         12|  80|  40|
|  65| 13| 164| 12|  84|  0| 118|  0|   118 |     0|        30 |         16|  63|  17|
| 120| 55| 157|  7|  85|  1| 117|  1|   117 |     1|        52 |         22|  57|   6|
|  14| 94| 153|  4|  86|  1| 117|  0|   117 |     0|        65 |         13| 147|  90|
|  30| 16|  72| 81|  86|  0| 117|  0|   117 |     0|       120 |         55| 159|  12|
|  63| 33|  56| 16|  86|  0| 116|  1|   116 |     1|        80 |         40| 120|  39|
| 159| 96| 196| 60|  86|  0| 116|  0|   116 |     0|        63 |         17| 103|  17|
| 147| 12| 199|  3|  86|  0| 116|  0|   116 |     0|        57 |          6|  93|  10|
|  57| 90|   8|  9|  86|  0| 116|  0|   116 |     0|       147 |         90|  14|  79|
|  80| 23| 185| 23|  86|  0| 115|  1|   115 |     1|       159 |         12| 180|  34|
| 103| 23| 151| 34|  87|  1| 115|  0|   115 |     0|       120 |         39| 170|  10|
|  93| 10| 152|  1|  87|  0| 115|  0|   115 |     0|       103 |         17| 166|   4|
| 120| 27| 147|  5|  87|  0| 115|  0|   115 |     0|        93 |         10| 135|  31|
|  14| 94| 130| 17|  87|  0| 115|  0|   115 |     0|        14 |         79|  58|  77|
| 180| 34|  73| 57|  87|  0| 114|  1|   114 |     1|       180 |         34|   8|  50|
| 170| 10|   8| 65|  87|  0| 114|  0|   114 |     0|       170 |         10|  24|  16|
| 166|  4|  43| 35|  88|  1| 114|  0|   114 |     0|       166 |          4|  60|  36|
| 135| 31|  93| 50|  88|  0| 114|  0|   114 |     0|       135 |         31|  98|  38|
|  58| 77|  57| 36|  88|  0| 114|  0|   114 |     0|        58 |         77| 183|  85|
|   8| 50| 199| 58|  89|  1| 113|  1|   113 |     1|         8 |         50| 197|  14|
|  98| 90| 191|  8|  89|  0| 113|  0|   113 |     0|        24 |         16| 200|   3|
|  24| 74| 103| 88|  89|  0| 113|  0|   113 |     0|        60 |         36| 167|  33|
| 183| 41| 184| 81|  89|  0| 112|  1|   112 |     1|        98 |         38| 140|  27|
| 197| 14| 151| 33|  90|  1| 112|  0|   112 |     0|       183 |         85|  69|  71|
|  60| 63|  32| 81|  90|  0| 112|  0|   112 |     0|       197 |         14|  44|  25|
| 200| 60|  66| 34|  90|  0| 112|  0|   112 |     0|       200 |          3|  69|  25|
|  44| 44| 148| 82|  90|  0| 112|  0|   112 |     0|       167 |         33|  94|  25|
|  69| 25| 180| 32|  91|  1| 111|  1|   111 |     1|       140 |         27| 139|  45|
| 140| 71| 199| 19|  91|  0| 111|  0|   111 |     0|        69 |         71| 163|  24|
| 167| 27| 189| 10|  91|  0| 111|  0|   111 |     0|        44 |         25|  25|  62|
|  69| 98| 101| 88|  91|  0| 111|  0|   111 |     0|        69 |         25|  68|  43|
| 163| 94| 102|  1|  92|  1| 111|  0|   111 |     0|        94 |         25| 105|  37|
| 139| 24| 200| 98|  92|  0| 111|  0|   111 |     0|       139 |         45| 107|   2|
|  94| 45| 121| 79|  92|  0| 110|  1|   110 |     1|       163 |         24| 126|  19|
|  25| 69| 103| 18|  92|  0| 110|  0|   110 |     0|        25 |         62| 179|  53|
| 105| 80|  98|  5|  93|  1| 110|  0|   110 |     0|        68 |         43| 167|  12|
| 107|  2| 133| 35|  93|  0| 110|  0|   110 |     0|       105 |         37| 137|  30|
| 179| 72|  48| 85|  93|  0| 110|  0|   110 |     0|       107 |          2| 108|  29|
|  68| 89|  58| 10|  93|  0| 110|  0|   110 |     0|       126 |         19|  89|  19|
| 126| 58|  50|  8|  93|  0| 110|  0|   110 |     0|       179 |         53| 197|  92|
| 137| 11| 140| 90|  93|  0| 110|  0|   110 |     0|       167 |         12| 195|   2|
| 167| 30|  49| 91|  93|  0| 110|  0|   110 |     0|       137 |         30| 192|   3|
| 108| 59| 121| 72|  94|  1| 110|  0|   110 |     0|       108 |         29| 161|  31|
|  89| 19| 162| 41|  94|  0| 109|  1|   109 |     1|        89 |         19| 156|   5|
| 197| 92|  12| 50|  95|  1| 109|  0|   109 |     0|       197 |         92|  19|  63|
| 192|  5| 188| 24|  95|  0| 109|  0|   109 |     0|       195 |          2|  81|  62|
| 156| 36|  23| 35|  95|  0| 109|  0|   109 |     0|       192 |          3| 148|  67|
| 161|  5|  15|  8|  95|  0| 108|  1|   108 |     1|       161 |         31| 154|   6|
| 195| 34|  72| 57|  95|  0| 108|  0|   108 |     0|       156 |          5| 173|  19|
|  19| 24|  40| 32|  95|  0| 108|  0|   108 |     0|        19 |         63|   7|  34|
| 148| 71|  64| 24|  95|  0| 108|  0|   108 |     0|        81 |         62|  38|  31|
|   7| 59| 187| 77|  95|  0| 108|  0|   108 |     0|       148 |         67|  58|  20|
| 173| 34| 189|  2|  95|  0| 108|  0|   108 |     0|       154 |          6| 126|  68|
| 154| 19| 189|  0|  96|  1| 107|  1|   107 |     1|       173 |         19| 144|  18|
|  81| 73| 128| 61|  96|  0| 107|  0|   107 |     0|         7 |         34|   3|  59|
|  58| 23| 103| 25|  96|  0| 107|  0|   107 |     0|        38 |         31|  24|  21|
| 126| 68| 111|  8|  96|  0| 107|  0|   107 |     0|        58 |         20|  24|   0|
|   3| 77| 141| 30|  96|  0| 107|  0|   107 |     0|       126 |         68| 114|  90|
| 144| 59|  45| 96|  96|  0| 106|  1|   106 |     1|       144 |         18| 179|  65|
|  38| 94| 138| 93|  96|  0| 106|  0|   106 |     0|         3 |         59| 198|  19|
|  24| 14| 176| 38|  97|  1| 106|  0|   106 |     0|        24 |         21| 180|  18|
| 198| 26|   2| 26|  97|  0| 105|  1|   105 |     1|        24 |          0|  89|  91|
|  24| 26| 139| 63|  97|  0| 105|  0|   105 |     0|       114 |         90|  70|  19|
| 114| 90|  20| 81|  97|  0| 105|  0|   105 |     0|       179 |         65|  51|  19|
| 179| 65|  58| 38|  97|  0| 104|  1|   104 |     1|       198 |         19|  33|  18|
|  89| 90|  39| 19|  97|  0| 104|  0|   104 |     0|       180 |         18|  38|   5|
|  70| 19| 159| 80|  97|  0| 104|  0|   104 |     0|        89 |         91|  43|   5|
|  33| 37| 173| 14|  98|  1| 104|  0|   104 |     0|        70 |         19| 114|  71|
|  51| 18|  26| 53|  98|  0| 104|  0|   104 |     0|        51 |         19| 148|  34|
| 180| 71| 143| 83|  98|  0| 104|  0|   104 |     0|        33 |         18| 165|  17|
| 148| 32| 151|  8|  98|  0| 104|  0|   104 |     0|        38 |          5| 147|  18|
| 114| 34|   2| 51|  98|  0| 103|  1|   103 |     1|        43 |          5|  73|  74|
|  43| 71| 189| 13|  98|  0| 103|  0|   103 |     0|       114 |         71|  41|  32|
| 165| 78|  98| 91|  99|  1| 103|  0|   103 |     0|       148 |         34| 188|  53|
|  38| 73| 110| 12|  99|  0| 103|  0|   103 |     0|       165 |         17| 194|   6|
|  73| 35| 115|  5|  99|  0| 103|  0|   103 |     0|       147 |         18| 115|  79|
| 194| 79| 111|  4|  99|  0| 103|  0|   103 |     0|        73 |         74| 111|   4|
| 188|  6|  72| 39| 100|  1| 102|  1|   102 |     1|        41 |         32|  72|  39|
|  41| 53|   9| 63| 100|  0| 102|  0|   102 |     0|       188 |         53|   9|  63|
| 147| 94|   6|  3| 100|  0| 102|  0|   102 |     0|       194 |          6|   6|   3|
|   6| 59| 147| 59| 101|  1| 101|  1|   101 |     1|       115 |         79|  98|  92|
|   9|  3|  41| 94| 101|  0| 101|  0|   101 |     0|       111 |          4| 110|  12|
|  72| 63| 188| 53| 101|  0| 101|  0|   101 |     0|        72 |         39| 151|  41|
| 111| 39| 194|  6| 101|  0| 101|  0|   101 |     0|         9 |         63| 189|  38|
| 115|  4|  73| 79| 102|  1| 100|  1|   100 |     1|         6 |          3|   2|  13|
| 110|  5|  38| 35| 102|  0| 100|  0|   100 |     0|        98 |         92|  26|  24|
|  98| 12| 165| 73| 102|  0| 100|  0|   100 |     0|       110 |         12|  39|  13|
| 189| 91|  43| 78| 103|  1|  99|  1|    99 |     1|       151 |         41| 143|  96|
|   2| 13| 114| 71| 103|  0|  99|  0|    99 |     0|       189 |         38| 159|  16|
| 151| 51| 148| 34| 103|  0|  99|  0|    99 |     0|         2 |         13| 173|  14|
| 143|  8| 180| 32| 103|  0|  99|  0|    99 |     0|        26 |         24| 139|  34|
|  26| 83|  51| 71| 103|  0|  98|  1|    98 |     1|        39 |         13|  58|  81|
| 173| 53|  33| 18| 103|  0|  98|  0|    98 |     0|       143 |         96|  20|  38|
| 159| 14|  70| 37| 104|  1|  98|  0|    98 |     0|       159 |         16|   2|  18|
|  39| 80|  89| 19| 104|  0|  98|  0|    98 |     0|       173 |         14| 176|  26|
|  58| 19| 179| 90| 104|  0|  98|  0|    98 |     0|       139 |         34| 141|  35|
|  20| 38| 114| 65| 104|  0|  98|  0|    98 |     0|        58 |         81| 138|   3|
| 139| 81|  24| 90| 104|  0|  97|  1|    97 |     1|        20 |         38| 111|  27|
|   2| 63| 198| 26| 104|  0|  97|  0|    97 |     0|         2 |         18| 103|   8|
| 176| 26|  24| 26| 104|  0|  97|  0|    97 |     0|       176 |         26|  45|  58|
| 138| 38|  38| 14| 105|  1|  97|  0|    97 |     0|       141 |         35|  64|  19|
|  45| 93| 144| 94| 105|  0|  97|  0|    97 |     0|       138 |          3| 128|  64|
| 141| 96|   3| 59| 105|  0|  97|  0|    97 |     0|       111 |         27| 187|  59|
| 111| 30| 126| 77| 106|  1|  97|  0|    97 |     0|       103 |          8| 189|   2|
| 103|  8|  58| 68| 106|  0|  96|  1|    96 |     1|        45 |         58| 189|   0|
| 128| 25|  81| 23| 106|  0|  96|  0|    96 |     0|        64 |         19| 188|   1|
| 189| 61| 154| 73| 107|  1|  96|  0|    96 |     0|       128 |         64|  72|  84|
| 189|  0| 173| 19| 107|  0|  96|  0|    96 |     0|       187 |         59|  40|  32|
| 187|  2|   7| 34| 107|  0|  96|  0|    96 |     0|       189 |          2|  23|  17|
|  64| 77| 148| 59| 107|  0|  96|  0|    96 |     0|       189 |          0|  15|   8|
|  40| 24|  19| 71| 107|  0|  96|  0|    96 |     0|       188 |          1|  12|   3|
|  72| 32| 195| 24| 108|  1|  95|  1|    95 |     1|        72 |         84|  49|  37|
|  15| 57| 161| 34| 108|  0|  95|  0|    95 |     0|        40 |         32| 121|  72|
|  23|  8| 156|  5| 108|  0|  95|  0|    95 |     0|        23 |         17| 140|  19|
| 188| 35| 192| 36| 108|  0|  95|  0|    95 |     0|        15 |          8| 162|  22|
|  12| 24| 197|  5| 108|  0|  95|  0|    95 |     0|        12 |          3| 133|  29|
| 162| 50|  89| 92| 108|  0|  95|  0|    95 |     0|        49 |         37|  98|  35|
| 121| 41| 108| 19| 109|  1|  95|  0|    95 |     0|       121 |         72|  58|  40|
|  49| 72| 167| 59| 109|  0|  95|  0|    95 |     0|       140 |         19|  50|   8|
| 140| 91| 137| 30| 109|  0|  95|  0|    95 |     0|       162 |         22|  48|   2|
|  50| 90| 126| 11| 109|  0|  94|  1|    94 |     1|       133 |         29| 101|  53|
|  58|  8|  68| 58| 110|  1|  94|  0|    94 |     0|        98 |         35| 102|   1|
|  48| 10| 179| 89| 110|  0|  93|  1|    93 |     1|        58 |         40| 103|   1|
| 133| 85| 107| 72| 110|  0|  93|  0|    93 |     0|        50 |          8| 121|  18|
|  98| 35| 105|  2| 110|  0|  93|  0|    93 |     0|        48 |          2| 200|  79|
| 103|  5|  25| 80| 110|  0|  93|  0|    93 |     0|       101 |         53| 199|   1|
| 121| 18|  94| 69| 110|  0|  93|  0|    93 |     0|       102 |          1| 189|  10|
| 200| 79| 139| 45| 110|  0|  93|  0|    93 |     0|       103 |          1| 180|   9|
| 102| 98| 163| 24| 110|  0|  93|  0|    93 |     0|       121 |         18| 148|  32|
| 101|  1|  69| 94| 110|  0|  92|  1|    92 |     1|       200 |         79|  66|  82|
| 189| 88| 167| 98| 110|  0|  92|  0|    92 |     0|       199 |          1|  32|  34|
| 199| 10| 140| 27| 111|  1|  92|  0|    92 |     0|       189 |         10| 103|  71|
| 180| 19|  69| 71| 111|  0|  92|  0|    92 |     0|       180 |          9| 151|  48|
| 148| 32|  44| 25| 111|  0|  91|  1|    91 |     1|       148 |         32| 184|  33|
|  66| 82| 200| 44| 111|  0|  91|  0|    91 |     0|        66 |         82| 191|   7|
|  32| 34|  60| 60| 111|  0|  91|  0|    91 |     0|        32 |         34| 199|   8|
| 151| 81| 197| 63| 111|  0|  91|  0|    91 |     0|       103 |         71|  93|  94|
| 184| 33| 183| 14| 112|  1|  90|  1|    90 |     1|       151 |         48|  57|  36|
| 103| 81|  24| 41| 112|  0|  90|  0|    90 |     0|       184 |         33|  43|  14|
| 191| 88|  98| 74| 112|  0|  90|  0|    90 |     0|       191 |          7|   8|  35|
| 199|  8|   8| 90| 112|  0|  90|  0|    90 |     0|       199 |          8|  73|  65|
|  57| 58|  58| 50| 112|  0|  89|  1|    89 |     1|        93 |         94| 130|  57|
|  93| 36| 135| 77| 113|  1|  89|  0|    89 |     0|        57 |         36| 147|  17|
|  43| 50| 166| 31| 113|  0|  89|  0|    89 |     0|        43 |         14| 151|   4|
|   8| 35| 170|  4| 113|  0|  89|  0|    89 |     0|         8 |         35| 152|   1|
|  73| 65| 180| 10| 114|  1|  88|  1|    88 |     1|        73 |         65| 185|  33|
| 130| 57|  14| 34| 114|  0|  88|  0|    88 |     0|       130 |         57| 196|  11|
| 147| 17| 120| 94| 114|  0|  88|  0|    88 |     0|       147 |         17| 199|   3|
| 152|  5|  93| 27| 114|  0|  87|  1|    87 |     1|       151 |          4|  56|  57|
| 151|  1| 103| 10| 114|  0|  87|  0|    87 |     0|       152 |          1|   8|  48|
| 185| 34|  80| 23| 115|  1|  87|  0|    87 |     0|       185 |         33|  43|  35|
|   8| 23|  57| 23| 115|  0|  87|  0|    87 |     0|       196 |         11|  58|  15|
| 199|  9| 147| 90| 115|  0|  87|  0|    87 |     0|       199 |          3| 133|  75|
| 196|  3| 159| 12| 115|  0|  87|  0|    87 |     0|        56 |         57| 186|  53|
|  56| 60|  63| 96| 115|  0|  86|  1|    86 |     1|         8 |         48|   3|  17|
|  72| 16|  30| 33| 116|  1|  86|  0|    86 |     0|        72 |         64|  72|  69|
| 153| 81|  14| 16| 116|  0|  86|  0|    86 |     0|       152 |         80| 152|  80|
| 157|  4| 120| 94| 116|  0|  86|  0|    86 |     0|       153 |          1| 153|   1|
| 164|  7|  65| 55| 116|  0|  86|  0|    86 |     0|       157 |          4| 157|   4|
| 152| 12|  52| 13| 117|  1|  86|  0|    86 |     0|       164 |          7| 164|   7|
| 170| 18| 144| 92| 117|  0|  86|  0|    86 |     0|       170 |          6| 170|   6|
| 102| 68| 137|  7| 117|  0|  85|  1|    85 |     1|       160 |         10| 160|  10|
| 160| 58|   2| 65| 118|  1|  84|  1|    84 |     1|       147 |         13| 147|  13|
| 147| 13|  63| 61| 118|  0|  84|  0|    84 |     0|       102 |         45| 102|  45|
|  45| 98| 156| 93| 118|  0|  84|  0|    84 |     0|        45 |         57|  45|  57|
|  91| 46| 104| 52| 118|  0|  84|  0|    84 |     0|        91 |         46|  47|   2|
| 189| 98|  69| 35| 118|  0|  84|  0|    84 |     0|       112 |         21| 134|  87|
| 192|  3|  41| 28| 119|  1|  84|  0|    84 |     0|       189 |         77| 140|   6|
| 200|  8| 137| 96| 120|  1|  84|  0|    84 |     0|       192 |          3| 198|  58|
| 112| 88|  86| 51| 120|  0|  83|  1|    83 |     1|       200 |          8| 199|   1|
| 134| 22| 193| 93| 120|  0|  83|  0|    83 |     0|       199 |          1| 124|  75|
| 198| 64| 127| 66| 120|  0|  83|  0|    83 |     0|       198 |          1|  97|  27|
| 140| 58| 172| 45| 120|  0|  82|  1|    82 |     1|       140 |         58|  70|  27|
|  47| 93| 174|  2| 121|  1|  82|  0|    82 |     0|       134 |          6|  28|  42|
| 199| 48|  90| 84| 121|  0|  82|  0|    82 |     0|        47 |         87|   9|  19|
| 124| 75|  84|  6| 121|  0|  81|  1|    81 |     1|        70 |         23|  61|  52|
|   9| 85|  91|  7| 121|  0|  81|  0|    81 |     0|        97 |         27|  63|   2|
|  28| 19| 124| 33| 121|  0|  80|  1|    80 |     1|       124 |         27|  79|  16|
|  70| 42|  12| 88| 121|  0|  80|  0|    80 |     0|        28 |         96|  99|  20|
|  97| 27| 178| 34| 121|  0|  80|  0|    80 |     0|         9 |         19| 120|  21|
|  61| 36|  87| 91| 121|  0|  80|  0|    80 |     0|        61 |         52| 117|   3|
| 120| 59|  66| 21| 121|  0|  79|  1|    79 |     1|        63 |          2|  46|  71|
|  79| 41|  95| 29| 121|  0|  79|  0|    79 |     0|        79 |         16|  21|  25|
|  99| 20|  24| 71| 122|  1|  79|  0|    79 |     0|        99 |         20| 155|  66|
|  63| 36|  98| 74| 122|  0|  79|  0|    79 |     0|       120 |         21| 198|  43|
| 117| 54|  25| 73| 122|  0|  78|  1|    78 |     1|       117 |          3| 135|  63|
| 155| 38|  41| 16| 123|  1|  78|  0|    78 |     0|        46 |         71| 118|  17|
|  21| 66|  58| 17| 123|  0|  78|  0|    78 |     0|        21 |         25|  60|  58|
| 198| 23|  32| 26| 123|  0|  78|  0|    78 |     0|       155 |         66|  31|  29|
|  46| 48|  21| 11| 123|  0|  78|  0|    78 |     0|       198 |         43|  14|  17|
|  60| 14|  54| 33| 123|  0|  77|  1|    77 |     1|       135 |         63|  15|   1|
|  14| 46| 128| 74| 123|  0|  77|  0|    77 |     0|       118 |         17|  27|  12|
|  31| 17| 109| 19| 123|  0|  77|  0|    77 |     0|        60 |         58| 141|  86|
| 135| 96| 156| 47| 123|  0|  76|  1|    76 |     1|        31 |         29| 143|   2|
| 118| 17| 194| 38| 123|  0|  76|  0|    76 |     0|        14 |         17| 151|   8|
|  27| 91| 100| 94| 123|  0|  76|  0|    76 |     0|        15 |          1|  79|  72|
|  15| 12| 104|  4| 124|  1|  76|  0|    76 |     0|        27 |         12|  61|  18|
| 141| 74|  11| 93| 124|  0|  76|  0|    76 |     0|       141 |         86|  44|  17|
| 143|  2|  71| 60| 124|  0|  75|  1|    75 |     1|       143 |          2| 157|  87|
| 151|  8| 182| 89| 124|  0|  75|  0|    75 |     0|       151 |          8| 199|  42|
|  79| 72|  18| 36| 124|  0|  75|  0|    75 |     0|        79 |         72| 187|  12|
| 157| 78| 128| 90| 124|  0|  74|  1|    74 |     1|        61 |         18| 150|  37|
|  44| 87|  76| 52| 124|  0|  74|  0|    74 |     0|        44 |         17|  77|  73|
|  61| 17|   9| 67| 125|  1|  74|  0|    74 |     0|       157 |         87|  25|  52|
| 199| 62| 160| 49| 125|  0|  74|  0|    74 |     0|       199 |         42|   9|  16|
|  77| 78|  67| 93| 126|  1|  74|  0|    74 |     0|       187 |         12|   9|   0|
| 187| 90|  70|  3| 126|  0|  74|  0|    74 |     0|       150 |         37|  34|  25|
|  25| 38| 116| 46| 126|  0|  74|  0|    74 |     0|        77 |         73|  74|  40|
|   9| 16|  55| 61| 126|  0|  74|  0|    74 |     0|        25 |         52|  76|   2|
| 150| 59|  62|  7| 126|  0|  74|  0|    74 |     0|         9 |         16|  85|   9|
|  34| 84|  50| 12| 127|  1|  73|  1|    73 |     1|         9 |          0|  43|  42|
|  85| 51| 127| 77| 127|  0|  73|  0|    73 |     0|        34 |         25|   2|  41|
|   9| 76| 185| 58| 127|  0|  73|  0|    73 |     0|        74 |         40| 121|  81|
|  76| 67| 126| 59| 127|  0|  73|  0|    73 |     0|        76 |          2| 176|  55|
|  74|  2|  76| 50| 127|  0|  72|  1|    72 |     1|        85 |          9| 187|  11|
|   2| 72|   9| 67| 127|  0|  72|  0|    72 |     0|        43 |         42| 156|  31|
|  43| 41| 145| 64| 127|  0|  72|  0|    72 |     0|         2 |         41|  84|  72|
| 187| 56| 155| 10| 127|  0|  72|  0|    72 |     0|       121 |         81|  10|  74|
| 176| 11|  57| 98| 128|  1|  72|  0|    72 |     0|       176 |         55| 188|  22|
| 121| 55|  27| 30| 128|  0|  72|  0|    72 |     0|       187 |         11| 196|   8|
| 156| 35|  72| 45| 128|  0|  71|  1|    71 |     1|       156 |         31| 147|  49|
|  84| 72|  79|  7| 128|  0|  71|  0|    71 |     0|        84 |         72| 116|  31|
|  10| 74|  20| 59| 128|  0|  71|  0|    71 |     0|        10 |         74| 104|  12|
| 188| 22| 138| 82| 128|  0|  71|  0|    71 |     0|       188 |         22|  39|  65|
| 196|  8| 123| 15| 128|  0|  71|  0|    71 |     0|       196 |          8|  22|  17|
| 116| 80|  66| 57| 128|  0|  71|  0|    71 |     0|       147 |         49|  51|  29|
|  39| 77| 130| 64| 128|  0|  71|  0|    71 |     0|       116 |         31|  99|  48|
| 147| 92|   2| 72| 128|  0|  70|  1|    70 |     1|       104 |         12| 157|  58|
|  22| 75| 190| 12| 128|  0|  70|  0|    70 |     0|        39 |         65| 169|  12|
| 104| 82|   9| 19| 129|  1|  70|  0|    70 |     0|        22 |         17|   6|  37|
| 169| 65| 127| 82| 129|  0|  70|  0|    70 |     0|        51 |         29|  26|  20|
|  51| 82| 194| 67| 129|  0|  70|  0|    70 |     0|        99 |         48|  59|  33|
| 157| 94| 110| 84| 129|  0|  70|  0|    70 |     0|       157 |         58| 104|  45|
|   6| 49| 196| 86| 129|  0|  69|  1|    69 |     1|       169 |         12| 128|  24|
|  99| 93| 131| 65| 129|  0|  69|  0|    69 |     0|         6 |         37| 180|  52|
| 128| 29| 186| 55| 130|  1|  69|  0|    69 |     0|        26 |         20| 147|  33|
| 180| 52|   3| 17| 130|  0|  69|  0|    69 |     0|        59 |         33| 141|   6|
|  26| 46| 133| 70| 130|  0|  69|  0|    69 |     0|       104 |         45| 115|  26|
|  59| 33|  58| 75| 131|  1|  69|  0|    69 |     0|       128 |         24|  74|  41|
| 104| 45|  43| 15| 131|  0|  69|  0|    69 |     0|       180 |         52|  38|  36|
|  74| 30|  92| 49| 131|  0|  68|  1|    68 |     1|       147 |         33|  38|   0|
| 141| 67| 137| 45| 131|  0|  68|  0|    68 |     0|       141 |          6|  49|  11|
| 115| 26| 166| 29| 131|  0|  68|  0|    68 |     0|       115 |         26| 123|  74|
| 147| 32|  78| 88| 132|  1|  68|  0|    68 |     0|        74 |         41| 184|  61|
|  38| 91|  72|  6| 132|  0|  68|  0|    68 |     0|        38 |         36|  32|  48|
| 123| 85| 161| 89| 132|  0|  67|  1|    67 |     1|        38 |          0|  34|   2|
|  32| 91| 199| 38| 132|  0|  67|  0|    67 |     0|        49 |         11|  36|   2|
|  38|  6| 138| 61| 133|  1|  67|  0|    67 |     0|       123 |         74| 104|  68|
| 184| 54|  13| 75| 133|  0|  67|  0|    67 |     0|       184 |         61| 198|  94|
|  49| 65|  11|  2| 133|  0|  67|  0|    67 |     0|        32 |         48|  31|  33|
| 198| 51|  96| 85| 133|  0|  66|  1|    66 |     1|        34 |          2| 111|  80|
|  31| 33| 108| 12| 133|  0|  66|  0|    66 |     0|        36 |          2| 117|   6|
|  34|  3|  50| 58| 133|  0|  66|  0|    66 |     0|       104 |         68| 118|   1|
|  36|  2| 179| 71| 133|  0|  66|  0|    66 |     0|       198 |         94|  17|  99|
| 104| 68| 143| 36| 134|  1|  66|  0|    66 |     0|        31 |         33|   4|  13|
| 111|  7| 123| 20| 134|  0|  65|  1|    65 |     1|       111 |         80|  57|  53|
| 117|  6| 179| 56| 135|  1|  65|  0|    65 |     0|       117 |          6|  62|   5|
| 118|  1| 158| 21| 135|  0|  65|  0|    65 |     0|       118 |          1|  77|  15|
|  17| 99|  68| 90| 135|  0|  65|  0|    65 |     0|        17 |         99|  82|   5|
|   4| 13|  17| 51| 135|  0|  65|  0|    65 |     0|         4 |         13|  88|   6|
|  77| 73| 172| 45| 135|  0|  64|  1|    64 |     1|        57 |         53| 154|  66|
|  57| 20|  89| 83| 135|  0|  64|  0|    64 |     0|        62 |          5| 174|  20|
|  62|  5|  87|  2| 135|  0|  64|  0|    64 |     0|        77 |         15|  81|  93|
|  82| 20|  34| 53| 135|  0|  64|  0|    64 |     0|        82 |          5|  11|  70|
|  88|  6|  49| 15| 136|  1|  64|  0|    64 |     0|        88 |          6|   6|   5|
| 154| 66|  93| 44| 137|  1|  63|  1|    63 |     1|       154 |         66|   8|   2|
|   6| 52|  74| 19| 137|  0|  63|  0|    63 |     0|       174 |         20|  11|   3|
|  11|  5| 166| 92| 137|  0|  63|  0|    63 |     0|        81 |         93|  75|  64|
| 174| 37|  51| 85| 137|  0|  63|  0|    63 |     0|        11 |         70|  96|  21|
|  81| 93|  63| 12| 137|  0|  63|  0|    63 |     0|         6 |          5|  97|   1|
|  96| 15| 128| 65| 138|  1|  63|  0|    63 |     0|         8 |          2| 100|   3|
|   8| 88|   7| 79| 138|  0|  62|  1|    62 |     1|        11 |          3| 129|  29|
|  97| 89| 145| 62| 138|  0|  62|  0|    62 |     0|        75 |         64| 142|  13|
|  75| 22| 122| 23| 138|  0|  62|  0|    62 |     0|        96 |         21|  71|  71|
|  11| 64| 107| 15| 138|  0|  61|  1|    61 |     1|        97 |          1|  18|  53|
| 142| 69|  31| 76| 138|  0|  61|  0|    61 |     0|       100 |          3|  63|  45|
|  71| 71| 123| 92| 139|  1|  61|  0|    61 |     0|       129 |         29|  71|   8|
|  18| 53| 168| 45| 139|  0|  61|  0|    61 |     0|       142 |         13|  92|  21|
| 129| 89|  96| 72| 139|  0|  61|  0|    61 |     0|        71 |         71| 172|  80|
| 100| 29| 177| 81| 139|  0|  61|  0|    61 |     0|        18 |         53| 173|   1|
| 172| 72| 110| 67| 140|  1|  60|  1|    60 |     1|        63 |         45| 169|   4|
|  71| 99|  61| 49| 140|  0|  60|  0|    60 |     0|        71 |          8| 112|  57|
|  92| 21| 156| 95| 140|  0|  60|  0|    60 |     0|        92 |         21|  52|  60|
|  63| 29| 162|  6| 140|  0|  60|  0|    60 |     0|       172 |         80|  33|  19|
| 173| 90|  95| 67| 140|  0|  59|  1|    59 |     1|       173 |          1|  29|   4|
| 169|  4|  19| 76| 140|  0|  59|  0|    59 |     0|       169 |          4|  51|  22|
|  52| 83|  40| 21| 141|  1|  59|  0|    59 |     0|       112 |         57| 118|  67|
|  33| 19|  80| 40| 141|  0|  59|  0|    59 |     0|        52 |         60| 134|  16|
|  29|  4|  55| 25| 141|  0|  58|  1|    58 |     1|        33 |         19| 174|  40|
| 112| 83|  70| 15| 141|  0|  58|  0|    58 |     0|        29 |          4| 199|  25|
| 134| 22| 195| 75| 141|  0|  58|  0|    58 |     0|        51 |         22| 142|  57|
| 174| 40|  84| 89| 142|  1|  58|  0|    58 |     0|       118 |         67|  47|  95|
| 199| 25|  40| 44| 142|  0|  58|  0|    58 |     0|       134 |         16|  46|   1|
| 118| 81|  86| 46| 142|  0|  58|  0|    58 |     0|       174 |         40|  36|  10|
|  51| 67|  48| 38| 143|  1|  58|  0|    58 |     0|       199 |         25|  14|  22|
|  14| 37| 188| 60| 143|  0|  58|  0|    58 |     0|       142 |         57|  54|  40|
|  46| 32|  16| 28| 143|  0|  57|  1|    57 |     1|        47 |         95|  96|  42|
|  47|  1|  70| 54| 143|  0|  57|  0|    57 |     0|        46 |          1|  97|   1|
| 142| 95|   2| 68| 143|  0|  57|  0|    57 |     0|        36 |         10| 163|  66|
|  36| 94|  83| 81| 143|  0|  57|  0|    57 |     0|        14 |         22| 168|   5|
| 163| 73|   5| 78| 143|  0|  57|  0|    57 |     0|        54 |         40| 133|  35|
| 168|  5|  86| 81| 143|  0|  57|  0|    57 |     0|        96 |         42| 127|   6|
|  54| 86|  71| 15| 144|  1|  57|  0|    57 |     0|        97 |          1|   6|  79|
|  96| 42|  57| 14| 144|  0|  57|  0|    57 |     0|       163 |         66| 170|  36|
|  97|  1| 189| 68| 144|  0|  57|  0|    57 |     0|       168 |          5| 180|  10|
| 133| 36| 124| 65| 144|  0|  56|  1|    56 |     1|       133 |         35| 180|   0|
|   6| 73| 115|  9| 144|  0|  56|  0|    56 |     0|       127 |          6| 127|  53|
| 170| 36|  93| 22| 145|  1|  55|  1|    55 |     1|         6 |         79| 111|  16|
| 127| 43| 199| 94| 145|  0|  55|  0|    55 |     0|       170 |         36|  84|  27|
| 180| 53|  76| 77| 145|  0|  55|  0|    55 |     0|       180 |         10|  52|  32|
| 111| 69| 106| 30| 145|  0|  55|  0|    55 |     0|       180 |          0|  71|  19|
|  52| 59| 128| 22| 146|  1|  55|  0|    55 |     0|       127 |         53| 120|  49|
| 180| 72|  68| 60| 147|  1|  55|  0|    55 |     0|       111 |         16| 135|  15|
|  84| 96|  22| 46| 147|  0|  55|  0|    55 |     0|        84 |         27| 153|  18|
| 127| 43|  53| 31| 147|  0|  55|  0|    55 |     0|        52 |         32| 194|  41|
| 120|  7| 177| 76| 147|  0|  55|  0|    55 |     0|        71 |         19| 192|   2|
| 194| 74| 128| 49| 147|  0|  54|  1|    54 |     1|       120 |         49| 189|   3|
|  71| 77| 101| 27| 147|  0|  54|  0|    54 |     0|       135 |         15| 112|  77|
| 153| 82|  58| 43| 147|  0|  53|  1|    53 |     1|       153 |         18|  91|  21|
| 135| 18|  90| 32| 147|  0|  53|  0|    53 |     0|       194 |         41| 200|  91|
|  27| 92| 159| 69| 147|  0|  53|  0|    53 |     0|       173 |         21| 159|  41|
| 173| 54|  65| 94| 147|  0|  53|  0|    53 |     0|       173 |          0| 149|  10|
|  31| 58| 114| 49| 148|  1|  53|  0|    53 |     0|        41 |         68| 140|   9|
| 173| 58|  22| 92| 148|  0|  52|  1|    52 |     1|        31 |         10|  45|  95|
|  41| 68|  70| 48| 148|  0|  52|  0|    52 |     0|        27 |          4|  29|  16|
| 159| 82| 176| 94| 148|  0|  52|  0|    52 |     0|        29 |          2|  27|   2|
|  29| 70|  86| 90| 148|  0|  52|  0|    52 |     0|        45 |         16|  31|   4|
| 149| 80|  78|  8| 148|  0|  51|  1|    51 |     1|       140 |         95|  41|  10|
|  45| 96| 166| 88| 148|  0|  51|  0|    51 |     0|       149 |          9| 173|  68|
| 140| 95|  69| 97| 148|  0|  51|  0|    51 |     0|       159 |         10| 173|   0|
| 106| 34|  68|  1| 148|  0|  51|  0|    51 |     0|       149 |         10| 149|  24|
|  86| 20|  18| 50| 149|  1|  51|  0|    51 |     0|       106 |         43| 106|  43|
|  60| 26| 128| 90| 149|  0|  51|  0|    51 |     0|        86 |         20|  86|  20|
|  13| 47|  66| 62| 149|  0|  50|  1|    50 |     1|        60 |         26|  60|  26|
| 149| 64|  51| 15| 149|  0|  50|  0|    50 |     0|        13 |         47|  13|  47|
| 181| 32| 180| 71| 149|  0|  50|  0|    50 |     0|        32 |         19|  32|  19|
|  50| 69|  17| 37| 150|  1|  50|  0|    50 |     0|        50 |         18|  50|  18|
|  32| 18| 170| 47| 150|  0|  50|  0|    50 |     0|       179 |         71| 179|  71|
| 179| 53|  48| 78| 151|  1|  49|  1|    49 |     1|       181 |          2| 181|   2|
|   4| 25|  13| 35| 151|  0|  49|  0|    49 |     0|         4 |         23|   4|  23|
|   5|  1| 170| 43| 151|  0|  49|  0|    49 |     0|         5 |          1|   5|   1|
| 164| 41|  42| 72| 151|  0|  49|  0|    49 |     0|        16 |         11|  16|  11|
|  16| 52| 186| 56| 151|  0|  48|  1|    48 |     1|        45 |         29|  45|  29|
| 144| 72| 108| 78| 151|  0|  48|  0|    48 |     0|       144 |         99| 144|  99|
|  45| 99|  11| 97| 152|  1|  48|  0|    48 |     0|       164 |         20| 164|  20|
|  21| 24| 138| 73| 152|  0|  48|  0|    48 |     0|       159 |          5| 159|   5|
| 151| 70| 129|  9| 153|  1|  47|  1|    47 |     1|       151 |          8| 151|   8|
|  98| 53|  75| 54| 153|  0|  47|  0|    47 |     0|        98 |         53|  98|  53|
| 159| 61| 109| 34| 153|  0|  46|  1|    46 |     1|        21 |         77|  21|  77|
| 177| 18| 163| 54| 153|  0|  46|  0|    46 |     0|       177 |         44| 177|  44|
|  99| 78| 131| 32| 153|  0|  46|  0|    46 |     0|       169 |          8| 169|   8|
|  82| 17| 192| 61| 153|  0|  46|  0|    46 |     0|       145 |         24| 145|  24|
|  50| 32|  35| 43| 154|  1|  46|  0|    46 |     0|        99 |         46|  99|  46|
| 145| 95|  55| 20| 154|  0|  45|  1|    45 |     1|        82 |         17|  82|  17|
| 169| 24|  61|  6| 155|  1|  45|  0|    45 |     0|        50 |         32|  50|  32|
| 171|  2|  57|  4| 155|  0|  45|  0|    45 |     0|        57 |          7|  57|   7|
| 116| 55|  67| 10| 155|  0|  45|  0|    45 |     0|       103 |         46| 103|  46|
| 103| 13| 130| 63| 155|  0|  45|  0|    45 |     0|       110 |          7| 110|   7|
| 110|  7|  31| 99| 155|  0|  44|  1|    44 |     1|       116 |          6| 116|   6|
|  57| 53| 156| 75| 156|  1|  44|  0|    44 |     0|       171 |         55| 171|  55|
| 182| 75|  72| 84| 156|  0|  44|  0|    44 |     0|       171 |          0| 135|  36|
|  67| 85| 127| 55| 156|  0|  44|  0|    44 |     0|       182 |         11| 128|   7|
|  32| 35|  37| 90| 156|  0|  43|  1|    43 |     1|        89 |         93| 112|  16|
|  89| 57| 198| 39| 156|  0|  43|  0|    43 |     0|        67 |         22|  44|  68|
| 171| 82|  43| 45| 156|  0|  43|  0|    43 |     0|        32 |         35|   8|  36|
| 112| 59|  28| 15| 156|  0|  43|  0|    43 |     0|        44 |         12|  93|  85|
| 128| 16| 109| 81| 156|  0|  43|  0|    43 |     0|       112 |         68| 149|  56|
| 135|  7|  86| 23| 156|  0|  43|  0|    43 |     0|       128 |         16| 171|  22|
|   8| 73| 187| 99| 156|  0|  43|  0|    43 |     0|       135 |          7| 186|  15|
|  44| 36|  87|100| 156|  0|  42|  1|    42 |     1|         8 |         73| 186|   0|
| 149| 95| 148| 61| 156|  0|  41|  1|    41 |     1|        93 |         85| 181|   5|
| 186| 37|  95| 53| 157|  1|  41|  0|    41 |     0|       149 |         56| 150|  31|
|  93| 93| 100|  5| 157|  0|  41|  0|    41 |     0|       171 |         22| 122|  28|
| 186| 93| 181| 81| 157|  0|  41|  0|    41 |     0|       186 |         15| 107|  15|
| 171| 15|  37| 56| 158|  1|  41|  0|    41 |     0|       186 |          0|  25|  82|
|  25| 54| 186| 51| 158|  0|  41|  0|    41 |     0|       181 |          5|  75|  50|
| 181| 44|  84| 98| 158|  0|  41|  0|    41 |     0|       150 |         31| 167|  92|
| 150| 31|  74| 10| 159|  1|  41|  0|    41 |     0|       122 |         28| 177|  10|
| 107| 43|  79|  5| 159|  0|  40|  1|    40 |     1|       107 |         15| 192|  15|
| 122| 15| 110| 31| 159|  0|  40|  0|    40 |     0|        25 |         82|  18|  26|
| 167| 45|   6| 96| 159|  0|  40|  0|    40 |     0|        75 |         50|  53|  35|
| 177| 10| 135| 71| 159|  0|  40|  0|    40 |     0|       167 |         92|  95|  42|
|  75| 98|  11| 76| 159|  0|  40|  0|    40 |     0|       177 |         10| 140|  45|
|  18| 57|  90| 79| 159|  0|  40|  0|    40 |     0|       192 |         15| 168|  28|
| 192| 26|  11| 79| 160|  1|  40|  0|    40 |     0|        18 |         26| 184|  16|
| 168| 24| 131| 80| 160|  0|  39|  1|    39 |     1|        53 |         35| 147|  37|
|  53| 85| 141| 10| 160|  0|  39|  0|    39 |     0|        95 |         42| 114|  33|
| 184| 69|  65| 76| 160|  0|  39|  0|    39 |     0|       140 |         45| 110|   4|
|  95| 89| 180| 85| 161|  1|  39|  0|    39 |     0|       168 |         28|  33|  77|
| 140| 45| 155| 25| 161|  0|  38|  1|    38 |     1|       184 |         16|  28|   5|
| 114| 26| 168| 13| 161|  0|  38|  0|    38 |     0|       147 |         37|  93|  65|
|  33| 81|  17| 49| 162|  1|  38|  0|    38 |     0|       114 |         33| 128|  35|
| 147| 86| 113| 96| 162|  0|  38|  0|    38 |     0|       110 |          4| 153|  25|
| 110| 37|   2| 89| 162|  0|  38|  0|    38 |     0|        33 |         77| 188|  35|
|  28| 82| 135| 67| 162|  0|  37|  1|    37 |     1|        28 |          5| 198|  10|
| 198| 30| 160| 25| 162|  0|  37|  0|    37 |     0|        93 |         65| 143|  55|
| 153| 45| 121| 39| 163|  1|  37|  0|    37 |     0|       128 |         35| 129|  14|
| 188| 35|  16| 95| 163|  0|  37|  0|    37 |     0|       153 |         25| 127|   2|
|  93| 95| 172| 44| 163|  0|  37|  0|    37 |     0|       188 |         35|  83|  44|
| 128| 35|  13| 41| 163|  0|  37|  0|    37 |     0|       198 |         10|  30|  53|
|  30| 98|  40| 27| 163|  0|  37|  0|    37 |     0|       143 |         55| 129|  99|
| 129| 99|  43|  3| 163|  0|  37|  0|    37 |     0|       129 |         14| 148|  19|
| 143| 14| 156| 87| 164|  1|  36|  1|    36 |     1|       127 |          2| 151|   3|
|  83| 60|   6| 50| 164|  0|  36|  0|    36 |     0|        83 |         44| 169|  18|
| 127| 44|  71| 65| 164|  0|  35|  1|    35 |     1|        30 |         53|  24|  55|
| 151| 24|  61| 10| 164|  0|  34|  1|    34 |     1|       129 |         99|  40|  16|
| 148|  3|  68|  7| 164|  0|  34|  0|    34 |     0|       148 |         19|  74|  34|
| 129| 19|  55| 13| 164|  0|  34|  0|    34 |     0|       151 |          3|  99|  25|
|  24| 95| 133| 78| 165|  1|  34|  0|    34 |     0|       169 |         18| 132|  33|
| 169| 55|   6| 73| 166|  1|  34|  0|    34 |     0|        24 |         55| 172|  40|
|  99| 70|  18| 12| 166|  0|  33|  1|    33 |     1|        40 |         16| 155|  17|
|  74| 25|  73| 55| 166|  0|  33|  0|    33 |     0|        74 |         34| 133|  22|
|  40| 34| 148| 75| 166|  0|  33|  0|    33 |     0|        99 |         25| 124|   9|
| 172| 68|  31| 83| 166|  0|  32|  1|    32 |     1|       132 |         33|  41|  83|
| 132| 40| 193| 38| 167|  1|  32|  0|    32 |     0|       172 |         40|  13|  28|
| 155| 23| 110| 83| 167|  0|  32|  0|    32 |     0|       155 |         17|  37|  24|
|  41| 86|  14| 96| 167|  0|  32|  0|    32 |     0|       133 |         22|  53|  16|
| 133| 92|  59| 45| 167|  0|  32|  0|    32 |     0|       124 |          9| 113|  60|
| 124|  9| 135| 76| 168|  1|  32|  0|    32 |     0|        41 |         83| 124|  11|
|  13| 89|  74| 61| 168|  0|  31|  1|    31 |     1|        13 |         28| 190|  66|
|  53| 40|   7| 67| 168|  0|  31|  0|    31 |     0|        37 |         24| 147|  43|
|  37| 16|  24| 17| 168|  0|  31|  0|    31 |     0|        53 |         16| 110|  37|
| 113| 76|  93| 69| 168|  0|  31|  0|    31 |     0|       113 |         60|  95|  15|
| 190| 77|  40| 53| 168|  0|  31|  0|    31 |     0|       124 |         11|  86|   9|
| 124| 66|  65| 25| 169|  1|  31|  0|    31 |     0|       190 |         66|  57|  29|
|  57| 67|  31| 34| 169|  0|  31|  0|    31 |     0|       147 |         43|  46|  11|
|  86| 29|  32|  1| 169|  0|  30|  1|    30 |     1|       110 |         37|  37|   9|
| 110| 24|  74| 42| 169|  0|  30|  0|    30 |     0|        95 |         15| 124|  87|
|  95| 15|  23| 51| 170|  1|  30|  0|    30 |     0|        86 |          9| 128|   4|
| 147| 52| 190| 33| 170|  0|  29|  1|    29 |     1|        57 |         29| 175|  47|
|  37| 90| 156| 34| 170|  0|  29|  0|    29 |     0|        46 |         11| 182|   7|
|  46|  9|  20| 64| 170|  0|  29|  0|    29 |     0|        37 |          9| 171|  11|
| 128| 82|  10| 10| 170|  0|  29|  0|    29 |     0|       124 |         87|  89|  82|
| 124|  4|   1|  9| 170|  0|  29|  0|    29 |     0|       128 |          4|  67|  22|
| 175| 51|  57| 56| 171|  1|  28|  1|    28 |     1|       175 |         47|  32|  35|
| 143| 32|  94| 37| 171|  0|  28|  0|    28 |     0|       143 |         32|  63|  31|
|  55| 88|  18| 76| 171|  0|  28|  0|    28 |     0|       132 |         11| 118|  55|
| 132| 77| 146| 72| 172|  1|  28|  0|    28 |     0|       110 |         22| 135|  17|
| 110| 22|  46|100| 172|  0|  27|  1|    27 |     1|        97 |         13| 155|  20|
|  97| 13| 179| 67| 172|  0|  27|  0|    27 |     0|        55 |         42|  21|  66|
| 155| 58|  39| 60| 172|  0|  27|  0|    27 |     0|        63 |          8|  55|  34|
| 135| 20|  59| 20| 172|  0|  27|  0|    27 |     0|       118 |         55|  97|  42|
|  21| 86|  26| 33| 173|  1|  26|  1|    26 |     1|       135 |         17| 110|  13|
| 118| 97|  59| 33| 173|  0|  26|  0|    26 |     0|       155 |         20| 132|  22|
|  63| 55|  43| 16| 173|  0|  26|  0|    26 |     0|        21 |         66| 143|  11|
| 142| 79|   7| 36| 173|  0|  26|  0|    26 |     0|        25 |          4| 149|   6|
|  25| 83| 149| 58| 173|  0|  26|  0|    26 |     0|        51 |         26| 163|  14|
|  55| 30| 112| 37| 173|  0|  26|  0|    26 |     0|        55 |          4| 173|  10|
| 164| 91| 123| 11| 174|  1|  25|  1|    25 |     1|       142 |         87| 184|  11|
|  51| 87| 164| 41| 174|  0|  25|  0|    25 |     0|       164 |         22|  25|  41|
| 184| 67|  71| 93| 174|  0|  25|  0|    25 |     0|       173 |          9|  25|   0|
|  25| 41|   6| 65| 174|  0|  25|  0|    25 |     0|       184 |         11|  51|  26|
| 149| 76| 114| 92| 174|  0|  25|  0|    25 |     0|       163 |         21|  55|   4|
| 163| 14| 140| 26| 175|  1|  25|  0|    25 |     0|       149 |         14| 142|  87|
| 173| 10| 131|  9| 175|  0|  25|  0|    25 |     0|        25 |         76| 164|  22|
|  74| 99| 105| 26| 175|  0|  25|  0|    25 |     0|        74 |         49| 153|  11|
| 153| 79| 131| 26| 176|  1|  24|  1|    24 |     1|        78 |          4| 125|  28|
| 125| 28|  46| 85| 176|  0|  24|  0|    24 |     0|        96 |         18|  96|  29|
|  78| 47| 111| 65| 176|  0|  24|  0|    24 |     0|       125 |         29|  78|  18|
|  96| 18| 175| 64| 176|  0|  24|  0|    24 |     0|       153 |         28|  74|   4|
| 119| 23| 191| 16| 176|  0|  24|  0|    24 |     0|       119 |         34|  91|  17|
| 103| 16|  90| 99| 177|  1|  24|  0|    24 |     0|       103 |         16| 103|  12|
|  91| 12| 121| 31| 177|  0|  23|  1|    23 |     1|        91 |         12| 119|  16|
|  73| 18|  96| 25| 177|  0|  23|  0|    23 |     0|        73 |         18|  73|  46|
|  69|  4|  34| 62| 177|  0|  23|  0|    23 |     0|        69 |          4|  69|   4|
|  10| 59| 121| 87| 177|  0|  22|  1|    22 |     1|        65 |          4| 133|  64|
|  65| 55|  53| 68| 177|  0|  22|  0|    22 |     0|        55 |         10| 162|  29|
|  55| 10|  21| 32| 178|  1|  22|  0|    22 |     0|        37 |         18| 189|  27|
| 108| 53|  55| 34| 178|  0|  22|  0|    22 |     0|        10 |         27|  64|  75|
|  37| 71|  37| 18| 178|  0|  22|  0|    22 |     0|       108 |         98|  11|  53|
| 133| 96| 194| 43| 178|  0|  22|  0|    22 |     0|       133 |         25|  77|  66|
|  11| 78| 156| 38| 178|  0|  21|  1|    21 |     1|       162 |         29|  96|  19|
| 162| 49|  26| 70| 179|  1|  21|  0|    21 |     0|       189 |         27| 126|  30|
|  64| 98| 139| 87| 179|  0|  21|  0|    21 |     0|        64 |         75| 188|  62|
| 189| 75| 105| 34| 179|  0|  21|  0|    21 |     0|        11 |         53| 189|   1|
| 188|  1|  95| 10| 179|  0|  21|  0|    21 |     0|        77 |         66| 158|  31|
| 189|  1| 104|  9| 179|  0|  20|  1|    20 |     1|        96 |         19| 144|  14|
|  96| 93| 137| 33| 179|  0|  20|  0|    20 |     0|       126 |         30| 133|  11|
|  77| 19|   3| 66| 180|  1|  20|  0|    20 |     0|       188 |         62|  69|  64|
| 126| 49| 145| 58| 180|  0|  20|  0|    20 |     0|       189 |          1|  26|  43|
|  26|100|  55| 90| 180|  0|  19|  1|    19 |     1|       158 |         31|  26|   0|
| 144| 82| 164| 91| 180|  0|  19|  0|    19 |     0|       144 |         14|   3|  23|
| 158| 14| 129| 35| 180|  0|  19|  0|    19 |     0|       133 |         11|  34|  31|
|  69| 89| 176| 47| 180|  0|  18|  1|    18 |     1|        69 |         64|  80|  46|
| 133| 64|  97| 79| 180|  0|  18|  0|    18 |     0|        26 |         43| 190|  90|
|  26| 93| 178| 81| 180|  0|  18|  0|    18 |     0|        26 |          0| 168|  22|
| 190| 36| 101| 77| 180|  0|  18|  0|    18 |     0|         3 |         23|  76|  92|
|  80| 90|  37| 64| 181|  1|  18|  0|    18 |     0|        34 |         31|  61|  15|
|  34| 46| 164| 73| 181|  0|  18|  0|    18 |     0|        80 |         46|  49|  12|
|   3| 31| 132| 32| 181|  0|  18|  0|    18 |     0|       190 |         90|  14|  35|
|  49| 46| 156| 24| 181|  0|  17|  1|    17 |     1|       168 |         22|  88|  74|
|  76| 27| 102| 54| 181|  0|  17|  0|    17 |     0|        76 |         92|  88|   0|
| 168| 92| 158| 56| 182|  1|  17|  0|    17 |     0|        61 |         15| 126|  38|
|  14| 46| 174| 16| 182|  0|  17|  0|    17 |     0|        49 |         12| 147|  21|
|  61| 47|  23| 49| 183|  1|  16|  1|    16 |     1|        14 |         35|   9|  62|
|  88| 27| 143| 80| 184|  1|  16|  0|    16 |     0|        88 |         74|  60|  51|
|  88|  0| 121| 22| 184|  0|  16|  0|    16 |     0|        88 |          0| 107|  47|
| 126| 38|  38| 83| 184|  0|  16|  0|    16 |     0|       126 |         38| 123|  16|
| 147| 21| 148| 90| 184|  0|  15|  1|    15 |     1|       147 |         21| 138|  15|
|   9| 62|  78| 70| 184|  0|  15|  0|    15 |     0|         9 |         62| 191|  53|
| 107| 98| 121| 43| 185|  1|  15|  0|    15 |     0|        60 |         51| 190|   1|
| 191| 84|  28| 93| 185|  0|  14|  1|    14 |     1|       107 |         47| 185|   5|
| 123| 68|  52| 24| 185|  0|  14|  0|    14 |     0|       123 |         16| 161|  24|
|  60| 63|  82| 30| 186|  1|  14|  0|    14 |     0|       138 |         15| 113|  48|
| 138| 78| 196| 86| 186|  0|  14|  0|    14 |     0|       191 |         53|  62|  51|
| 113| 25| 181| 15| 186|  0|  14|  0|    14 |     0|       190 |          1|  58|   4|
| 190| 77| 125| 56| 186|  0|  14|  0|    14 |     0|       185 |          5|  22|  36|
| 185|  5| 122|  3| 186|  0|  13|  1|    13 |     1|       161 |         24|  13|   9|
|  62| 77| 115|  7| 187|  1|  13|  0|    13 |     0|       113 |         48|   2|  11|
| 161| 99|  74| 41| 187|  0|  13|  0|    13 |     0|        62 |         51| 178|  24|
|  13| 52|  97| 23| 187|  0|  13|  0|    13 |     0|        58 |          4| 123|  55|
|   2| 11|  48| 49| 187|  0|  13|  0|    13 |     0|        22 |         36|  97|  26|
|  22| 20|  40|  8| 188|  1|  13|  0|    13 |     0|        13 |          9|  95|   2|
| 178| 44| 200| 40| 188|  0|  12|  1|    12 |     1|         2 |         11|  20|  75|
|  58| 80| 109| 91| 188|  0|  12|  0|    12 |     0|       178 |         24|  16|   4|
|  97| 39| 195| 86| 188|  0|  12|  0|    12 |     0|       123 |         55|  64|  48|
| 123| 26| 159| 36| 188|  0|  12|  0|    12 |     0|        97 |         26|  66|   2|
|  16| 93|  19| 60| 188|  0|  11|  1|    11 |     1|        95 |          2|  87|  21|
|  95| 79| 143| 76| 188|  0|  11|  0|    11 |     0|        20 |         75|  95|   8|
|  20| 75|  45| 98| 188|  0|  11|  0|    11 |     0|        16 |          4| 141|  46|
|  87| 67|  22| 23| 189|  1|  11|  0|    11 |     0|        64 |         48| 178|  37|
|  66| 21|  69| 47| 189|  0|  11|  0|    11 |     0|        66 |          2| 123|  55|
|  95| 29| 184| 85| 189|  0|  11|  0|    11 |     0|        87 |         21| 107|  16|
|  64| 31| 170| 14| 189|  0|  11|  0|    11 |     0|        95 |          8|  25|  82|
| 141| 77| 189| 19| 189|  0|  11|  0|    11 |     0|       141 |         46|  22|   3|
| 178| 37|  84| 95| 189|  0|  11|  0|    11 |     0|       178 |         37| 115|  93|
| 107| 71| 108| 24| 189|  0|  10|  1|    10 |     1|       123 |         55| 191|  76|
|  25| 82| 177| 69| 189|  0|  10|  0|    10 |     0|       107 |         16| 195|   4|
|  22|  3|  29| 52| 189|  0|  10|  0|    10 |     0|        25 |         82|  12|  17|
| 123| 99|   5| 24| 190|  1|   9|  1|     9 |     1|        22 |          3|   8|   4|
| 115|  8| 153| 52| 190|  0|   9|  0|     9 |     0|       115 |         93|   9|   1|
|   8| 93|   4| 51| 190|  0|   9|  0|     9 |     0|       191 |         76|  30|  21|
| 195| 13| 156| 48| 190|  0|   9|  0|     9 |     0|       195 |          4|  53|  23|
| 191|  4| 127| 29| 190|  0|   9|  0|     9 |     0|        12 |         17| 111|  58|
|  12| 21| 143| 16| 190|  0|   9|  0|     9 |     0|         8 |          4| 180|  69|
| 180| 32|  27| 84| 191|  1|   9|  0|     9 |     0|         9 |          1| 175|   5|
|  53| 73|  18|  9| 191|  0|   9|  0|     9 |     0|        30 |         21|  64|  89|
|   9| 44|  83| 65| 191|  0|   9|  0|     9 |     0|        53 |         23|  56|   8|
| 111| 98| 162| 79| 191|  0|   9|  0|     9 |     0|       111 |         58|  41|  15|
|  30| 81|   8| 46| 191|  0|   8|  1|     8 |     1|       180 |         69|  11|  30|
| 175| 55| 191| 17| 191|  0|   8|  0|     8 |     0|       175 |          5| 116|  95|
|  41| 66|  87| 96| 192|  1|   8|  0|     8 |     0|        64 |         89| 153|  37|
|  56| 15| 144| 57| 192|  0|   8|  0|     8 |     0|        56 |          8| 162|   9|
|  11| 45| 110| 34| 192|  0|   8|  0|     8 |     0|        41 |         15| 199|  37|
|  64| 53| 118|  8| 192|  0|   8|  0|     8 |     0|        11 |         30|   5|   6|
| 116| 52| 191| 73| 193|  1|   8|  0|     8 |     0|       116 |         95|  41|  36|
| 153| 37|  80| 89| 193|  0|   7|  1|     7 |     1|       153 |         37|  64|  23|
| 199| 46| 121| 41| 194|  1|   7|  0|     7 |     0|       162 |          9|  87|  23|
|   5|  6| 160| 39| 194|  0|   7|  0|     7 |     0|       199 |         37| 166|  79|
| 162| 43| 139| 21| 194|  0|   7|  0|     7 |     0|         5 |          6| 168|   2|
|  64| 98| 197| 58| 194|  0|   6|  1|     6 |     1|        41 |         36| 147|  21|
|  41| 23| 121| 76| 194|  0|   6|  0|     6 |     0|        64 |         23| 120|  27|
| 168| 73| 163| 42| 195|  1|   6|  0|     6 |     0|        87 |         23| 101|  19|
| 166|  2| 174| 11| 195|  0|   6|  0|     6 |     0|       166 |         79|  67|  34|
|  87| 79| 177|  3| 195|  0|   6|  0|     6 |     0|       168 |          2|   2|  65|
| 101| 14| 123| 54| 195|  0|   6|  0|     6 |     0|       147 |         21|  44|  42|
|  67| 34|  41| 82| 196|  1|   6|  0|     6 |     0|       120 |         27|  91|  47|
| 147| 80| 112| 71| 196|  0|   6|  0|     6 |     0|       101 |         19| 108|  17|
|   2| 55|  78| 34| 196|  0|   5|  1|     5 |     1|        67 |         34| 124|  16|
| 120| 82|   5| 73| 196|  0|   5|  0|     5 |     0|         2 |         65| 188|  64|
| 124|  4|  15| 10| 196|  0|   5|  0|     5 |     0|        44 |         42| 190|   2|
| 108| 16|  92| 77| 197|  1|   5|  0|     5 |     0|        91 |         47| 181|   9|
|  91| 17| 176| 84| 197|  0|   5|  0|     5 |     0|       108 |         17| 163|  18|
| 188| 97|  67| 91| 197|  0|   4|  1|     4 |     1|       124 |         16| 136|  27|
|  44| 56|  29| 38| 198|  1|   4|  0|     4 |     0|       188 |         64|  37|  99|
| 190| 54|   9| 20| 198|  0|   4|  0|     4 |     0|       190 |          2|  98|  61|
|  37| 47| 132| 77| 198|  0|   3|  1|     3 |     1|       181 |          9| 106|   8|
| 136| 99|  29| 97| 198|  0|   3|  0|     3 |     0|       163 |         18| 117|  11|
| 181| 45| 138| 91| 198|  0|   3|  0|     3 |     0|       136 |         27| 148|  31|
| 163| 18| 104| 34| 198|  0|   3|  0|     3 |     0|        37 |         99|  25|  77|
| 117| 46| 156| 52| 199|  1|   2|  1|     2 |     1|        98 |         61|  39|  14|
|  25| 92| 178| 22| 199|  0|   2|  0|     2 |     0|       106 |          8|  84|  45|
| 148| 77| 159| 19| 199|  0|   2|  0|     2 |     0|       117 |         11| 148|  64|
|  98| 50| 129| 30| 199|  0|   2|  0|     2 |     0|       148 |         31| 199|  51|
| 106|  8| 196| 67| 199|  0|   2|  0|     2 |     0|        25 |         77|  12|  13|
|  39| 67| 188|  8| 199|  0|   2|  0|     2 |     0|        39 |         14|  10|   2|
|  84| 45| 123| 65| 199|  0|   2|  0|     2 |     0|        84 |         45|  37|  27|
| 148| 64| 167| 44| 199|  0|   2|  0|     2 |     0|       148 |         64|  55|  18|
|  12| 64|  95| 72| 199|  0|   2|  0|     2 |     0|       199 |         51|  65|  10|
--------------------------------------------------------------------------------------
|  208 ns|  239 ns|   65 ns|   90 ns|         95 ns|                 195 ns|   197 ns|
--------------------------------------------------------------------------------------
|   49 ns|   49 ns|    0 ns|    0 ns|          0 ns|                  32 ns|    32 ns|
--------------------------------------------------------------------------------------
|  FIFO  |  LIFO  |  SSTF  |  SCAN  |    C-SCAN    |      N-STEP-SCAN      |  FSCAN  |
--------------------------------------------------------------------------------------
