
The table is organized as such:
| Policy Name |
| Starting Track |
| Next track | Tracks Moved |
| ... |
| Average Seek Length |
| Average Seek Time |
--------------------------------------------------------------------------------------
|  FIFO  |  LIFO  |  SSTF  |  SCAN  |    C-SCAN    |      N-STEP-SCAN      |  FSCAN  |
--------------------------------------------------------------------------------------
|   200  |   200  |   200  |   200  |       200    |              200      |    200  |
--------------------------------------------------------------------------------------
| 178| 22|  46| 46| 200|  0| 200|  0|   200 |     0|       178 |         22| 178|  22|
| 150| 28| 135| 89| 200|  0| 200|  0|   200 |     0|       164 |         14| 164|  14|
| 164| 14|  54| 81| 200|  0| 200|  0|   200 |     0|       150 |         14| 150|  14|
| 112| 52|  37| 17| 200|  0| 200|  0|   200 |     0|       112 |         38| 112|  38|
|  13| 99| 189| 48| 200|  0| 200|  0|   200 |     0|        13 |         99|  13|  99|
|  83| 70| 114| 75|   1|  1| 199|  1|   199 |     1|        44 |         31| 112|  99|
| 122| 39|  46| 68|   1|  0| 199|  0|   199 |     0|        82 |         38| 147|  35|
|  44| 78| 102| 56|   1|  0| 199|  0|   199 |     0|        83 |          1| 173|  26|
|  82| 38|  45| 57|   1|  0| 198|  1|   198 |     1|       122 |         39| 180|   7|
| 176| 94|  27| 18|   2|  1| 197|  1|   197 |     1|       176 |         54|   1|  21|
| 112| 64|  63| 36|   2|  0| 197|  0|   197 |     0|       173 |          3|  35|  34|
|   1| 89|  60|  3|   2|  0| 197|  0|   197 |     0|       147 |         26|  94|  59|
| 173| 28|  33| 27|   2|  0| 197|  0|   197 |     0|       112 |         35|  94|   0|
| 180|  7|  32|  1|   2|  0| 197|  0|   197 |     0|         1 |         89| 177|  83|
| 147| 33| 144| 88|   3|  1| 197|  0|   197 |     0|       180 |         21| 182|   5|
|  35| 88|  45| 99|   3|  0| 196|  1|   196 |     1|       177 |          3| 106|  76|
| 182| 53|  75| 30|   3|  0| 196|  0|   196 |     0|        94 |         83|  22|  84|
| 177|  5| 170| 95|   4|  1| 196|  0|   196 |     0|        94 |          0|   6|  16|
|  94| 83| 123| 47|   4|  0| 196|  0|   196 |     0|        35 |         59|   6|   0|
|  94|  0|  49| 74|   4|  0| 195|  1|   195 |     1|       182 |         53| 185|  21|
|  22| 72| 105| 56|   4|  0| 195|  0|   195 |     0|       106 |         76| 184|   1|
| 185| 37| 113|  8|   4|  0| 194|  1|   194 |     1|        22 |         84| 166|  18|
| 106| 79|  98| 15|   5|  1| 194|  0|   194 |     0|         6 |         16|  87|  79|
|   6|100|  75| 23|   5|  0| 193|  1|   193 |     1|         6 |          0|  33|  54|
|   6|  0|  77|  2|   6|  1| 193|  0|   193 |     0|       185 |         21|  25|   8|
|  87| 81|  47| 30|   6|  0| 193|  0|   193 |     0|       184 |          1|  39|  14|
|  25| 62| 126| 79|   6|  0| 193|  0|   193 |     0|       166 |         18|  40|   1|
| 166| 59| 103| 23|   6|  0| 193|  0|   193 |     0|        87 |         79| 115|  75|
|  33| 67|  30| 73|   6|  0| 192|  1|   192 |     1|        33 |         54| 155|  40|
| 184| 49| 179| 51|   7|  1| 192|  0|   192 |     0|        25 |          8| 166|  11|
|  40| 56|  57| 78|   7|  0| 192|  0|   192 |     0|        39 |         14| 161|   5|
| 155| 85| 189| 68|   8|  1| 192|  0|   192 |     0|        40 |          1| 151|  10|
|  39| 84|  13| 24|   8|  0| 192|  0|   192 |     0|       115 |         75|  63|  88|
| 115| 76| 130| 83|   8|  0| 191|  1|   191 |     1|       155 |         40|  13|  50|
| 166| 51|  53| 77|   8|  0| 191|  0|   191 |     0|       166 |         11| 198|  15|
|  13| 47| 179| 74|   8|  0| 190|  1|   190 |     1|       161 |          5| 188|  10|
| 198| 15| 176|  3|   9|  1| 190|  0|   190 |     0|       151 |         10| 150|  38|
| 161| 37| 174|  2|   9|  0| 190|  0|   190 |     0|        63 |         88|  87|  63|
| 151| 10|  46| 72|   9|  0| 190|  0|   190 |     0|        13 |         50|  52|  35|
|  63| 88|  89| 43|   9|  0| 190|  0|   190 |     0|       198 |         15|  46|   6|
| 188| 75|  40| 49|  10|  1| 190|  0|   190 |     0|       188 |         10|  67|  21|
|  46| 58|   2| 38|  10|  0| 189|  1|   189 |     1|       150 |         38|  87|  20|
|  52|  6| 190| 12|  10|  0| 189|  0|   189 |     0|        87 |         63|  95|   8|
| 150| 98|  75| 85|  10|  0| 189|  0|   189 |     0|        52 |         35| 123|  28|
|  87| 63| 196| 79|  10|  0| 189|  0|   189 |     0|        46 |          6| 138|  15|
|  95|  8|  85| 89|  10|  0| 189|  0|   189 |     0|        67 |         21| 150|  12|
| 123| 28| 188| 97|  10|  0| 189|  0|   189 |     0|        87 |         20| 158|   8|
|  87| 36| 120| 68|  10|  0| 189|  0|   189 |     0|        95 |          8| 163|   5|
| 138| 51| 142| 22|  10|  0| 188|  1|   188 |     1|       123 |         28|  65|  98|
|  67| 71|  79| 63|  11|  1| 188|  0|   188 |     0|       138 |         15|  40|  25|
| 158| 91|  95| 16|  11|  0| 188|  0|   188 |     0|       150 |         12|  41|   1|
|  65| 93| 171| 76|  11|  0| 188|  0|   188 |     0|       158 |          8| 101|  60|
| 163| 98|  75| 96|  12|  1| 188|  0|   188 |     0|       163 |          5| 146|  45|
|  40| 77|  53| 22|  12|  0| 188|  0|   188 |     0|        65 |         98| 152|   6|
| 150| 90|  80| 27|  12|  0| 187|  1|   187 |     1|        40 |         25| 168|  16|
| 146|  4| 192| 88|  13|  1| 187|  0|   187 |     0|        41 |          1| 178|  10|
| 168| 22| 182| 10|  13|  0| 187|  0|   187 |     0|       101 |         60| 180|   2|
| 152| 16|  86| 96|  13|  0| 187|  0|   187 |     0|       146 |         45| 145|  35|
| 101| 51|  42| 44|  13|  0| 187|  0|   187 |     0|       152 |          6| 128|  17|
|  41| 60|  72| 30|  13|  0| 187|  0|   187 |     0|       168 |         16|  89|  39|
| 180| 61| 188| 84|  13|  0| 186|  1|   186 |     1|       178 |         10|  91|   2|
|  89| 91| 111| 77|  14|  1| 186|  0|   186 |     0|       180 |          2|  92|   1|
| 145| 56| 152| 41|  14|  0| 186|  0|   186 |     0|       145 |         35|  92|   0|
| 128| 17|  49| 97|  14|  0| 186|  0|   186 |     0|       128 |         17| 170|  78|
| 178| 50| 144| 95|  14|  0| 186|  0|   186 |     0|        89 |         39|  88|  82|
|  92| 86|   2| 58|  15|  1| 186|  0|   186 |     0|        91 |          2|  53|  35|
| 170| 78|  72| 70|  17|  2| 185|  1|   185 |     1|        92 |          1|  37|  16|
|  88| 82| 152| 80|  17|  0| 185|  0|   185 |     0|        92 |          0|  14|  23|
|  91|  3| 111| 41|  18|  1| 185|  0|   185 |     0|       170 |         78| 150|  64|
|  92|  1| 139| 28|  18|  0| 185|  0|   185 |     0|        88 |         82| 167|  17|
|  14| 78| 163| 24|  18|  0| 185|  0|   185 |     0|        53 |         35| 161|   6|
| 167| 47|  78| 85|  18|  0| 185|  0|   185 |     0|        37 |         16| 144|  17|
|  53| 86| 119| 41|  18|  0| 185|  0|   185 |     0|        14 |         23| 129|  15|
| 150| 97| 102| 17|  18|  0| 185|  0|   185 |     0|       150 |         64|  62|  67|
|  37| 87| 168| 66|  19|  1| 184|  1|   184 |     1|       167 |         17|  22|  40|
|  62| 25| 182| 14|  19|  0| 184|  0|   184 |     0|       161 |          6|  44|  22|
| 129| 67|  10| 28|  19|  0| 184|  0|   184 |     0|       144 |         17|  82|  38|
| 144| 15|  45| 35|  20|  1| 184|  0|   184 |     0|       129 |         15|  83|   1|
|  22| 78| 167| 78|  20|  0| 184|  0|   184 |     0|        62 |         67| 122|  39|
| 161| 61| 146| 21|  20|  0| 184|  0|   184 |     0|        22 |         40| 176|  54|
|  80| 81|  99| 47|  21|  1| 183|  1|   183 |     1|        76 |         54| 141|  35|
| 184| 96|  74| 25|  21|  0| 183|  0|   183 |     0|        80 |          4| 104|  37|
| 104| 80|   4| 70|  21|  0| 183|  0|   183 |     0|       104 |         24|  80|  24|
|  76| 28| 135| 69|  21|  0| 183|  0|   183 |     0|       141 |         37|  76|   4|
| 141| 65|  23| 88|  22|  1| 182|  1|   182 |     1|       184 |         43| 184|  92|
|  74| 67| 171| 52|  22|  0| 182|  0|   182 |     0|       166 |         18| 174|  10|
| 166| 92|  39| 68|  22|  0| 182|  0|   182 |     0|       126 |         40| 159|  15|
|  22| 56|  80| 41|  22|  0| 182|  0|   182 |     0|        74 |         52| 156|   3|
|   1| 21| 104| 24|  23|  1| 182|  0|   182 |     0|        22 |         52| 103|  53|
| 126| 75|  99|  5|  23|  0| 182|  0|   182 |     0|         1 |         21|  20|  83|
| 156| 30| 143| 44|  23|  0| 181|  1|   181 |     1|        20 |         19|  63|  43|
| 174| 18|  25| 82|  23|  0| 181|  0|   181 |     0|       103 |         83|  81|  18|
| 159| 15|  72| 47|  24|  1| 181|  0|   181 |     0|       156 |         53| 122|  41|
| 103| 56|  88| 16|  24|  0| 180|  1|   180 |     1|       159 |          3| 155|  33|
|  20| 83| 154| 66|  24|  0| 180|  0|   180 |     0|       174 |         15| 156|   1|
| 156| 64|  65| 89|  24|  0| 180|  0|   180 |     0|       156 |         18| 125|  31|
|  81| 75| 113| 48|  24|  0| 180|  0|   180 |     0|       155 |          1| 101|  24|
| 122| 41|  80| 33|  25|  1| 180|  0|   180 |     0|       122 |         33|  85|  16|
| 155| 33| 106| 26|  25|  0| 180|  0|   180 |     0|        81 |         41| 178|  93|
|  63| 92|  51| 55|  25|  0| 180|  0|   180 |     0|        63 |         18| 179|   1|
| 101| 38|  67| 16|  25|  0| 179|  1|   179 |     1|        85 |         22| 180|   1|
|  85| 16| 181| 86|  25|  0| 179|  0|   179 |     0|       101 |         16| 189|   9|
| 179| 94|  54| 73|  25|  0| 179|  0|   179 |     0|       125 |         24| 189|   0|
| 125| 54|  13| 41|  25|  0| 179|  0|   179 |     0|       178 |         53| 159|  30|
| 178| 53|  74| 61|  26|  1| 179|  0|   179 |     0|       179 |          1|  53|  94|
| 189| 11|  72|  2|  26|  0| 179|  0|   179 |     0|       180 |          1|  37|  16|
| 159| 30| 123| 51|  26|  0| 178|  1|   178 |     1|       189 |          9|  27|  10|
| 180| 21|  48| 75|  26|  0| 178|  0|   178 |     0|       189 |          0|  80|  53|
| 189|  9| 150| 98|  26|  0| 178|  0|   178 |     0|       159 |         30| 124|  44|
|  53| 64|  39| 89|  27|  1| 178|  0|   178 |     0|        53 |         94| 125|   1|
|  37| 16| 187| 52|  27|  0| 178|  0|   178 |     0|        37 |         16| 151|  26|
|  80| 43| 121| 66|  27|  0| 177|  1|   177 |     1|        27 |         10| 151|   0|
| 125| 45|  41| 80|  27|  0| 177|  0|   177 |     0|        80 |         53| 183|  32|
|  27| 98| 164| 77|  27|  0| 177|  0|   177 |     0|       124 |         44| 192|   9|
| 124| 97|  46| 82|  27|  0| 177|  0|   177 |     0|       125 |          1|  91|  99|
| 192| 68|  65| 19|  27|  0| 177|  0|   177 |     0|       151 |         26| 116|  25|
| 183|  9|  30| 35|  27|  0| 176|  1|   176 |     1|       151 |          0| 126|  10|
| 151| 32| 137| 93|  27|  0| 176|  0|   176 |     0|       183 |         32| 185|  59|
|  91| 60| 131|  6|  27|  0| 176|  0|   176 |     0|       192 |          9|  62|  77|
| 151| 60|  31|100|  27|  0| 176|  0|   176 |     0|        91 |         99|  32|  30|
| 126| 25|   8| 23|  28|  1| 175|  1|   175 |     1|       116 |         25|  54|  22|
| 185| 59| 172| 36|  28|  0| 175|  0|   175 |     0|       126 |         10|  64|  10|
|  32| 47|  46| 74|  28|  0| 175|  0|   175 |     0|       185 |         59|  66|   2|
| 116| 84|  43|  3|  29|  1| 175|  0|   175 |     0|        62 |         77| 133|  67|
|  62| 54| 199| 44|  29|  0| 174|  1|   174 |     1|        32 |         30| 169|  36|
|  54|  8| 153| 46|  30|  1| 174|  0|   174 |     0|        54 |         22| 180|  11|
|  64| 10| 100| 53|  30|  0| 174|  0|   174 |     0|        64 |         10| 128|  52|
|  66|  2|  70| 30|  30|  0| 174|  0|   174 |     0|        66 |          2|  79|  49|
| 169| 97|  70|  0|  30|  0| 173|  1|   173 |     1|       133 |         67|  45|  34|
| 133| 36| 193| 77|  31|  1| 173|  0|   173 |     0|       169 |         36|  12|  33|
| 180| 47|  26| 33|  32|  1| 173|  0|   173 |     0|       180 |         11|  32|  20|
|  12| 32|  98| 72|  32|  0| 173|  0|   173 |     0|       128 |         52|  41|   9|
|  45| 33|  93|  5|  32|  0| 172|  1|   172 |     1|        79 |         49|  47|   6|
| 128| 83|  63| 30|  32|  0| 172|  0|   172 |     0|        45 |         34|  55|   8|
|  79| 49|  89| 26|  32|  0| 172|  0|   172 |     0|        12 |         33|  69|  14|
|  41| 38| 145| 56|  33|  1| 172|  0|   172 |     0|        32 |         20|  81|  12|
|  55| 14| 130| 15|  33|  0| 172|  0|   172 |     0|        41 |          9| 101|  20|
|  69| 14| 133|  3|  33|  0| 172|  0|   172 |     0|        47 |          6| 118|  17|
|  47| 22| 187| 54|  33|  0| 172|  0|   172 |     0|        55 |          8| 127|   9|
|  32| 15| 133| 54|  33|  0| 172|  0|   172 |     0|        69 |         14| 160|  33|
| 160| 72| 185| 52|  33|  0| 172|  0|   172 |     0|        81 |         12|  68|  92|
| 101| 59|  24| 39|  34|  1| 171|  1|   171 |     1|       101 |         20|  55|  13|
|  81| 20| 186| 38|  34|  0| 171|  0|   171 |     0|       118 |         17|  19|  36|
| 127| 46|  38| 52|  34|  0| 171|  0|   171 |     0|       127 |          9|   3|  16|
| 118|  9|  18| 20|  34|  0| 171|  0|   171 |     0|       160 |         33| 175|  28|
|   3| 85|   1| 17|  34|  0| 171|  0|   171 |     0|        68 |         92| 170|   5|
|  55| 52|  49| 48|  35|  1| 170|  1|   170 |     1|        55 |         13| 104|  66|
|  68| 13| 139| 90|  35|  0| 170|  0|   170 |     0|        19 |         36|  57|  47|
|  19| 49| 146|  7|  35|  0| 170|  0|   170 |     0|         3 |         16|  15|  42|
| 175| 44| 122| 24|  35|  0| 170|  0|   170 |     0|       175 |         28| 179|  36|
|  15| 40| 127|  5|  36|  1| 170|  0|   170 |     0|       170 |          5| 136|  43|
| 179| 36| 109| 18|  36|  0| 170|  0|   170 |     0|       104 |         66| 135|   1|
| 104| 75| 115|  6|  36|  0| 170|  0|   170 |     0|        57 |         47| 113|  22|
|  57| 47|  44| 71|  37|  1| 169|  1|   169 |     1|        15 |         42|  54|  59|
| 170| 87| 173| 71|  37|  0| 169|  0|   169 |     0|       179 |         36|  54|   0|
| 113| 57|  27| 54|  37|  0| 168|  1|   168 |     1|       136 |         43|  64|  10|
| 135| 22|  41| 14|  37|  0| 168|  0|   168 |     0|       135 |          1|  81|  17|
|  54| 81|  95| 54|  37|  0| 168|  0|   168 |     0|       113 |         22| 151|  70|
| 136| 82|  86|  9|  37|  0| 168|  0|   168 |     0|        54 |         59|  45|  94|
|  54| 82|  53| 33|  37|  0| 168|  0|   168 |     0|        54 |          0|  40|   5|
|  81| 27| 159| 94|  37|  0| 168|  0|   168 |     0|        64 |         10|  78|  38|
|  40| 41|  19| 60|  38|  1| 167|  1|   167 |     1|        81 |         17| 127|  49|
|  45|  5|  44| 25|  38|  0| 167|  0|   167 |     0|       151 |         70|  33|  94|
| 151| 94| 113| 69|  38|  0| 167|  0|   167 |     0|        45 |         94|  28|   5|
|  64| 87|  34| 79|  38|  0| 167|  0|   167 |     0|        40 |          5|   4|  24|
| 127| 63|  24| 10|  39|  1| 167|  0|   167 |     0|        78 |         38|  54|  50|
|  78| 49|  10| 14|  39|  0| 166|  1|   166 |     1|       127 |         49|  71|  17|
|  28| 50| 133| 77|  39|  0| 166|  0|   166 |     0|        33 |         94| 136|  65|
|   4| 24| 185| 52|  39|  0| 166|  0|   166 |     0|        28 |          5| 141|   5|
|  33| 29|   9| 24|  39|  0| 165|  1|   165 |     1|         4 |         24| 194|  53|
| 136| 97|  77| 68|  40|  1| 165|  0|   165 |     0|        54 |         50| 175|  19|
| 194| 58| 121| 44|  40|  0| 165|  0|   165 |     0|        71 |         17| 161|  14|
|  71| 77|  83| 38|  40|  0| 165|  0|   165 |     0|       136 |         65|  59|  98|
|  54| 17| 185| 98|  40|  0| 165|  0|   165 |     0|       141 |          5|  10|  49|
| 141| 87| 147| 38|  40|  0| 164|  1|   164 |     1|       194 |         53| 199|  11|
| 161| 20|  69| 78|  41|  1| 164|  0|   164 |     0|       175 |         19| 196|   3|
| 199| 38|  57| 12|  41|  0| 164|  0|   164 |     0|       161 |         14| 120|  76|
| 175| 24| 156| 99|  41|  0| 164|  0|   164 |     0|        59 |         98| 107|  13|
|  59| 84| 118| 38|  41|  0| 163|  1|   163 |     1|        10 |         49|  99|   8|
|  10| 49| 148| 30|  41|  0| 163|  0|   163 |     0|       199 |         11|   7|  92|
|   7|  3|  51| 97|  41|  0| 163|  0|   163 |     0|       196 |          3|  33|  26|
| 196| 11|  77| 26|  41|  0| 163|  0|   163 |     0|       120 |         76|  74|  41|
| 107| 89| 157| 80|  42|  1| 162|  1|   162 |     1|       107 |         13| 152|  78|
| 120| 13|  55| 98|  42|  0| 162|  0|   162 |     0|        99 |          8| 179|  27|
|  99| 21| 164| 91|  42|  0| 162|  0|   162 |     0|         7 |         92| 196|  17|
|  33| 66|  53| 89|  42|  0| 162|  0|   162 |     0|        33 |         26| 130|  66|
| 196| 37| 187| 66|  42|  0| 161|  1|   161 |     1|        74 |         41| 127|   3|
|  74| 78| 152| 35|  42|  0| 161|  0|   161 |     0|       152 |         78|  65|  62|
| 152| 78|  74| 78|  42|  0| 161|  0|   161 |     0|       179 |         27|  55|  10|
| 179| 27| 197| 77|  42|  0| 161|  0|   161 |     0|       196 |         17|  47|   8|
| 127| 52|  70| 73|  43|  1| 161|  0|   161 |     0|       130 |         66| 100|  53|
|  47| 80|  62|  8|  43|  0| 161|  0|   161 |     0|       127 |          3| 111|  11|
|  65| 18|  70|  8|  43|  0| 161|  0|   161 |     0|        65 |         62|  33|  78|
|  55| 10|  50| 20|  43|  0| 160|  1|   160 |     1|        55 |         10|  30|   3|
| 130| 75| 129| 79|  43|  0| 160|  0|   160 |     0|        47 |          8|  25|   5|
| 100| 30| 144| 15|  43|  0| 160|  0|   160 |     0|       100 |         53|  72|  47|
|  30| 70| 100| 44|  44|  1| 160|  0|   160 |     0|       111 |         11|  79|   7|
| 111| 81| 132| 32|  44|  0| 159|  1|   159 |     1|        33 |         78| 110|  31|
|  25| 86| 107| 25|  44|  0| 159|  0|   159 |     0|        30 |          3| 129|  19|
|  33|  8|  10| 97|  44|  0| 159|  0|   159 |     0|        25 |          5| 144|  15|
|  79| 46| 191| 19|  44|  0| 159|  0|   159 |     0|        72 |         47| 125|  19|
| 110| 31|  47| 56|  44|  0| 159|  0|   159 |     0|        79 |          7|  90|  35|
| 129| 19|  59| 12|  45|  1| 159|  0|   159 |     0|       110 |         31|  37|  53|
|  72| 57|  57|  2|  45|  0| 159|  0|   159 |     0|       129 |         19|   8|  29|
| 144| 72|  42| 15|  45|  0| 158|  1|   158 |     1|       144 |         15| 152|  56|
|   8| 64| 142|100|  45|  0| 158|  0|   158 |     0|       125 |         19| 126|  26|
| 125| 83| 177| 35|  45|  0| 158|  0|   158 |     0|        90 |         35|  74|  52|
|  90| 35|  90| 87|  45|  0| 158|  0|   158 |     0|        37 |         53|  22|  52|
|  37| 53|  69| 21|  45|  0| 157|  1|   157 |     1|         8 |         29|   1|  21|
| 152| 85|  96| 27|  45|  0| 157|  0|   157 |     0|       152 |         56| 166|  35|
| 113| 39|  10| 86|  46|  1| 157|  0|   157 |     0|       113 |         39|  89|  77|
| 111|  2|  81| 71|  46|  0| 157|  0|   157 |     0|       111 |          2|  62|  27|
|  51| 60|  59| 22|  46|  0| 157|  0|   157 |     0|        73 |         38|  42|  20|
|  66| 15|   9| 50|  46|  0| 157|  0|   157 |     0|        66 |          7|  40|   2|
|  73|  7|   4|  5|  46|  0| 156|  1|   156 |     1|        51 |         15|  38|   2|
|  89| 16|  59| 55|  46|  0| 156|  0|   156 |     0|        62 |         11|  51|  13|
|  42| 47|  21| 38|  46|  0| 156|  0|   156 |     0|        89 |         27|  66|  15|
|  38|  4|  28|  7|  47|  1| 156|  0|   156 |     0|        42 |         47|  73|   7|
|  40|  2|  50| 22|  47|  0| 156|  0|   156 |     0|        40 |          2| 111|  38|
|  62| 22| 147| 97|  47|  0| 156|  0|   156 |     0|        38 |          2| 113|   2|
| 168| 94| 128| 19|  47|  0| 156|  0|   156 |     0|        97 |         59| 146|  33|
| 149| 19| 190| 62|  47|  0| 156|  0|   156 |     0|       146 |         49| 149|   3|
| 146|  3| 118| 72|  47|  0| 156|  0|   156 |     0|       149 |          3| 168|  19|
|  97| 49|  50| 68|  48|  1| 155|  1|   155 |     1|       168 |         19|  97|  71|
|  36| 61| 123| 73|  48|  0| 155|  0|   155 |     0|        36 |         68|  36|  61|
| 113| 77| 156| 33|  48|  0| 155|  0|   155 |     0|        78 |         42|  78|  42|
|  17| 96| 122| 34|  48|  0| 155|  0|   155 |     0|       113 |         35| 113|  35|
|  78| 61| 151| 29|  48|  0| 155|  0|   155 |     0|       135 |         22| 135|  22|
| 135| 57|  48| 97|  49|  1| 154|  1|   154 |     1|       153 |         18| 153|  18|
| 153| 18| 119| 71|  49|  0| 154|  0|   154 |     0|        17 |         64|  17|  64|
|  39| 86| 149| 30|  49|  0| 154|  0|   154 |     0|        39 |         22|  39|  22|
|  59| 20|   1| 52|  49|  0| 154|  0|   154 |     0|        42 |          3|  42|   3|
| 170| 89| 190| 11|  49|  0| 153|  1|   153 |     1|        59 |         17|  59|  17|
|  42| 72| 155| 35|  49|  0| 153|  0|   153 |     0|       156 |         97| 156|  97|
| 156| 86| 187| 32|  49|  0| 153|  0|   153 |     0|       170 |         14| 170|  14|
|  25| 69| 181|  6|  50|  1| 153|  0|   153 |     0|       168 |          2| 131|  39|
|  53| 28|   8| 27|  50|  0| 153|  0|   153 |     0|       160 |          8|  57|  74|
| 139| 86|  82| 74|  50|  0| 152|  1|   152 |     1|       139 |         21|  42|  15|
| 160| 21|  29| 53|  50|  0| 152|  0|   152 |     0|        53 |         86| 184|  58|
| 168|  8| 178| 51|  51|  1| 152|  0|   152 |     0|        25 |         28| 200|  16|
|  57| 89| 101| 77|  51|  0| 152|  0|   152 |     0|        42 |         17| 157|  43|
|  42| 15| 110|  9|  51|  0| 152|  0|   152 |     0|        57 |         15| 111|  46|
| 131| 89|  79| 31|  51|  0| 152|  0|   152 |     0|       131 |         74|  70|  41|
| 184| 53|  37| 42|  51|  0| 152|  0|   152 |     0|       184 |         53|  20|  50|
| 200| 16|  85| 48|  51|  0| 152|  0|   152 |     0|       200 |         16|  17|   3|
|  17| 17|  80|  5|  52|  1| 151|  1|   151 |     1|       157 |         43|  34|  17|
| 111| 94| 146| 66|  52|  0| 151|  0|   151 |     0|       111 |         46|  71|  37|
| 157| 46| 128| 18|  52|  0| 151|  0|   151 |     0|        70 |         41| 104|  33|
|  70| 87| 171| 43|  52|  0| 151|  0|   151 |     0|        20 |         50| 108|   4|
|  20| 50|  99| 72|  52|  0| 151|  0|   151 |     0|        17 |          3| 143|  35|
| 143| 77|  45| 54|  52|  0| 151|  0|   151 |     0|        34 |         17| 127|  16|
|  34| 91| 174| 71|  52|  0| 151|  0|   151 |     0|        71 |         37| 125|   2|
| 108| 74|  57| 83|  52|  0| 150|  1|   150 |     1|       104 |         33| 121|   4|
|  71| 37|  27| 30|  52|  0| 150|  0|   150 |     0|       108 |          4|  47|  74|
| 104| 33|  27|  0|  52|  0| 150|  0|   150 |     0|       143 |         35|  43|   4|
| 127| 23| 175| 52|  53|  1| 150|  0|   150 |     0|       127 |         16|  43|   0|
|  43| 84| 121| 54|  53|  0| 150|  0|   150 |     0|       125 |          2|  45|   2|
|  47|  4| 123|  2|  53|  0| 149|  1|   149 |     1|       121 |          4| 136|  91|
| 121| 74|  44| 79|  53|  0| 149|  0|   149 |     0|        47 |         74| 184|  48|
| 125|  4|  87| 43|  53|  0| 149|  0|   149 |     0|        43 |          4|  18|  34|
|  45| 80| 133| 46|  53|  0| 148|  1|   148 |     1|        43 |          0|  94|  76|
|  43|  2| 105| 28|  53|  0| 148|  0|   148 |     0|        45 |          2| 124|  30|
| 136| 93|  10| 95|  53|  0| 148|  0|   148 |     0|       136 |         91| 146|  22|
| 184| 48|  27| 17|  53|  0| 148|  0|   148 |     0|       184 |         48| 186|  40|
|  18| 34| 194| 33|  54|  1| 148|  0|   148 |     0|        18 |         34|  11|  25|
| 124| 94| 154| 40|  54|  0| 147|  1|   147 |     1|        94 |         76|  13|   2|
|  94| 30|  18| 64|  54|  0| 147|  0|   147 |     0|       124 |         30|  51|  38|
| 146| 52| 143| 75|  54|  0| 147|  0|   147 |     0|       146 |         22| 182|  69|
| 186| 40|  66| 77|  54|  0| 147|  0|   147 |     0|       186 |         40| 183|   1|
|  11| 25|  83| 17|  54|  0| 146|  1|   146 |     1|        11 |         25| 185|   2|
| 183| 28| 200| 83|  54|  0| 146|  0|   146 |     0|        13 |          2| 172|  13|
|  13| 30|  49| 49|  54|  0| 146|  0|   146 |     0|        51 |         38| 140|  32|
| 185| 28| 142| 93|  54|  0| 146|  0|   146 |     0|       182 |         69| 123|  17|
|  51| 66|   8| 66|  54|  0| 146|  0|   146 |     0|       183 |          1|  29|  94|
| 182| 69|  23| 15|  55|  1| 146|  0|   146 |     0|       185 |          2| 199|  30|
| 123| 59| 119| 96|  55|  0| 146|  0|   146 |     0|       172 |         13| 162|  37|
| 140| 17| 131| 12|  55|  0| 145|  1|   145 |     1|       140 |         32| 159|   3|
| 172| 32| 197| 66|  55|  0| 145|  0|   145 |     0|       123 |         17| 132|  27|
|  29| 57| 169| 28|  55|  0| 145|  0|   145 |     0|        29 |         94|  83|  49|
| 199| 30| 156| 13|  55|  0| 145|  0|   145 |     0|       199 |         30|   3|  80|
| 162| 37|  43| 87|  55|  0| 145|  0|   145 |     0|       162 |         37|  42|  39|
| 132| 30| 118| 75|  56|  1| 145|  0|   145 |     0|       159 |          3|  96|  54|
|  83| 49|  14| 96|  56|  0| 145|  0|   145 |     0|       132 |         27| 158|  62|
|   3| 80|   5|  9|  57|  1| 144|  1|   144 |     1|        83 |         49| 172|  14|
| 159| 44| 141| 64|  57|  0| 144|  0|   144 |     0|         3 |         80| 188|  16|
| 158|  1| 162| 21|  57|  0| 144|  0|   144 |     0|        42 |         39| 104|  84|
| 172| 14|  21| 59|  57|  0| 144|  0|   144 |     0|        96 |         54|  93|  11|
|  42| 70| 197| 24|  57|  0| 144|  0|   144 |     0|       158 |         62|  89|   4|
|  96| 54| 108| 89|  57|  0| 144|  0|   144 |     0|       172 |         14|  68|  21|
| 188| 92|  66| 42|  58|  1| 143|  1|   143 |     1|       188 |         16|  65|   3|
|  93| 95|  27| 39|  59|  1| 143|  0|   143 |     0|       104 |         84|  56|   9|
|  89|  4| 200| 27|  59|  0| 143|  0|   143 |     0|        93 |         11|  50|   6|
| 104| 15| 122| 78|  59|  0| 143|  0|   143 |     0|        89 |          4|  26|  24|
|  68| 36|  59| 63|  59|  0| 143|  0|   143 |     0|        68 |         21|  91|  65|
|  65|  3| 165| 94|  59|  0| 143|  0|   143 |     0|        65 |          3| 152|  61|
|  26| 39| 186| 21|  59|  0| 142|  1|   142 |     1|        56 |          9| 157|   5|
| 152| 74| 134| 52|  60|  1| 142|  0|   142 |     0|        50 |          6| 170|  13|
|  91| 61|  54| 80|  60|  0| 142|  0|   142 |     0|        26 |         24|  86|  84|
|  50| 41| 190| 64|  62|  2| 142|  0|   142 |     0|        91 |         65|  78|   8|
|  56|  6|   4| 14|  62|  0| 141|  1|   141 |     1|       152 |         61|  12|  66|
| 157| 99|  72| 68|  62|  0| 141|  0|   141 |     0|       157 |          5|  37|  25|
|  86| 71| 105| 33|  62|  0| 141|  0|   141 |     0|       170 |         13|  42|   5|
|  12| 74|  27| 78|  62|  0| 141|  0|   141 |     0|        86 |         84| 121|  79|
| 170| 42|  78| 51|  63|  1| 141|  0|   141 |     0|        78 |          8| 145|  24|
|  78| 92| 114| 36|  63|  0| 141|  0|   141 |     0|        12 |         66| 177|  32|
|  42| 36|   4| 90|  63|  0| 141|  0|   141 |     0|        37 |         25| 146|  31|
| 121| 79| 120| 84|  63|  0| 141|  0|   141 |     0|        42 |          5| 134|  12|
| 145| 24|  67| 53|  63|  0| 140|  1|   140 |     1|       121 |         79|  63|  71|
|  37| 92|  52| 15|  64|  1| 140|  0|   140 |     0|       145 |         24|  49|  14|
| 177| 60|  24| 28|  64|  0| 139|  1|   139 |     1|       177 |         32|  41|   8|
|  41| 64|   9| 15|  64|  0| 139|  0|   139 |     0|       146 |         31|  25|  16|
|  49|  8| 120| 89|  64|  0| 139|  0|   139 |     0|       134 |         12|  53|  28|
| 134| 85|  75| 45|  64|  0| 139|  0|   139 |     0|        63 |         71| 139|  86|
| 146| 12|  65| 10|  65|  1| 139|  0|   139 |     0|        49 |         14| 160|  21|
|  63| 83| 141| 76|  65|  0| 138|  1|   138 |     1|        41 |          8| 168|   8|
| 109| 46|  44| 97|  65|  0| 138|  0|   138 |     0|       109 |         68| 163|   5|
| 143| 34| 192| 52|  65|  0| 138|  0|   138 |     0|       143 |         34| 143|  20|
| 173| 30|  99| 93|  65|  0| 138|  0|   138 |     0|       163 |         20| 109|  34|
|  18| 45| 164| 65|  65|  0| 138|  0|   138 |     0|       173 |         10|  18|  91|
| 163| 55| 193| 29|  65|  0| 138|  0|   138 |     0|        18 |         45| 173|  45|
| 141| 22|  10| 17|  65|  0| 137|  1|   137 |     1|       129 |         89| 172|   1|
| 161| 20| 154| 56|  66|  1| 137|  0|   137 |     0|       141 |         12| 168|   4|
| 162|  1|  56| 98|  66|  0| 136|  1|   136 |     1|       161 |         20|  65|  97|
|   2| 40| 171| 85|  66|  0| 136|  0|   136 |     0|       162 |          1|  28|  37|
| 129| 73| 193| 22|  66|  0| 136|  0|   136 |     0|         2 |         40|  10|  18|
|  65| 64|  10| 17|  66|  0| 136|  0|   136 |     0|        10 |          8|  53|  43|
| 168| 97|  14|  4|  66|  0| 136|  0|   136 |     0|        28 |         18|  92|  39|
|  28| 60| 144| 70|  66|  0| 135|  1|   135 |     1|        65 |         37| 113|  21|
| 172| 56|  24| 80|  66|  0| 135|  0|   135 |     0|       168 |         97| 133|  20|
|  10| 38|  64| 40|  66|  0| 135|  0|   135 |     0|       172 |          4| 141|   8|
|  53| 43|  52| 12|  67|  1| 135|  0|   135 |     0|       141 |         31| 114|  27|
| 113| 60|  26| 26|  67|  0| 135|  0|   135 |     0|       133 |          8|  52|  62|
| 133| 20| 130| 96|  67|  0| 134|  1|   134 |     1|       113 |         20|  49|   3|
|  92| 41| 136|  6|  67|  0| 134|  0|   134 |     0|        92 |         21| 153|  96|
| 141| 49| 172| 36|  68|  1| 134|  0|   134 |     0|        53 |         39| 156|   3|
|  52| 89| 129| 43|  68|  0| 134|  0|   134 |     0|        52 |          1| 167|  11|
|  49|  3| 196| 67|  68|  0| 134|  0|   134 |     0|        49 |          3| 200|  33|
| 153| 96| 118| 78|  68|  0| 133|  1|   133 |     1|       114 |         65| 116|  84|
| 156|  3| 139| 21|  68|  0| 133|  0|   133 |     0|       153 |         39|  45|  71|
| 114| 42| 110| 29|  69|  1| 133|  0|   133 |     0|       156 |          3|  42|   3|
| 200| 86|   2| 92|  69|  0| 133|  0|   133 |     0|       167 |         11|  55|  13|
| 116| 84| 145| 57|  69|  0| 133|  0|   133 |     0|       200 |         33|  80|  25|
|  45| 71| 153|  8|  69|  0| 133|  0|   133 |     0|       116 |         84| 121|  41|
| 167| 78|  88| 65|  69|  0| 133|  0|   133 |     0|        45 |         71| 148|  27|
|  42| 75| 117| 29|  70|  1| 133|  0|   133 |     0|        42 |          3| 167|  19|
| 148| 94| 176| 59|  70|  0| 133|  0|   133 |     0|        55 |         13| 138|  29|
|  55| 93|  68| 92|  70|  0| 132|  1|   132 |     1|        80 |         25|  51|  87|
| 121| 66|  30| 38|  70|  0| 132|  0|   132 |     0|       121 |         41|  35|  16|
|  80| 41| 148| 82|  70|  0| 132|  0|   132 |     0|       148 |         27|  33|   2|
| 167| 87|  73| 75|  70|  0| 132|  0|   132 |     0|       167 |         19| 188|  45|
|  35| 68| 184| 89|  70|  0| 132|  0|   132 |     0|       138 |         29| 138|  50|
| 188| 47| 101| 83|  71|  1| 131|  1|   131 |     1|        51 |         87| 134|   4|
|  33| 45| 162| 61|  71|  0| 131|  0|   131 |     0|        35 |         16| 133|   1|
| 138| 95| 161|  1|  71|  0| 131|  0|   131 |     0|        33 |          2| 131|   2|
|  51| 87|  46| 85|  71|  0| 131|  0|   131 |     0|       188 |         45|  54|  77|
| 133| 82| 168| 78|  72|  1| 131|  0|   131 |     0|       138 |         50|  95|  41|
|  54| 79| 193| 25|  72|  0| 131|  0|   131 |     0|       134 |          4| 130|  35|
| 131| 77|  91| 98|  72|  0| 130|  1|   130 |     1|       133 |          1| 159|  29|
| 134|  3|  87|  4|  72|  0| 130|  0|   130 |     0|       131 |          2|  47|  88|
| 138|  4| 123| 36|  72|  0| 130|  0|   130 |     0|        54 |         77|  21|  26|
|  95| 43|  48| 75|  72|  0| 130|  0|   130 |     0|        95 |         41|  23|   2|
|  47| 48| 184| 64|  73|  1| 130|  0|   130 |     0|       130 |         35|  78|  55|
| 159| 88|  85| 99|  73|  0| 130|  0|   130 |     0|       159 |         29|  84|   6|
| 130| 29|   7| 78|  73|  0| 130|  0|   130 |     0|        47 |         88| 114|  30|
|  21| 91| 107|100|  73|  0| 129|  1|   129 |     1|        21 |         26| 145|  31|
|  23|  2|  12| 95|  74|  1| 129|  0|   129 |     0|        23 |          2| 137|   8|
| 114| 91|  96| 84|  74|  0| 129|  0|   129 |     0|        78 |         55|  36|  99|
|  78| 36| 180| 84|  74|  0| 129|  0|   129 |     0|        84 |          6|  35|   1|
| 145| 67|  41| 61|  74|  0| 129|  0|   129 |     0|       114 |         30| 165|  70|
|  84| 61| 165| 76|  74|  0| 129|  0|   129 |     0|       145 |         31| 165|   0|
|  35| 49|  66| 99|  75|  1| 128|  1|   128 |     1|       137 |          8| 132|  33|
| 165| 70| 101| 35|  75|  0| 128|  0|   128 |     0|        36 |         99| 127|   5|
| 137| 28|  80| 21|  75|  0| 128|  0|   128 |     0|        35 |          1|  54|  73|
|  36| 99| 180|100|  75|  0| 128|  0|   128 |     0|       165 |         70|  25|  29|
| 165| 71| 107| 73|  75|  0| 127|  1|   127 |     1|       165 |          0| 189|  36|
|  54| 89| 186| 79|  75|  0| 127|  0|   127 |     0|       132 |         33| 178|  11|
|  25| 29| 101| 85|  75|  0| 127|  0|   127 |     0|       127 |          5| 163|  15|
| 127| 98| 148| 47|  76|  1| 127|  0|   127 |     0|        54 |         73|  94|  69|
| 132|  5| 195| 47|  77|  1| 127|  0|   127 |     0|        25 |         29|  89|   5|
| 189| 57| 132| 63|  77|  0| 127|  0|   127 |     0|       189 |         36|  66|  23|
|  94| 95|  73| 59|  77|  0| 127|  0|   127 |     0|       178 |         11|  32|  34|
|  66| 28| 187| 86|  77|  0| 127|  0|   127 |     0|       163 |         15|  73|  41|
| 178| 88|  52| 65|  78|  1| 126|  1|   126 |     1|        94 |         69| 121|  48|
| 163| 15| 119| 67|  78|  0| 126|  0|   126 |     0|        89 |          5| 142|  21|
|  89| 74| 131| 12|  78|  0| 126|  0|   126 |     0|        66 |         23| 190|  48|
|  32| 57|  38| 93|  78|  0| 126|  0|   126 |     0|        32 |         34| 160|  30|
| 142| 90|  89| 51|  78|  0| 125|  1|   125 |     1|        73 |         41| 147|  13|
| 121| 21|   8| 81|  78|  0| 125|  0|   125 |     0|       121 |         48| 126|  21|
| 190| 69|  79| 71|  79|  1| 125|  0|   125 |     0|       142 |         21| 111|  15|
|  73| 83| 167| 88|  79|  0| 125|  0|   125 |     0|       190 |         48|  27|  84|
| 147| 74|   6| 39|  79|  0| 125|  0|   125 |     0|       160 |         30|  89|  62|
| 160| 13|  52| 46|  79|  0| 125|  0|   125 |     0|       147 |         13|  97|   8|
| 111| 49|  32| 20|  79|  0| 124|  1|   124 |     1|       126 |         21| 130|  33|
|  27| 84|  34|  2|  79|  0| 124|  0|   124 |     0|       111 |         15| 182|  52|
| 126| 99|  43|  9|  79|  0| 124|  0|   124 |     0|        27 |         84|  21|  39|
| 130|  4| 123| 80|  80|  1| 123|  1|   123 |     1|        89 |         62|  52|  31|
|  97| 33|  48| 75|  80|  0| 123|  0|   123 |     0|        97 |          8| 103|  51|
| 182| 85|  81| 33|  80|  0| 123|  0|   123 |     0|       130 |         33| 127|  24|
|  89| 93| 104| 23|  80|  0| 123|  0|   123 |     0|       182 |         52| 186|  59|
|  21| 68|  41| 63|  80|  0| 123|  0|   123 |     0|        21 |         39| 197|  11|
| 127| 94|  97| 56|  80|  0| 123|  0|   123 |     0|        52 |         31| 188|   9|
| 197| 70| 149| 52|  80|  0| 123|  0|   123 |     0|       103 |         51| 181|   7|
| 186| 11|  37| 88|  80|  0| 123|  0|   123 |     0|       127 |         24|  64|  83|
| 103| 83| 186| 51|  80|  0| 123|  0|   123 |     0|       186 |         59|  18|  46|
|  52| 51| 145| 41|  80|  0| 123|  0|   123 |     0|       197 |         11|  11|   7|
| 188| 64| 143|  2|  81|  1| 122|  1|   122 |     1|       188 |          9|  52|  41|
|  18| 30|  97| 46|  81|  0| 122|  0|   122 |     0|       181 |          7|  66|  14|
| 181| 37| 173| 76|  81|  0| 122|  0|   122 |     0|        64 |         83| 138|  72|
|  64| 83| 108| 65|  81|  0| 122|  0|   122 |     0|        18 |         46| 151|  13|
|  11| 53| 106|  2|  81|  0| 122|  0|   122 |     0|        11 |          7| 177|  26|
|  52| 41| 193| 87|  82|  1| 122|  0|   122 |     0|        52 |         41| 156|  21|
| 151| 99| 138| 55|  82|  0| 122|  0|   122 |     0|        66 |         14| 151|   5|
| 177| 26|  93| 45|  82|  0| 121|  1|   121 |     1|       138 |         72|  83|  68|
| 138| 39|  79| 14|  83|  1| 121|  0|   121 |     0|       151 |         13|  68|  15|
|  66| 72| 107| 28|  83|  0| 121|  0|   121 |     0|       177 |         26| 182|  86|
| 156| 90| 157| 50|  83|  0| 121|  0|   121 |     0|       156 |         21| 157|  25|
|  68| 88| 119| 38|  83|  0| 121|  0|   121 |     0|       151 |          5| 133|  24|
| 151| 83| 129| 10|  83|  0| 121|  0|   121 |     0|        83 |         68| 131|   2|
| 182| 31|  20| 91|  83|  0| 121|  0|   121 |     0|        68 |         15|  43|  88|
|  83| 99|  86| 66|  84|  1| 121|  0|   121 |     0|       182 |         86|  25|  18|
| 133| 50|  70| 16|  84|  0| 121|  0|   121 |     0|       157 |         25|  66|  41|
| 157| 24| 148| 78|  85|  1| 120|  1|   120 |     1|       133 |         24|  77|  11|
|  43| 86| 132| 16|  85|  0| 120|  0|   120 |     0|       131 |          2| 101|  24|
| 131| 88| 108| 24|  85|  0| 120|  0|   120 |     0|        43 |         88| 134|  33|
|  25| 94| 158| 50|  85|  0| 120|  0|   120 |     0|        25 |         18| 165|  31|
|  77| 52| 154|  4|  86|  1| 119|  1|   119 |     1|        66 |         41| 176|  11|
| 165| 88| 130| 24|  86|  0| 119|  0|   119 |     0|        77 |         11| 138|  38|
| 101| 64|   3| 73|  86|  0| 119|  0|   119 |     0|       101 |         24| 100|  38|
|  66| 35|  88| 85|  86|  0| 119|  0|   119 |     0|       134 |         33|  71|  29|
| 134| 68|  14| 74|  86|  0| 119|  0|   119 |     0|       165 |         31|  69|   2|
| 176| 42|  44| 30|  87|  1| 119|  0|   119 |     0|       176 |         11|  71|   2|
|  71| 95|  69| 25|  87|  0| 118|  1|   118 |     1|       138 |         38| 110|  39|
|  69|  2| 123| 54|  87|  0| 118|  0|   118 |     0|       100 |         38| 113|   3|
| 100| 31| 172| 49|  87|  0| 118|  0|   118 |     0|        71 |         29| 175|  62|
| 138| 38|  35| 63|  87|  0| 118|  0|   118 |     0|        69 |          2|  55|  80|
|  71| 67|  22| 13|  88|  1| 118|  0|   118 |     0|        71 |          2|  62|   7|
| 113| 42|  19|  3|  88|  0| 117|  1|   117 |     1|       110 |         39|  92|  30|
|  55| 58|  39| 20|  88|  0| 117|  0|   117 |     0|       113 |          3| 105|  13|
| 110| 55| 190| 49|  88|  0| 116|  1|   116 |     1|       175 |         62| 123|  18|
| 175| 65| 125| 65|  88|  0| 116|  0|   116 |     0|        55 |         80| 145|  22|
|  92| 83|  67| 58|  89|  1| 115|  1|   115 |     1|        62 |          7| 185|  40|
|  62| 30| 152| 85|  89|  0| 115|  0|   115 |     0|        92 |         30| 192|   7|
| 105| 43|   6| 54|  89|  0| 115|  0|   115 |     0|       105 |         13| 121|  71|
| 123| 18|  70| 64|  89|  0| 114|  1|   114 |     1|       123 |         18|  89|  32|
| 145| 22| 113| 43|  89|  0| 114|  0|   114 |     0|       145 |         22|   6|  83|
| 185| 40|  93| 20|  89|  0| 114|  0|   114 |     0|       185 |         40|  36|  30|
| 192|  7| 179| 86|  89|  0| 114|  0|   114 |     0|       192 |          7|  68|  32|
|  89| 97|  11| 32|  89|  0| 113|  1|   113 |     1|       121 |         71|  96|  28|
|   6| 83| 141| 70|  89|  0| 113|  0|   113 |     0|        89 |         32| 122|  26|
| 121| 85| 189| 48|  89|  0| 113|  0|   113 |     0|         6 |         83| 161|  39|
|  96| 25| 135| 54|  90|  1| 113|  0|   113 |     0|        36 |         30| 159|   2|
| 161| 65|  24| 89|  90|  0| 113|  0|   113 |     0|        68 |         32| 143|  16|
| 122| 39| 110| 86|  91|  1| 113|  0|   113 |     0|        96 |         28| 141|   2|
|  68| 54| 127| 17|  91|  0| 113|  0|   113 |     0|       122 |         26| 115|  26|
|  36| 32| 172| 45|  91|  0| 113|  0|   113 |     0|       161 |         39|  60|  55|
| 159| 77| 122| 50|  91|  0| 113|  0|   113 |     0|       159 |          2|  88|  28|
|  60| 99| 156| 34|  92|  1| 112|  1|   112 |     1|       143 |         16| 133|  45|
| 143| 83| 183| 27|  92|  0| 112|  0|   112 |     0|       141 |          2| 157|  24|
| 115| 28| 105| 78|  92|  0| 111|  1|   111 |     1|       115 |         26| 161|   4|
| 141| 26| 119| 14|  92|  0| 111|  0|   111 |     0|        60 |         55|  58|  97|
| 133|  8| 121|  2|  92|  0| 111|  0|   111 |     0|        88 |         28|  75|  17|
|  88| 45|  26| 95|  93|  1| 111|  0|   111 |     0|       133 |         45|  92|  17|
|  58| 30| 197| 29|  93|  0| 111|  0|   111 |     0|       157 |         24| 105|  13|
| 161| 97| 158| 39|  93|  0| 111|  0|   111 |     0|       161 |          4| 174|  69|
| 157|  4| 197| 39|  93|  0| 110|  1|   110 |     1|        58 |         97| 195|  21|
| 105| 52| 155| 42|  94|  1| 110|  0|   110 |     0|        75 |         17|  99|  96|
|  92| 13|  27| 72|  94|  0| 110|  0|   110 |     0|        92 |         17|  65|  34|
| 195| 97| 159| 68|  94|  0| 110|  0|   110 |     0|       105 |         13|  37|  28|
|  75| 80| 171| 12|  94|  0| 110|  0|   110 |     0|       174 |         69|  26|  11|
| 174| 99|  55| 84|  95|  1| 110|  0|   110 |     0|       195 |         21|  23|   3|
|  26| 52|  25| 30|  95|  0| 109|  1|   109 |     1|        99 |         96|  34|  11|
|  37| 11| 124| 99|  95|  0| 109|  0|   109 |     0|        65 |         34|  79|  45|
|  23| 14|  80| 44|  95|  0| 108|  1|   108 |     1|        37 |         28|  96|  17|
|  65| 42|  53| 27|  96|  1| 108|  0|   108 |     0|        26 |         11| 153|  57|
|  99| 34|  51|  2|  96|  0| 108|  0|   108 |     0|        23 |          3| 160|   7|
| 160| 61| 200| 51|  96|  0| 108|  0|   108 |     0|        34 |         11| 134|  26|
|  96| 64| 183| 17|  96|  0| 107|  1|   107 |     1|        79 |         45| 110|  24|
|  34| 62|  38| 55|  96|  0| 107|  0|   107 |     0|        96 |         17|  75|  35|
| 153| 81|  82| 44|  97|  1| 107|  0|   107 |     0|       153 |         57|  52|  23|
|  79| 74|  49| 33|  97|  0| 107|  0|   107 |     0|       160 |          7| 189|  63|
|  52| 27|  89| 40|  97|  0| 107|  0|   107 |     0|       134 |         26| 191|   2|
|  75| 23|  84|  5|  97|  0| 106|  1|   106 |     1|       110 |         24| 192|   1|
| 134| 59| 170| 86|  98|  1| 106|  0|   106 |     0|        75 |         35| 155|  37|
| 110| 24|  18| 48|  98|  0| 106|  0|   106 |     0|        52 |         23| 101|  54|
| 189| 79| 185| 33|  99|  1| 105|  1|   105 |     1|       189 |         63|  54|  47|
| 192|  3| 136| 49|  99|  0| 105|  0|   105 |     0|       191 |          2| 102|  48|
| 155| 37| 125| 11|  99|  0| 105|  0|   105 |     0|       192 |          1| 117|  15|
| 191| 36|  52| 73|  99|  0| 105|  0|   105 |     0|       155 |         37| 139|  22|
|  54| 63|  48|  4|  99|  0| 105|  0|   105 |     0|       101 |         54| 172|  33|
| 101| 47|  34| 14|  99|  0| 105|  0|   105 |     0|        54 |         47| 177|   5|
| 117| 16| 140| 94| 100|  1| 104|  1|   104 |     1|       102 |         48| 187|  10|
| 177| 60|  13| 73| 100|  0| 104|  0|   104 |     0|       117 |         15| 172|  15|
| 139| 38|   2| 11| 100|  0| 104|  0|   104 |     0|       139 |         22|  86|  86|
| 172| 33| 180| 22| 100|  0| 104|  0|   104 |     0|       172 |         33|  64|  22|
| 102| 70|  80|100| 101|  1| 104|  0|   104 |     0|       177 |          5|   9|  55|
| 187| 85|  27| 53| 101|  0| 104|  0|   104 |     0|       187 |         10|  27|  18|
| 172| 15|   5| 22| 101|  0| 103|  1|   103 |     1|       172 |         15|  66|  39|
|  64| 92|  83| 78| 101|  0| 103|  0|   103 |     0|        86 |         86|  83|  17|
|   9| 55| 170| 87| 101|  0| 103|  0|   103 |     0|        64 |         22| 170|  87|
|  86| 77|  66| 96| 101|  0| 102|  1|   102 |     1|         9 |         55|   5|  35|
|  66| 20|  86| 20| 101|  0| 102|  0|   102 |     0|        27 |         18|  13|   8|
| 170| 96|   9| 77| 101|  0| 102|  0|   102 |     0|        66 |         39|  80|  67|
|  83| 87|  64| 55| 101|  0| 101|  1|   101 |     1|        83 |         17| 140|  60|
|   5| 78| 172| 92| 102|  1| 101|  0|   101 |     0|       170 |         87| 180|  40|
|  27| 22| 187| 15| 102|  0| 101|  0|   101 |     0|         5 |         35|   2|  22|
|  80| 53| 102| 85| 102|  0| 101|  0|   101 |     0|        13 |          8|  34|  32|
| 180|100| 172| 70| 103|  1| 101|  0|   101 |     0|        80 |         67|  48|  14|
|   2| 22| 139| 33| 103|  0| 101|  0|   101 |     0|       140 |         60|  52|   4|
|  13| 11| 177| 38| 103|  0| 101|  0|   101 |     0|       180 |         40| 125|  73|
| 140| 73| 117| 60| 104|  1| 101|  0|   101 |     0|         2 |         22| 136|  11|
|  34| 94| 101| 16| 104|  0| 101|  0|   101 |     0|        34 |         32| 170|  34|
|  48| 14|  54| 47| 104|  0| 100|  1|   100 |     1|        48 |         14| 185|  15|
|  52|  4| 191| 63| 104|  0| 100|  0|   100 |     0|        52 |          4|  89|  96|
| 125| 73| 155| 36| 104|  0| 100|  0|   100 |     0|       125 |         73|  84|   5|
| 136| 11| 192| 37| 104|  0| 100|  0|   100 |     0|       136 |         11|  18|  66|
| 185| 49| 189|  3| 105|  1|  99|  1|    99 |     1|       170 |         34|  38|  20|
|  18| 33| 110| 79| 105|  0|  99|  0|    99 |     0|       185 |         15|  49|  11|
| 170| 48| 134| 24| 105|  0|  99|  0|    99 |     0|        89 |         96|  82|  33|
|  84| 86|  75| 59| 105|  0|  99|  0|    99 |     0|        84 |          5| 183|  99|
|  89|  5|  52| 23| 105|  0|  99|  0|    99 |     0|        18 |         66| 200|  17|
|  49| 40|  79| 27| 105|  0|  99|  0|    99 |     0|        38 |         20| 124|  76|
|  82| 33| 153| 74| 106|  1|  98|  1|    98 |     1|        49 |         11|  80|  44|
|  38| 44|  34| 81| 106|  0|  98|  0|    98 |     0|        82 |         33|  53|  27|
| 183| 55|  96| 62| 106|  0|  97|  1|    97 |     1|       183 |         99|  51|   2|
| 200| 17| 160| 64| 107|  1|  97|  0|    97 |     0|       200 |         17|  25|  26|
|  51| 51|  99| 61| 107|  0|  97|  0|    97 |     0|       124 |         76|  27|   2|
|  53|  2|  65| 34| 107|  0|  97|  0|    97 |     0|        80 |         44|  55|  28|
|  80| 27|  23| 42| 107|  0|  96|  1|    96 |     1|        53 |         27| 155| 100|
| 124| 44|  37| 14| 107|  0|  96|  0|    96 |     0|        51 |          2| 159|   4|
|  25| 99|  26| 11| 108|  1|  96|  0|    96 |     0|        25 |         26| 171|  12|
|  55| 30| 174| 52| 108|  0|  96|  0|    96 |     0|        27 |          2| 197|  26|
| 171| 84|  75| 99| 108|  0|  96|  0|    96 |     0|        55 |         28| 197|   0|
| 159| 12| 195| 80| 108|  0|  95|  1|    95 |     1|       155 |        100| 158|  39|
|  27| 68|  92| 97| 109|  1|  95|  0|    95 |     0|       159 |          4| 121|  37|
| 155| 72| 105| 13| 109|  0|  95|  0|    95 |     0|       171 |         12|  26|  95|
| 197| 42| 157| 52| 110|  1|  95|  0|    95 |     0|       197 |         26| 105|  79|
| 158| 39| 161|  4| 110|  0|  94|  1|    94 |     1|       197 |          0| 119|  14|
| 197| 39|  58| 97| 110|  0|  94|  0|    94 |     0|       158 |         39| 122|   3|
|  26| 29|  88| 30| 110|  0|  94|  0|    94 |     0|       121 |         37| 156|  34|
| 121| 95| 133| 45| 110|  0|  94|  0|    94 |     0|        26 |         95| 183|  27|
| 119|  2| 141|  8| 110|  0|  93|  1|    93 |     1|       105 |         79| 172|  11|
| 105| 14| 115| 26| 111|  1|  93|  0|    93 |     0|       119 |         14| 135|  37|
| 183| 78| 143| 28| 111|  0|  93|  0|    93 |     0|       122 |          3| 127|   8|
| 156| 27|  60| 83| 111|  0|  93|  0|    93 |     0|       156 |         34| 110|  17|
| 122| 34| 159| 99| 111|  0|  92|  1|    92 |     1|       183 |         27|  24|  86|
| 172| 50|  36| 77| 111|  0|  92|  0|    92 |     0|       172 |         11|  93|  69|
| 127| 45|  68| 32| 111|  0|  92|  0|    92 |     0|       135 |         37| 141|  48|
| 110| 17| 122| 54| 112|  1|  92|  0|    92 |     0|       127 |          8| 179|  38|
|  24| 86| 161| 39| 112|  0|  92|  0|    92 |     0|       110 |         17| 189|  10|
| 135| 89|  96| 65| 113|  1|  91|  1|    91 |     1|        24 |         86|  11|  22|
| 189| 54| 121| 25| 113|  0|  91|  0|    91 |     0|        93 |         69|  67|  56|
| 141| 48|   6| 85| 113|  0|  91|  0|    91 |     0|       141 |         48|  70|   3|
|  11| 70|  89| 83| 113|  0|  91|  0|    91 |     0|       179 |         38| 113|  43|
| 179| 32| 192| 97| 113|  0|  90|  1|    90 |     1|       189 |         10| 152|  39|
|  93| 86| 185|  7| 113|  0|  90|  0|    90 |     0|        11 |         22|   6|  54|
| 113| 20| 145| 40| 113|  0|  89|  1|    89 |     1|        67 |         56|  19|  13|
|  70| 43| 123| 22| 113|  0|  89|  0|    89 |     0|        70 |          3|  22|   3|
|   6| 64| 105| 18| 113|  0|  89|  0|    89 |     0|       113 |         43|  39|  17|
| 152| 54|  62| 43| 114|  1|  89|  0|    89 |     0|       152 |         39| 125|  86|
|  67| 85|  92| 30| 114|  0|  89|  0|    89 |     0|         6 |         54| 190|  65|
| 125| 58| 175| 83| 114|  0|  89|  0|    89 |     0|        19 |         13| 172|  18|
| 190| 65| 110| 65| 114|  0|  89|  0|    89 |     0|        22 |          3| 123|  49|
|  39| 49|  55| 55| 115|  1|  89|  0|    89 |     0|        39 |         17|  69|  54|
|  19| 20| 113| 58| 115|  0|  89|  0|    89 |     0|       125 |         86|  44|  25|
|  22|  3|  71| 42| 115|  0|  89|  0|    89 |     0|       190 |         65|  35|   9|
|  35| 13| 138| 67| 116|  1|  88|  1|    88 |     1|       172 |         18|  14|  21|
| 172| 63| 100| 38| 116|  0|  88|  0|    88 |     0|       123 |         49|   3|  11|
| 123| 49|  69| 31| 117|  1|  88|  0|    88 |     0|        69 |         54|  88|  85|
|  69| 54|  71|  2| 117|  0|  88|  0|    88 |     0|        44 |         25| 130|  42|
|  44| 25| 176| 95| 118|  1|  88|  0|    88 |     0|        35 |          9| 154|  24|
|  14| 30| 134| 42| 118|  0|  87|  1|    87 |     1|        14 |         21| 158|   4|
|  88| 74|  66| 68| 118|  0|  87|  0|    87 |     0|         3 |         11| 148|  10|
|   3| 85| 101| 35| 118|  0|  87|  0|    87 |     0|        88 |         85| 132|  16|
| 130| 73| 165| 64| 118|  0|  87|  0|    87 |     0|       130 |         42| 108|  24|
| 154| 24|  77| 88| 119|  1|  87|  0|    87 |     0|       154 |         24|  70|  38|
| 158|  4|  25| 52| 119|  0|  86|  1|    86 |     1|       158 |          4|  86|  16|
| 108| 50| 131| 94| 119|  0|  86|  0|    86 |     0|       148 |         10| 119|  33|
| 132| 24|  43| 88| 119|  0|  86|  0|    86 |     0|       132 |         16| 129|  10|
| 148| 16| 157| 86| 119|  0|  86|  0|    86 |     0|       108 |         24| 157|  28|
|  70| 78| 133| 24| 119|  0|  86|  0|    86 |     0|        70 |         38|  20|  63|
|  86| 16|  83| 50| 120|  1|  85|  1|    85 |     1|        86 |         16|  79|  59|
|  20| 66| 182| 99| 120|  0|  85|  0|    85 |     0|       119 |         33|  93|  14|
| 129| 91| 151| 31| 120|  0|  85|  0|    85 |     0|       129 |         10| 107|  14|
| 119| 10|  68| 83| 120|  0|  85|  0|    85 |     0|       157 |         28| 138|  31|
| 157| 38| 156| 88| 121|  1|  84|  1|    84 |     1|        20 |         63| 193|  55|
| 107| 50|  66| 90| 121|  0|  84|  0|    84 |     0|        79 |         59| 173|  20|
|  79| 28| 138| 72| 121|  0|  83|  1|    83 |     1|        93 |         14| 143|  30|
|  93| 14| 177| 39| 121|  0|  83|  0|    83 |     0|       107 |         14| 108|  35|
| 138| 45| 151| 26| 121|  0|  83|  0|    83 |     0|       138 |         31| 106|   2|
| 193| 55|  52| 99| 121|  0|  83|  0|    83 |     0|       193 |         55|  97|   9|
| 106| 87|  11| 41| 121|  0|  83|  0|    83 |     0|       173 |         20|  97|   0|
| 108|  2|  64| 53| 121|  0|  83|  0|    83 |     0|       143 |         30| 145|  48|
| 173| 65| 181| 83| 121|  0|  82|  1|    82 |     1|       108 |         35| 149|   4|
|  97| 76|  18| 37| 122|  1|  82|  0|    82 |     0|       106 |          2| 186|  37|
| 143| 46| 188| 30| 122|  0|  82|  0|    82 |     0|        97 |          9|  37|  51|
| 145|  2|  52| 64| 122|  0|  81|  1|    81 |     1|        97 |          0|  41|   4|
| 186| 41| 103| 51| 122|  0|  81|  0|    81 |     0|       145 |         48|  48|   7|
|  37| 51| 186| 83| 122|  0|  81|  0|    81 |     0|       149 |          4|  81|  33|
| 149| 88| 197| 11| 122|  0|  81|  0|    81 |     0|       186 |         37| 104|  23|
|  97| 52| 127| 70| 122|  0|  81|  0|    81 |     0|        37 |         51| 123|  19|
|  41| 56|  21| 94| 123|  1|  80|  1|    80 |     1|        41 |          4|  52|  71|
| 104| 63|  89| 68| 123|  0|  80|  0|    80 |     0|        48 |          7|  43|   9|
|  81| 23| 182| 93| 123|  0|  80|  0|    80 |     0|        81 |         33|  34|   9|
|  48| 33|  97| 85| 123|  0|  80|  0|    80 |     0|       104 |         23|  32|   2|
| 123| 75| 130| 33| 123|  0|  80|  0|    80 |     0|       123 |         19|   6|  26|
|  43| 80| 126|  4| 123|  0|  80|  0|    80 |     0|        52 |         71|   8|   2|
|  34|  9|  27| 99| 123|  0|  80|  0|    80 |     0|        43 |          9|  38|  30|
|  32|  2| 111| 84| 123|  0|  80|  0|    80 |     0|        34 |          9|  79|  41|
|  52| 20| 160| 49| 123|  0|  80|  0|    80 |     0|        32 |          2|  89|  10|
|   6| 46| 147| 13| 123|  0|  80|  0|    80 |     0|         6 |         26| 167|  78|
| 167| 39|  73| 74| 124|  1|  79|  1|    79 |     1|         8 |          2| 131|  36|
|  79| 88| 190| 83| 124|  0|  79|  0|    79 |     0|        38 |         30| 119|  12|
|   8| 71| 121| 69| 124|  0|  79|  0|    79 |     0|        79 |         41|  73|  46|
|  89| 81| 142| 21| 125|  1|  79|  0|    79 |     0|        89 |         10|  52|  21|
|  38| 51|  32| 90| 125|  0|  79|  0|    79 |     0|       167 |         78| 187|  65|
| 131| 93|  89| 57| 125|  0|  79|  0|    79 |     0|       131 |         36| 186|   1|
| 119| 12| 163| 74| 125|  0|  79|  0|    79 |     0|       119 |         12| 148|  38|
|  52| 67| 178| 15| 125|  0|  78|  1|    78 |     1|        73 |         46| 132|  16|
| 187| 65|  66| 88| 125|  0|  78|  0|    78 |     0|        52 |         21| 101|  31|
|  73| 86|  94| 28| 126|  1|  78|  0|    78 |     0|       187 |         65| 195|  94|
| 132| 59| 189| 95| 126|  0|  78|  0|    78 |     0|       186 |          1| 180|  15|
| 195| 63| 132| 57| 126|  0|  78|  0|    78 |     0|       148 |         38| 107|  73|
| 148| 47| 127|  5| 126|  0|  78|  0|    78 |     0|       132 |         16| 101|   6|
| 101| 47|  25| 98| 127|  1|  77|  1|    77 |     1|       101 |         31|  80|  21|
| 186| 85|  54| 29| 127|  0|  77|  0|    77 |     0|       195 |         94|  66|  14|
| 107| 79| 165| 89| 127|  0|  77|  0|    77 |     0|       180 |         15|  96|  30|
| 180| 73|  36| 71| 127|  0|  77|  0|    77 |     0|       107 |         73| 165|  69|
|  80|100| 137| 99| 127|  0|  76|  1|    76 |     1|       101 |          6| 180|  15|
| 101| 21| 165| 28| 127|  0|  75|  1|    75 |     1|        80 |         21|  41|  61|
|  66| 35|  35| 70| 127|  0|  75|  0|    75 |     0|        66 |         14|  12|  29|
| 165| 99|  84| 49| 127|  0|  75|  0|    75 |     0|        96 |         30|  48|  36|
|  41| 76| 145| 61| 128|  1|  75|  0|    75 |     0|       165 |         69|  85|  37|
| 180| 61|  78| 67| 128|  0|  75|  0|    75 |     0|       180 |         15| 107|  22|
|  96| 84| 114| 36| 128|  0|  75|  0|    75 |     0|        41 |         61| 184|  77|
|  12| 84|  23| 91| 128|  0|  75|  0|    75 |     0|        12 |         29|   7|  23|
| 107| 95|  21|  2| 129|  1|  74|  1|    74 |     1|        48 |         36|  87|  80|
|   7|100| 130| 91| 129|  0|  74|  0|    74 |     0|        85 |         37|  91|   4|
|  85| 78| 159| 29| 129|  0|  74|  0|    74 |     0|       107 |         22| 123|  32|
| 184| 99|  47| 88| 129|  0|  74|  0|    74 |     0|       184 |         77| 168|  45|
|  48| 64|  95| 48| 129|  0|  74|  0|    74 |     0|         7 |         23| 193|  25|
| 123| 75| 138| 43| 129|  0|  73|  1|    73 |     1|        87 |         80| 184|   9|
|  87| 36| 134|  4| 130|  1|  73|  0|    73 |     0|        91 |          4| 162|  22|
|  91|  4| 131|  3| 130|  0|  73|  0|    73 |     0|       123 |         32| 161|   1|
| 193| 98|  54| 77| 130|  0|  73|  0|    73 |     0|       168 |         45| 101|  60|
| 168| 25| 133| 79| 130|  0|  72|  1|    72 |     1|       193 |         25|  46|  55|
|  46| 78|  51| 82| 130|  0|  72|  0|    72 |     0|       184 |          9|  68|  22|
| 161| 85| 138| 87| 130|  0|  72|  0|    72 |     0|       162 |         22|  73|   5|
| 162|  1|  33| 95| 130|  0|  72|  0|    72 |     0|       161 |          1| 148|  75|
| 101| 61| 188| 45| 131|  1|  72|  0|    72 |     0|       101 |         60| 176|  28|
| 184| 83|  35| 47| 131|  0|  72|  0|    72 |     0|        46 |         55|  30|  54|
|  73| 89| 167| 68| 131|  0|  71|  1|    71 |     1|        68 |         22|  88|  58|
| 148| 75|  80| 87| 131|  0|  71|  0|    71 |     0|        73 |          5| 117|  29|
|  30| 82| 121| 41| 131|  0|  71|  0|    71 |     0|       148 |         75| 145|  28|
|  68| 38|  55| 66| 131|  0|  71|  0|    71 |     0|       176 |         28| 153|   8|
| 176| 92| 148| 93| 132|  1|  70|  1|    70 |     1|        30 |         54|   2|  49|
| 117| 59|  42| 94| 132|  0|  70|  0|    70 |     0|        88 |         58| 110|  92|
|  88| 29| 167| 75| 132|  0|  70|  0|    70 |     0|       117 |         29| 118|   8|
| 153| 65|  45| 78| 132|  0|  70|  0|    70 |     0|       145 |         28| 129|  11|
| 145|  8| 116| 71| 132|  0|  70|  0|    70 |     0|       153 |          8| 139|  10|
|   2| 57| 200| 84| 133|  1|  70|  0|    70 |     0|         2 |         49| 196|  57|
| 110| 92| 114| 86| 133|  0|  70|  0|    70 |     0|       110 |         92| 172|  24|
| 139| 29| 156| 42| 133|  0|  69|  1|    69 |     1|       118 |          8| 136|  36|
| 118| 21| 153|  3| 133|  0|  69|  0|    69 |     0|       129 |         11| 130|   6|
| 196| 78|  49| 96| 133|  0|  69|  0|    69 |     0|       139 |         10|  52|  78|
| 129| 67|  52|  3| 133|  0|  69|  0|    69 |     0|       196 |         57|  26|  26|
| 172| 43| 141| 89| 133|  0|  69|  0|    69 |     0|       172 |         24|  64|  38|
| 136| 36|  92| 49| 133|  0|  68|  1|    68 |     1|       136 |         36| 144|  80|
| 130|  6| 133| 41| 133|  0|  68|  0|    68 |     0|       130 |          6|  24|  80|
|  26| 96| 113| 20| 134|  1|  68|  0|    68 |     0|        52 |         78|  14|  10|
|  52| 26|  53| 60| 134|  0|  68|  0|    68 |     0|        26 |         26|  10|   4|
|  64| 12|  10| 43| 134|  0|  68|  0|    68 |     0|        64 |         38|  10|   0|
|  24| 40| 172| 38| 134|  0|  67|  1|    67 |     1|       144 |         80|  56|  46|
| 144| 80|  28| 56| 134|  0|  67|  0|    67 |     0|        24 |         80| 154|  98|
|  14| 70| 168| 60| 135|  1|  67|  0|    67 |     0|        14 |         10| 171|  17|
|  10|  4|  65| 97| 135|  0|  67|  0|    67 |     0|        10 |          4| 193|  22|
| 193| 17| 129| 64| 135|  0|  66|  1|    66 |     1|        10 |          0| 193|   0|
| 171| 22|   2| 73| 135|  0|  66|  0|    66 |     0|        56 |         46| 192|   1|
|  56| 85| 162| 40| 135|  0|  66|  0|    66 |     0|       154 |         98| 164|  28|
| 154| 98| 161|  1| 136|  1|  66|  0|    66 |     0|       171 |         17|  99|  65|
|  10| 56| 141| 20| 136|  0|  66|  0|    66 |     0|       193 |         22|  44|  55|
| 193| 17| 163| 22| 136|  0|  66|  0|    66 |     0|       193 |          0|  65|  21|
| 164| 29|  18| 55| 136|  0|  66|  0|    66 |     0|       192 |          1|  75|  10|
|  99| 65| 173| 45| 136|  0|  66|  0|    66 |     0|       164 |         28| 120|  45|
| 192| 93| 143| 30| 137|  1|  66|  0|    66 |     0|        99 |         65| 141|  21|
|  44| 52| 109| 34| 137|  0|  65|  1|    65 |     1|        44 |         55|   9|  68|
| 141| 97|  63| 46| 138|  1|  65|  0|    65 |     0|        65 |         21|  24|  15|
|  65| 76| 146| 83| 138|  0|  65|  0|    65 |     0|        75 |         10|  52|  28|
|  75| 10| 134| 12| 138|  0|  65|  0|    65 |     0|       120 |         45|  67|  15|
| 120| 45|  49| 85| 138|  0|  65|  0|    65 |     0|       141 |         21| 120|  53|
|   9| 89|  41|  8| 138|  0|  65|  0|    65 |     0|         9 |         68|   4|  84|
|  24| 15| 177| 64| 138|  0|  65|  0|    65 |     0|        24 |         15|  27|  23|
|  52| 28|  37| 60| 139|  1|  65|  0|    65 |     0|        52 |         28|  72|  45|
|  67| 15| 145| 92| 139|  0|  64|  1|    64 |     1|        67 |         15|  78|   6|
| 120| 53| 121| 24| 139|  0|  64|  0|    64 |     0|       120 |         53| 105|  27|
|   4| 84|  42| 79| 139|  0|  64|  0|    64 |     0|         4 |         84| 114|   9|
| 114| 90|  78| 36| 139|  0|  64|  0|    64 |     0|        27 |         23|  54|  60|
|  78| 36| 170| 92| 140|  1|  64|  0|    64 |     0|        72 |         45|   4|  50|
|  27| 51|  12| 42| 140|  0|  63|  1|    63 |     1|        78 |          6| 134|  70|
| 105| 78|  86| 74| 141|  1|  63|  0|    63 |     0|       105 |         27| 186|  52|
|  72| 33| 157| 71| 141|  0|  63|  0|    63 |     0|       114 |          9| 190|   4|
|   4| 68|  56| 99| 141|  0|  63|  0|    63 |     0|        54 |         60| 165|  25|
| 190| 14|  50|  6| 141|  0|  63|  0|    63 |     0|         4 |         50| 122|  43|
|  54| 64|  91| 41| 141|  0|  62|  1|    62 |     1|       134 |         70|  59|  63|
| 134| 80| 152| 61| 141|  0|  62|  0|    62 |     0|       186 |         52|  27|  32|
| 186| 52|  26| 74| 141|  0|  62|  0|    62 |     0|       190 |          4| 200|  27|
| 165| 21|  65| 39| 141|  0|  62|  0|    62 |     0|       165 |         25| 197|   3|
|  59| 94|  68|  3| 142|  1|  62|  0|    62 |     0|       122 |         43| 162|  35|
| 122| 63| 104| 36| 142|  0|  60|  2|    60 |     2|        59 |         63| 108|  54|
| 200| 78|  89| 15| 142|  0|  60|  0|    60 |     0|        27 |         32|  66|  42|
|  27| 27|  93|  4| 142|  0|  59|  1|    59 |     1|       200 |         27|  21|  45|
|  66| 39| 188| 95| 143|  1|  59|  0|    59 |     0|       197 |          3|  43|  22|
| 108| 42|  96| 92| 143|  0|  59|  0|    59 |     0|       162 |         35| 118|  75|
| 197| 89|  42| 54| 143|  0|  59|  0|    59 |     0|       108 |         54| 141|  23|
|  21| 24| 172| 70| 143|  0|  59|  0|    59 |     0|        66 |         42|  14|  73|
| 162| 59| 158| 14| 143|  0|  59|  0|    59 |     0|        21 |         45|   5|   9|
| 141| 21| 159|  1| 143|  0|  58|  1|    58 |     1|        43 |         22| 119|  86|
|   5| 64|   3| 44| 144|  1|  57|  1|    57 |     1|       118 |         75| 131|  12|
|  14|  9|  83| 80| 144|  0|  57|  0|    57 |     0|       141 |         23| 156|  25|
| 118| 96| 132| 49| 144|  0|  57|  0|    57 |     0|        14 |         73| 169|  13|
|  43| 75| 162| 30| 144|  0|  57|  0|    57 |     0|         5 |          9| 197|  28|
| 156| 87| 199| 37| 144|  0|  57|  0|    57 |     0|       119 |         86| 142|  55|
| 169| 13|  29| 30| 144|  0|  57|  0|    57 |     0|       131 |         12|  49|  93|
| 197| 28| 172| 57| 145|  1|  56|  1|    56 |     1|       156 |         25|  23|  26|
| 131| 66| 140| 32| 145|  0|  56|  0|    56 |     0|       169 |         13|   8|  15|
| 119| 12| 123| 17| 145|  0|  55|  1|    55 |     1|       197 |         28| 200|   8|
|  23| 96| 182| 59| 145|  0|  55|  0|    55 |     0|       142 |         55| 154|  46|
|   8| 15|  51| 69| 145|  0|  55|  0|    55 |     0|        49 |         93| 143|  11|
| 142| 66| 185| 66| 145|  0|  55|  0|    55 |     0|        23 |         26|  83|  60|
|  49| 93|  13| 28| 145|  0|  55|  0|    55 |     0|         8 |         15|  66|  17|
| 200| 49| 183| 30| 146|  1|  55|  0|    55 |     0|       200 |          8|  18|  48|
|  83| 83|  11| 28| 146|  0|  55|  0|    55 |     0|       154 |         46|  27|   9|
|  66| 17| 186| 25| 146|  0|  54|  1|    54 |     1|       143 |         11| 105|  78|
| 143| 77| 146| 40| 146|  0|  54|  0|    54 |     0|        83 |         60| 133|  28|
|  18| 75|  94| 52| 146|  0|  54|  0|    54 |     0|        66 |         17| 194|  61|
| 154| 64| 124| 30| 146|  0|  54|  0|    54 |     0|        18 |         48|  10|  16|
| 194| 40|  18| 94| 146|  0|  54|  0|    54 |     0|        27 |          9|  44|  34|
|  27| 33| 184| 34| 147|  1|  54|  0|    54 |     0|       105 |         78|  87|  43|
|  10| 17| 136| 48| 147|  0|  54|  0|    54 |     0|       133 |         28| 121|  34|
| 105| 95|  43| 93| 147|  0|  54|  0|    54 |     0|       194 |         61| 123|   2|
| 133| 28|  45|  2| 147|  0|  54|  0|    54 |     0|        10 |         16| 175|  52|
|  87| 46| 125| 80| 148|  1|  54|  0|    54 |     0|        44 |         34| 174|   1|
|  44| 43| 121|  4| 148|  0|  53|  1|    53 |     1|        87 |         43|  57|  83|
| 123| 79|  47| 74| 148|  0|  53|  0|    53 |     0|       121 |         34|  45|  12|
| 121|  2|  43|  4| 148|  0|  53|  0|    53 |     0|       123 |          2|  27|  18|
| 175| 54| 127| 84| 148|  0|  53|  0|    53 |     0|       175 |         52|  27|   0|
|  27| 52| 104| 23| 149|  1|  53|  0|    53 |     0|       174 |          1| 129|  98|
|  27|  0|  71| 33| 149|  0|  53|  0|    53 |     0|        57 |         83| 141|  12|
|  57| 30| 108| 37| 149|  0|  53|  0|    53 |     0|        45 |         12| 161|  20|
| 174| 83|  34| 74| 150|  1|  53|  0|    53 |     0|        27 |         18| 162|   1|
|  45| 71| 143| 91| 150|  0|  53|  0|    53 |     0|        27 |          0|   2|  40|
|  99| 54|  20| 77| 150|  0|  52|  1|    52 |     1|        80 |         53|  80|  78|
| 171| 72|  70| 50| 150|  0|  52|  0|    52 |     0|        99 |         19|  99|  19|
| 128| 43| 157| 87| 150|  0|  52|  0|    52 |     0|       128 |         29| 128|  29|
| 146| 18| 111| 46| 151|  1|  52|  0|    52 |     0|       146 |         18| 146|  18|
|  80| 66|  17| 94| 151|  0|  52|  0|    52 |     0|       171 |         25| 171|  25|
|  85|  5| 200| 17| 151|  0|  52|  0|    52 |     0|       110 |         61| 178|   7|
|  37| 48| 184| 16| 151|  0|  52|  0|    52 |     0|       101 |          9| 181|   3|
|  79| 42| 131| 53| 151|  0|  52|  0|    52 |     0|        85 |         16|  82|  99|
| 110| 31|  42| 89| 151|  0|  52|  0|    52 |     0|        79 |          6|  29|  53|
| 101|  9|  57| 15| 151|  0|  52|  0|    52 |     0|        37 |         42|   8|  21|
| 178| 77| 168| 89| 152|  1|  51|  1|    51 |     1|        82 |         45| 149|  59|
|  29| 51| 160|  8| 152|  0|  51|  0|    51 |     0|       178 |         96| 155|   6|
|  82| 53| 139| 21| 152|  0|  51|  0|    51 |     0|       181 |          3| 187|  32|
|   8| 74|  53| 86| 152|  0|  51|  0|    51 |     0|        29 |         48| 190|   3|
| 181| 27|  25| 28| 152|  0|  51|  0|    51 |     0|         8 |         21|   1|  11|
| 187|  6| 156| 69| 152|  0|  51|  0|    51 |     0|       149 |         59|  48|  47|
| 155| 32|  42| 86| 152|  0|  50|  1|    50 |     1|       155 |          6| 119|  71|
| 190| 35| 170| 72| 152|  0|  50|  0|    50 |     0|       187 |         32| 122|   3|
|   1| 11|  59| 89| 153|  1|  50|  0|    50 |     0|       190 |          3| 151|  29|
| 149| 52|  39| 20| 153|  0|  50|  0|    50 |     0|         1 |         11| 156|   5|
| 119| 30| 153| 86| 153|  0|  49|  1|    49 |     1|        48 |         47| 128|  28|
|  48| 71| 135| 18| 153|  0|  49|  0|    49 |     0|       119 |         71| 123|   5|
| 151| 97|  78| 57| 153|  0|  49|  0|    49 |     0|       122 |          3| 118|   5|
| 122| 29|  17| 61| 154|  1|  49|  0|    49 |     0|       151 |         29|  50|  68|
| 156| 34| 113| 96| 154|  0|  49|  0|    49 |     0|       156 |          5| 190|  60|
| 123| 33|  36| 77| 154|  0|  49|  0|    49 |     0|       128 |         28| 147|  43|
|  50| 73|  97| 61| 154|  0|  49|  0|    49 |     0|       123 |          5|  59|  88|
| 118| 68| 146| 49| 155|  1|  48|  1|    48 |     1|       118 |          5|  50|   9|
| 190| 72| 149|  3| 155|  0|  48|  0|    48 |     0|        50 |         68|  28|  22|
| 128| 62| 168| 19| 155|  0|  48|  0|    48 |     0|       190 |         60|  21|   7|
| 147| 19|  62| 94| 155|  0|  48|  0|    48 |     0|       147 |         43|  10|  11|
|  50| 97|  40| 22| 155|  0|  48|  0|    48 |     0|        59 |         88|   9|   1|
|  28| 22|  38|  2| 156|  1|  47|  1|    47 |     1|        50 |          9|   4|   5|
|  21|  7|  42|  4| 156|  0|  47|  0|    47 |     0|        28 |         22|  59|  55|
|  59| 38|  89| 47| 156|  0|  47|  0|    47 |     0|        21 |          7|  81|  22|
|   4| 55|  73| 16| 156|  0|  47|  0|    47 |     0|        10 |         11|  90|   9|
|   9|  5|  66|  7| 156|  0|  47|  0|    47 |     0|         9 |          1|  96|   6|
|  59| 50|  51| 15| 156|  0|  47|  0|    47 |     0|         4 |          5| 142|  46|
|  81| 22| 111| 60| 156|  0|  46|  1|    46 |     1|        59 |         55| 177|  35|
|  10| 71| 113|  2| 156|  0|  46|  0|    46 |     0|        81 |         22|  69|  92|
|  96| 86| 152| 39| 156|  0|  46|  0|    46 |     0|        90 |          9|  59|  10|
|  69| 27|  37| 85| 157|  1|  46|  0|    46 |     0|        96 |          6|  57|   2|
|  90| 21|  90| 53| 157|  0|  46|  0|    46 |     0|       142 |         46|  47|  10|
| 177| 87| 125| 35| 157|  0|  46|  0|    46 |     0|       177 |         35|  42|   5|
| 142| 35|   8| 83| 157|  0|  46|  0|    46 |     0|        69 |         92| 191|  51|
|  42|100| 144| 64| 157|  0|  45|  1|    45 |     1|        59 |         10| 144|  47|
|  57| 15|  72| 72| 157|  0|  45|  0|    45 |     0|        57 |          2| 132|  12|
|  59|  2| 129| 57| 158|  1|  45|  0|    45 |     0|        47 |         10| 107|  25|
|  47| 12| 110| 19| 158|  0|  45|  0|    45 |     0|        42 |          5| 100|   7|
| 191| 56|  79| 31| 158|  0|  45|  0|    45 |     0|       191 |         51|  10|  90|
|  10| 19|  33| 46| 158|  0|  45|  0|    45 |     0|       144 |         47|  50|  40|
| 107| 97|  25|  8| 159|  1|  45|  0|    45 |     0|       132 |         12|  62|  12|
| 132| 25| 111| 86| 159|  0|  45|  0|    45 |     0|       107 |         25|  70|   8|
| 100| 32|  30| 81| 159|  0|  44|  1|    44 |     1|       100 |          7|  70|   0|
| 144| 44| 100| 70| 159|  0|  44|  0|    44 |     0|        10 |         90| 129|  59|
| 129| 15| 130| 30| 159|  0|  44|  0|    44 |     0|        50 |         40| 152|  23|
|  50| 79|  55| 75| 159|  0|  44|  0|    44 |     0|        62 |         12| 187|  35|
|  70| 20|  65| 10| 159|  0|  44|  0|    44 |     0|        70 |          8| 197|  10|
|  62|  8|  47| 18| 160|  1|  44|  0|    44 |     0|        70 |          0|  74|  77|
|  70|  8| 127| 80| 160|  0|  43|  1|    43 |     1|       129 |         59|  53|  21|
| 197| 73| 179| 52| 160|  0|  43|  0|    43 |     0|       152 |         23|  55|   2|
|  74| 77| 152| 27| 160|  0|  43|  0|    43 |     0|       187 |         35|  77|  22|
| 152| 78|  74| 78| 161|  1|  43|  0|    43 |     0|       197 |         10| 157|  80|
| 187| 35| 196| 78| 161|  0|  43|  0|    43 |     0|        74 |         77| 164|   7|
|  53| 66|  33| 37| 161|  0|  43|  0|    43 |     0|        53 |         21|  51|  87|
| 164| 89|  99| 66| 161|  0|  42|  1|    42 |     1|        55 |          2|  57|   6|
|  55| 91| 120| 21| 161|  0|  42|  0|    42 |     0|        77 |         22|  69|  12|
| 157| 98| 107| 13| 161|  0|  42|  0|    42 |     0|       157 |         80| 118|  49|
|  77| 80| 196| 89| 161|  0|  42|  0|    42 |     0|       164 |          7| 148|  30|
|  51| 26|   7| 11| 162|  1|  42|  0|    42 |     0|        51 |         87| 156|   8|
| 148| 97|  10|  3| 162|  0|  42|  0|    42 |     0|        57 |          6| 147|   9|
| 118| 30|  59| 49| 162|  0|  42|  0|    42 |     0|        69 |         12| 121|  26|
| 156| 38| 175| 84| 162|  0|  42|  0|    42 |     0|       118 |         49|  83|  38|
|  57| 99| 199| 24| 163|  1|  41|  1|    41 |     1|       148 |         30|  77|   6|
|  69| 12| 161| 38| 163|  0|  41|  0|    41 |     0|       156 |          8| 185|  92|
| 147| 78| 141| 20| 163|  0|  41|  0|    41 |     0|       147 |          9| 185|   0|
| 185| 38|  54| 87| 163|  0|  41|  0|    41 |     0|       121 |         26| 133|  52|
|  83| 98|  71| 17| 164|  1|  41|  0|    41 |     0|        83 |         38|  24|  91|
| 121| 38| 194| 77| 164|  0|  41|  0|    41 |     0|        77 |          6|  10|  14|
|  77| 44| 136| 58| 164|  0|  41|  0|    41 |     0|       185 |         92|   9|   1|
|   9| 68|  33| 97| 164|  0|  40|  1|    40 |     1|       185 |          0|  19|  10|
| 185| 24|   4| 29| 165|  1|  40|  0|    40 |     0|       133 |         52|  34|  15|
| 133| 52|  28| 24| 165|  0|  40|  0|    40 |     0|        24 |         91|  44|  10|
|  10| 77|  78| 50| 165|  0|  40|  0|    40 |     0|        10 |         14| 113|  69|
|  24| 14| 127| 49| 165|  0|  40|  0|    40 |     0|         9 |          1| 159|  46|
|  34| 10|  64| 63| 165|  0|  39|  1|    39 |     1|        19 |         10|  95|  64|
| 113| 79| 151| 87| 166|  1|  39|  0|    39 |     0|        34 |         15|  86|   9|
|  44| 69|  45| 94| 166|  0|  39|  0|    39 |     0|        44 |         10|  53|  33|
|  19| 25|  40|  5| 166|  0|  39|  0|    39 |     0|       113 |         69|  41|  12|
| 159| 60|  81| 41| 167|  1|  39|  0|    39 |     0|       159 |         46|  27|  14|
|  53| 94|  54| 27| 167|  0|  38|  1|    38 |     1|        95 |         64|  44|  17|
|  86| 33| 136| 82| 167|  0|  38|  0|    38 |     0|        86 |          9| 109|  65|
|  95|  9|  54| 82| 167|  0|  38|  0|    38 |     0|        53 |         33| 115|   6|
|  41| 54| 135| 81| 167|  0|  38|  0|    38 |     0|        41 |         12| 127|  12|
|  27| 14| 113| 22| 168|  1|  37|  1|    37 |     1|        27 |         14| 173|  46|
| 173| 54| 170| 57| 168|  0|  37|  0|    37 |     0|        44 |         17| 146|  27|
|  44| 71|  57| 87| 168|  0|  37|  0|    37 |     0|       109 |         65| 139|   7|
| 115| 71| 104| 47| 168|  0|  37|  0|    37 |     0|       115 |          6| 122|  17|
| 109|  6| 179| 75| 168|  0|  37|  0|    37 |     0|       127 |         12|  49|  73|
| 127| 18|  15| 36| 168|  0|  37|  0|    37 |     0|       173 |         46|   1|  48|
| 122|  5| 175| 40| 169|  1|  37|  0|    37 |     0|       146 |         27|  18|  17|
| 146| 24|  19| 44| 169|  0|  37|  0|    37 |     0|       139 |          7|  24|   6|
| 139|  7|  68| 49| 170|  1|  36|  1|    36 |     1|       122 |         17|  38|  14|
|  49| 90|  55| 13| 170|  0|  36|  0|    36 |     0|        49 |         73| 185|  53|
|   1| 48|   3| 52| 170|  0|  36|  0|    36 |     0|         1 |         48| 186|   1|
|  18| 17| 118| 85| 170|  0|  35|  1|    35 |     1|        18 |         17| 145|  41|
|  38| 20| 127|  9| 170|  0|  35|  0|    35 |     0|        24 |          6| 133|  12|
| 186| 52|  81| 46| 170|  0|  35|  0|    35 |     0|        38 |         14| 133|   0|
|  24| 38| 101| 20| 170|  0|  35|  0|    35 |     0|       185 |         53| 130|   3|
| 185| 39| 160| 59| 171|  1|  34|  1|    34 |     1|       186 |          1| 187|  57|
| 133| 52|  32| 72| 171|  0|  34|  0|    34 |     0|       145 |         41|  98|  89|
| 187| 54|  47| 15| 171|  0|  34|  0|    34 |     0|       133 |         12|  93|   5|
| 133| 54|  69| 22| 171|  0|  34|  0|    34 |     0|       133 |          0|  89|   4|
| 130|  3|  55| 14| 171|  0|  34|  0|    34 |     0|       130 |          3|  63|  26|
| 145| 15|  41| 14| 172|  1|  33|  1|    33 |     1|       187 |         57|  26|  37|
|  89| 56|  79| 38| 172|  0|  33|  0|    33 |     0|        98 |         89|  70|  44|
|  63| 26| 128| 49| 172|  0|  33|  0|    33 |     0|        93 |          5|  70|   0|
|  93| 30|  45| 83| 172|  0|  33|  0|    33 |     0|        89 |          4| 100|  30|
|  98|  5|  12| 33| 172|  0|  33|  0|    33 |     0|        63 |         26| 153|  53|
|  26| 72| 180| 32| 172|  0|  33|  0|    33 |     0|        26 |         37| 193|  40|
| 193| 33| 133| 47| 172|  0|  32|  1|    32 |     1|        70 |         44| 199|   6|
|  70| 77| 169| 36| 172|  0|  32|  0|    32 |     0|        70 |          0| 172|  27|
|  70|  0|  66| 97| 172|  0|  32|  0|    32 |     0|       100 |         30|  46|  74|
| 100| 30|  64|  2| 173|  1|  32|  0|    32 |     0|       153 |         53|  43|   3|
| 153| 53|  54| 10| 173|  0|  32|  0|    32 |     0|       193 |         40|   8|  35|
| 199| 46|  62|  8| 173|  0|  31|  1|    31 |     1|       199 |          6|  30|  22|
|  43| 44| 116| 54| 173|  0|  30|  1|    30 |     1|       172 |         27|  31|   1|
|  46|  3|  32| 84| 174|  1|  30|  0|    30 |     0|        46 |         74|  65|  34|
| 172| 74| 185| 47| 174|  0|  30|  0|    30 |     0|        43 |          3| 131|  66|
|   8| 36| 126| 59| 174|  0|  30|  0|    30 |     0|         8 |         35| 137|   6|
|  31| 23| 151| 25| 174|  0|  29|  1|    29 |     1|        30 |         22| 121|  16|
| 131|100|  91| 60| 175|  1|  29|  0|    29 |     0|        31 |          1|  46|  75|
| 137|  6| 151| 60| 175|  0|  28|  1|    28 |     1|        65 |         34|  41|   5|
|  30| 93| 183| 32| 175|  0|  28|  0|    28 |     0|       131 |         66| 164|  77|
|  65| 35| 192|  9| 175|  0|  28|  0|    28 |     0|       137 |          6| 187|  23|
|  46| 19| 124| 68| 176|  1|  27|  1|    27 |     1|       121 |         16| 150|  37|
| 164| 82|  27| 97| 176|  0|  27|  0|    27 |     0|        46 |         75| 123|  27|
|  41| 77| 125| 98| 176|  0|  27|  0|    27 |     0|        41 |          5|  72|  51|
| 121| 80|  80| 45| 176|  0|  27|  0|    27 |     0|       164 |         77|  48|  24|
| 187| 66|  37| 43| 177|  1|  27|  0|    27 |     0|       187 |         23|  39|   9|
|  39| 52|  53| 16| 177|  0|  27|  0|    27 |     0|       150 |         37|  54|  15|
| 150| 89| 189| 64| 177|  0|  27|  0|    27 |     0|       123 |         27|  67|  13|
|  48| 98| 180|  9| 177|  0|  27|  0|    27 |     0|        72 |         51|  74|   7|
| 123| 75| 159| 21| 177|  0|  27|  0|    27 |     0|        48 |         24| 181|  93|
|  72| 51| 189| 30| 178|  1|  27|  0|    27 |     0|        39 |          9|  13|  32|
|  74|  2| 178| 11| 178|  0|  27|  0|    27 |     0|        54 |         15|  51|  38|
|  13| 61| 125| 53| 178|  0|  26|  1|    26 |     1|        67 |         13|  65|  14|
|  54| 41| 179| 54| 178|  0|  26|  0|    26 |     0|        74 |          7|  80|  15|
| 181| 73|  85| 94| 178|  0|  26|  0|    26 |     0|       181 |         93| 106|  26|
|  67| 86| 101| 16| 179|  1|  26|  0|    26 |     0|        13 |         32| 113|   7|
|  51| 16|  63| 38| 179|  0|  26|  0|    26 |     0|        51 |         38| 143|  30|
| 106| 55| 155| 92| 179|  0|  25|  1|    25 |     1|        65 |         14| 154|  11|
|  80| 26| 122| 33| 179|  0|  25|  0|    25 |     0|        80 |         15|  88|  66|
| 113| 33|  81| 41| 179|  0|  25|  0|    25 |     0|       106 |         26|  72|  16|
|  65| 48| 156| 75| 179|  0|  25|  0|    25 |     0|       113 |          7|  25|  47|
| 154| 89|  20| 64| 180|  1|  25|  0|    25 |     0|       143 |         30|  39|  14|
|  88| 66| 103| 83| 180|  0|  25|  0|    25 |     0|       154 |         11|  80|  41|
|  72| 16| 159| 56| 180|  0|  25|  0|    25 |     0|        88 |         66|  99|  19|
|  25| 47| 174| 15| 180|  0|  24|  1|    24 |     1|        72 |         16| 104|   5|
| 143| 82| 156| 18| 180|  0|  24|  0|    24 |     0|        25 |         47| 171|  67|
|  99| 44| 126| 30| 180|  0|  24|  0|    24 |     0|        39 |         14| 135|  36|
| 104|  5|   1| 75| 180|  0|  24|  0|    24 |     0|        80 |         41|  99|  36|
|  80| 24|  22| 21| 181|  1|  24|  0|    24 |     0|        99 |         19|  74|  25|
|  39| 41| 166| 56| 181|  0|  23|  1|    23 |     1|       104 |          5|  23|  51|
| 171| 68|  74| 92| 181|  0|  23|  0|    23 |     0|       171 |         67|   4|  19|
|  23| 52| 141| 67| 182|  1|  23|  0|    23 |     0|       135 |         36|  10|   6|
| 135| 88|  76| 65| 182|  0|  23|  0|    23 |     0|        99 |         36|  45|  35|
|   4| 69| 104| 28| 182|  0|  22|  1|    22 |     1|        74 |         25| 146|  99|
|  74| 70| 184| 80| 182|  0|  22|  0|    22 |     0|        23 |         51| 167|  21|
|  99| 25|  80| 96| 182|  0|  22|  0|    22 |     0|         4 |         19| 182|  15|
| 146| 47| 161| 81| 182|  0|  22|  0|    22 |     0|        10 |          6| 168|  14|
| 167| 21|  22| 61| 183|  1|  21|  1|    21 |     1|        45 |         35| 163|   5|
|  45| 78| 144| 78| 183|  0|  21|  0|    21 |     0|       146 |         99| 119|  44|
|  10| 35| 129| 15| 183|  0|  21|  0|    21 |     0|       167 |         21| 102|  17|
| 182| 28|  62| 67| 183|  0|  21|  0|    21 |     0|       182 |         15|  78|  24|
| 168| 14|  37| 25| 184|  1|  20|  1|    20 |     1|       168 |         14|  79|   1|
| 102| 66| 150| 87| 184|  0|  20|  0|    20 |     0|       163 |          5|  85|   6|
| 119| 17|  53| 97| 184|  0|  20|  0|    20 |     0|       119 |         44| 101|  16|
|  78| 41| 167| 86| 184|  0|  19|  1|    19 |     1|       102 |         17| 110|   9|
| 163| 85|  14| 47| 184|  0|  19|  0|    19 |     0|        78 |         24|  37|  73|
| 139| 24|  92| 78| 184|  0|  19|  0|    19 |     0|       111 |         33|  72|  35|
| 111| 28|  91|  1| 185|  1|  18|  1|    18 |     1|       139 |         28| 111|  39|
| 152| 41|  88|  3| 185|  0|  18|  0|    18 |     0|       152 |         13| 139|  28|
|  72| 80| 170| 82| 185|  0|  18|  0|    18 |     0|        72 |         80| 152|  13|
|   2| 70|  92| 78| 185|  0|  18|  0|    18 |     0|         2 |         70|   2|  50|
| 144| 58| 178| 86| 185|  0|  18|  0|    18 |     0|        49 |         47|  49|  47|
|  49| 95| 128| 50| 185|  0|  18|  0|    18 |     0|       111 |         62| 111|  62|
| 152| 97| 145| 17| 185|  0|  17|  1|    17 |     1|       144 |         33| 144|  33|
| 111| 41|  89| 56| 185|  0|  17|  0|    17 |     0|       152 |          8| 152|   8|
| 188| 77| 180| 91| 186|  1|  15|  2|    15 |     2|       188 |         36| 188|  36|
|  72| 84|  41| 61| 186|  0|  14|  1|    14 |     1|       182 |          6| 182|   6|
|  42| 30| 101| 60| 186|  0|  14|  0|    14 |     0|        86 |         96|  86|  96|
|  86| 44| 152| 51| 186|  0|  14|  0|    14 |     0|        72 |         14|  72|  14|
| 182| 96| 168| 16| 186|  0|  14|  0|    14 |     0|        42 |         30|  42|  30|
| 192| 10| 146| 22| 186|  0|  13|  1|    13 |     1|       192 |         50| 192|  50|
|  80| 88| 150|  4| 187|  1|  13|  0|    13 |     0|       171 |         21| 188|   4|
|  53| 27|  40| 90| 187|  0|  13|  0|    13 |     0|        95 |         76| 142|  46|
|  75| 22| 163| 77| 187|  0|  13|  0|    13 |     0|        80 |         15| 120|  22|
| 171| 96|  65| 98| 187|  0|  13|  0|    13 |     0|        75 |          5|  85|  35|
|  95| 76| 158| 93| 187|  0|  13|  0|    13 |     0|        53 |         22|  79|   6|
|  79| 16|  67| 91| 187|  0|  12|  1|    12 |     1|        79 |         26| 190|  89|
| 142| 63| 138| 71| 188|  1|  12|  0|    12 |     0|        85 |          6| 196|   6|
| 120| 22|  87| 51| 188|  0|  12|  0|    12 |     0|       120 |         35|  75|  79|
| 188| 68| 123| 36| 188|  0|  11|  1|    11 |     1|       142 |         22|  40|  35|
|  85| 97|  95| 28| 188|  0|  11|  0|    11 |     0|       188 |         46|   2|  38|
| 196| 89|  87|  8| 188|  0|  11|  0|    11 |     0|       190 |          2|  46|  44|
|  75| 79| 150| 63| 188|  0|  10|  1|    10 |     1|       196 |          6|  89|  43|
| 190| 85|  52| 98| 189|  1|  10|  0|    10 |     0|        75 |         79| 174|  85|
|   2| 12|  46|  6| 189|  0|  10|  0|    10 |     0|        40 |         35| 176|   2|
|  40| 38| 188| 58| 189|  0|  10|  0|    10 |     0|         2 |         38| 179|   3|
|  89| 49|  63| 75| 189|  0|  10|  0|    10 |     0|        46 |         44| 130|  49|
|  46| 43| 151| 88| 189|  0|  10|  0|    10 |     0|        89 |         43|  57|  73|
| 174| 72| 161| 10| 189|  0|  10|  0|    10 |     0|       174 |         85|  53|   4|
| 176|  2| 198| 37| 189|  0|  10|  0|    10 |     0|       176 |          2|  13|  40|
| 179|  3|  13| 15| 190|  1|  10|  0|    10 |     0|       179 |          3| 189|  24|
|  53| 74| 166| 47| 190|  0|   9|  1|     9 |     1|       130 |         49| 179|  10|
| 130| 77| 115| 51| 190|  0|   9|  0|     9 |     0|        57 |         73| 126|  53|
|  13| 83|  39| 76| 190|  0|   9|  0|     9 |     0|        53 |          4| 103|  23|
| 189| 24| 155| 84| 190|  0|   9|  0|     9 |     0|        13 |         40|  47|  56|
|  57| 68|  40| 85| 190|  0|   8|  1|     8 |     1|       189 |         24|  30|  17|
| 179| 78| 184| 56| 191|  1|   8|  0|     8 |     0|       179 |         10|  75|  45|
|  30| 51|  33| 49| 191|  0|   8|  0|     8 |     0|       126 |         53|  77|   2|
| 103| 73| 166| 67| 192|  1|   8|  0|     8 |     0|       103 |         23|  98|  21|
| 126| 23|  25| 59| 192|  0|   8|  0|     8 |     0|        47 |         56| 105|   7|
|  47| 79|  87| 62| 192|  0|   7|  1|     7 |     1|        30 |         17| 113|   8|
|  77| 30|   6| 81| 192|  0|   7|  0|     7 |     0|        75 |         45|  75|  38|
|  75|  2|   6|  0| 192|  0|   6|  1|     6 |     1|        77 |          2|  49|  26|
|  98| 23| 106|100| 193|  1|   6|  0|     6 |     0|        98 |         21|  45|   4|
| 113| 15| 185| 79| 193|  0|   6|  0|     6 |     0|       105 |          7| 123|  78|
| 105|  8|  22| 37| 193|  0|   6|  0|     6 |     0|       113 |          8| 170|  47|
|  49| 56|  94| 72| 193|  0|   6|  0|     6 |     0|        75 |         38| 144|  26|
| 123| 74|  94|  0| 193|  0|   5|  1|     5 |     1|        49 |         26|  63|  81|
| 170| 47| 177| 83| 194|  1|   5|  0|     5 |     0|        45 |          4|  60|   3|
|  75| 95| 182|  5| 194|  0|   4|  1|     4 |     1|       123 |         78|  33|  27|
|  45| 30|  35| 53| 195|  1|   4|  0|     4 |     0|       170 |         47|  32|   1|
| 144| 99| 147| 88| 195|  0|   4|  0|     4 |     0|       144 |         26|  27|   5|
|  32| 88| 180| 33| 196|  1|   4|  0|     4 |     0|        63 |         81|  45|  18|
|  33|  1| 173|  7| 196|  0|   4|  0|     4 |     0|        60 |          3|  46|   1|
|  60| 27|   1| 28| 196|  0|   3|  1|     3 |     1|        33 |         27| 102|  56|
|  63|  3| 112| 89| 196|  0|   3|  0|     3 |     0|        32 |          1| 114|  12|
|  27| 36| 176| 64| 197|  1|   3|  0|     3 |     0|        27 |          5| 135|  21|
|  45| 18|  82| 94| 197|  0|   2|  1|     2 |     1|        45 |         18| 189|  54|
| 102| 57|  44| 38| 197|  0|   2|  0|     2 |     0|        46 |          1|  54|  65|
|  46| 56| 122| 78| 197|  0|   2|  0|     2 |     0|       102 |         56|  46|   8|
| 114| 68|  83| 39| 197|  0|   2|  0|     2 |     0|       114 |         12|  37|   9|
| 189| 75|  13| 70| 197|  0|   2|  0|     2 |     0|       135 |         21|  53|  16|
|  37| 48| 112| 99| 198|  1|   1|  1|     1 |     1|       189 |         54|  75|  22|
|  54| 17| 164| 52| 199|  1|   1|  0|     1 |     0|        54 |         65|  80|   5|
| 135| 81| 150| 14| 199|  0|   1|  0|     1 |     0|        46 |          8|  95|  15|
--------------------------------------------------------------------------------------
|    3 ns|   23 ns|   49 ns|   86 ns|         74 ns|                 101 ns|   164 ns|
--------------------------------------------------------------------------------------
|   51 ns|   51 ns|    0 ns|    0 ns|          0 ns|                  31 ns|    31 ns|
--------------------------------------------------------------------------------------
|  FIFO  |  LIFO  |  SSTF  |  SCAN  |    C-SCAN    |      N-STEP-SCAN      |  FSCAN  |
--------------------------------------------------------------------------------------
