
The table is organized as such:
| Policy Name |
| Starting Track |
| Next track | Tracks Moved |
| ... |
| Average Seek Length |
| Average Seek Time |
--------------------------------------------------------------------------------------
|  FIFO  |  LIFO  |  SSTF  |  SCAN  |    C-SCAN    |      N-STEP-SCAN      |  FSCAN  |
--------------------------------------------------------------------------------------
|   200  |   200  |   200  |   200  |       200    |              200      |    200  |
--------------------------------------------------------------------------------------
|  17| 17| 172| 28| 200|  0| 200|  0|   200 |     0|       117 |         83| 117|  83|
|  40| 23| 111| 61| 200|  0| 200|  0|   200 |     0|        40 |         77|  40|  77|
| 117| 77| 178| 67| 200|  0| 200|  0|   200 |     0|        39 |          1|  39|   1|
|  39| 78|  91| 87| 200|  0| 200|  0|   200 |     0|        17 |         22|  17|  22|
|  11| 28|  23| 68| 200|  0| 200|  0|   200 |     0|        11 |          6|  11|   6|
|  92| 81|  24|  1| 199|  1| 199|  1|   199 |     1|        23 |         12|  23|  12|
|  52| 40|  31|  7| 199|  0| 199|  0|   199 |     0|        52 |         29|  52|  29|
| 170| 82|  56| 25| 199|  0| 199|  0|   199 |     0|        69 |         17|  69|  17|
|  69| 99| 114| 58| 199|  0| 199|  0|   199 |     0|        92 |         23|  92|  23|
|  23| 46| 175| 61| 199|  0| 199|  0|   199 |     0|       170 |         78| 170|  78|
|  54| 31|  80| 95| 199|  0| 199|  0|   199 |     0|       167 |          3| 167|   3|
|  66| 12| 147| 67| 199|  0| 199|  0|   199 |     0|       144 |         23| 144|  23|
| 167| 99|  26| 79| 198|  1| 198|  1|   198 |     1|       140 |          4| 140|   4|
| 140| 27|  79| 53| 198|  0| 198|  0|   198 |     0|        66 |         74|  66|  74|
| 144|  4|  51| 28| 198|  0| 198|  0|   198 |     0|        54 |         12|  54|  12|
|  13| 69| 167| 84| 198|  0| 198|  0|   198 |     0|        13 |         41|  13|  41|
|  94| 81|  22| 55| 198|  0| 198|  0|   198 |     0|         9 |          4|   9|   4|
| 131| 37| 126| 96| 198|  0| 198|  0|   198 |     0|        94 |         85|  94|  85|
| 198| 67|  93| 33| 197|  1| 197|  1|   197 |     1|       131 |         37| 131|  37|
|   9| 11|  34| 59| 197|  0| 197|  0|   197 |     0|       198 |         67| 198|  67|
| 198| 11|  11| 23| 197|  0| 197|  0|   197 |     0|       198 |          0| 198|   0|
| 140| 58|  63| 52| 197|  0| 197|  0|   197 |     0|       140 |         58| 120|  78|
|   3| 63|  76| 13| 196|  1| 196|  1|   196 |     1|        95 |         45|  79|  41|
|  78| 75|  56| 20| 196|  0| 196|  0|   196 |     0|        78 |         17|  73|   6|
|  95| 17|  37| 19| 196|  0| 196|  0|   196 |     0|         3 |         75|  68|   5|
|  79| 16| 196| 41| 196|  0| 196|  0|   196 |     0|        68 |         65|  53|  15|
|  68| 11|  12| 16| 196|  0| 196|  0|   196 |     0|        73 |          5|  23|  30|
| 198| 70| 116| 96| 196|  0| 196|  0|   196 |     0|        79 |          6|  18|   5|
| 120| 78|  14| 98| 196|  0| 196|  0|   196 |     0|       120 |         41|   6|  12|
|  73| 47| 131| 83| 195|  1| 195|  1|   195 |     1|       198 |         78| 123|  83|
|   6| 67| 113| 18| 195|  0| 195|  0|   195 |     0|       123 |         75| 166|  43|
| 123| 83|  14| 99| 195|  0| 195|  0|   195 |     0|        53 |         70| 172|   6|
|  53| 70|  85| 71| 195|  0| 195|  0|   195 |     0|        23 |         30| 116|  56|
|  18| 35| 171| 86| 195|  0| 195|  0|   195 |     0|        18 |          5|  83|  33|
|  23|  5|   4| 33| 195|  0| 195|  0|   195 |     0|         6 |         12|  46|  37|
| 166| 57| 122| 82| 195|  0| 195|  0|   195 |     0|        46 |         40|  35|  11|
| 116| 50| 196| 74| 195|  0| 195|  0|   195 |     0|        83 |         37|  16|  19|
| 172| 56| 176| 20| 194|  1| 194|  1|   194 |     1|       116 |         33|  74|  58|
|  83| 89| 123| 53| 194|  0| 194|  0|   194 |     0|       166 |         50|  78|   4|
|  46| 37|  33| 90| 194|  0| 194|  0|   194 |     0|       172 |          6| 131|  53|
|  16| 30|  61| 28| 193|  1| 193|  1|   193 |     1|       131 |         41| 124|   7|
|  78| 62|  26| 35| 193|  0| 193|  0|   193 |     0|        78 |         53|  84|  40|
|  74|  4| 159| 67| 193|  0| 193|  0|   193 |     0|        74 |          4|  33|  51|
|  35| 39| 107| 52| 193|  0| 193|  0|   193 |     0|        35 |         39|  29|   4|
| 131| 96| 142| 35| 193|  0| 193|  0|   193 |     0|        16 |         19| 173|  56|
| 124|  7| 127| 15| 193|  0| 193|  0|   193 |     0|        29 |         13| 134|  39|
|  33| 91| 178| 51| 192|  1| 192|  1|   192 |     1|        33 |          4|  78|  56|
|  84| 51| 170|  8| 192|  0| 192|  0|   192 |     0|        84 |         51|  67|  11|
|  29| 55| 172|  2| 192|  0| 192|  0|   192 |     0|       124 |         40|  31|  36|
| 173| 56|   5| 33| 191|  1| 191|  1|   191 |     1|       173 |         49|   9|  22|
|  31| 58|  70| 65| 191|  0| 191|  0|   191 |     0|       134 |         39|   8|   1|
| 134| 97| 161| 91| 190|  1| 190|  1|   190 |     1|        78 |         56|  33|  25|
|  78| 56|  97| 64| 190|  0| 190|  0|   190 |     0|        67 |         11|  53|  20|
|  67| 11|  70| 27| 189|  1| 189|  1|   189 |     1|        31 |         36|  86|  33|
|   9| 58|  67|  3| 189|  0| 189|  0|   189 |     0|         9 |         22| 134|  48|
|   8|  1| 177| 90| 189|  0| 189|  0|   189 |     0|         8 |          1| 104|  30|
|  53| 45| 175|  2| 188|  1| 188|  1|   188 |     1|        33 |         25|  46|  58|
|  33| 20|  44| 69| 188|  0| 188|  0|   188 |     0|        53 |         20|  16|  30|
|  86| 53|  72| 28| 188|  0| 188|  0|   188 |     0|        86 |         33| 166|  50|
| 134| 48| 134| 62| 187|  1| 187|  1|   187 |     1|       134 |         48| 199|  33|
|  46| 88| 108| 26| 187|  0| 187|  0|   187 |     0|       104 |         30| 150|  49|
|  16| 30|  71| 37| 187|  0| 187|  0|   187 |     0|        46 |         58| 149|   1|
| 104| 88|  58| 13| 187|  0| 187|  0|   187 |     0|        16 |         30| 131|  18|
| 199| 95| 146| 88| 187|  0| 187|  0|   187 |     0|       166 |         50| 113|  18|
| 166| 33|  52| 94| 187|  0| 187|  0|   187 |     0|       199 |         33|  95|  18|
| 113| 53|  19| 33| 187|  0| 187|  0|   187 |     0|       150 |         49|  61|  34|
| 131| 18| 196| 23| 186|  1| 186|  1|   186 |     1|       149 |          1|  37|  24|
|  95| 36|  75| 79| 186|  0| 186|  0|   186 |     0|       131 |         18|  13|  24|
| 150| 55| 153| 78| 186|  0| 186|  0|   186 |     0|       113 |         18|  11|   2|
| 149|  1| 149|  4| 186|  0| 186|  0|   186 |     0|        95 |         18| 157|  54|
|  37| 88| 111| 38| 186|  0| 186|  0|   186 |     0|        61 |         34| 153|   4|
| 157| 80| 114|  3| 186|  0| 186|  0|   186 |     0|        37 |         24| 133|  20|
|  61| 96|  62| 52| 185|  1| 185|  1|   185 |     1|        13 |         24|  67|  66|
|  11| 50|  89| 27| 185|  0| 185|  0|   185 |     0|        11 |          2|  64|   3|
|  13|  2| 182| 93| 185|  0| 185|  0|   185 |     0|       157 |         54|  62|   2|
|  67| 54| 128| 54| 185|  0| 185|  0|   185 |     0|       153 |          4|  73|  11|
| 133| 66| 165| 37| 185|  0| 185|  0|   185 |     0|       133 |         20| 106|  33|
|  62| 71| 166|  1| 185|  0| 185|  0|   185 |     0|        67 |         66| 136|  30|
|  64|  2|  18| 52| 184|  1| 184|  1|   184 |     1|        64 |          3|  39|  97|
| 153| 89|  26|  8| 184|  0| 184|  0|   184 |     0|        62 |          2|  23|  16|
| 106| 47|  67| 41| 183|  1| 183|  1|   183 |     1|        73 |         11|  23|   0|
|  23| 83| 155| 88| 183|  0| 183|  0|   183 |     0|       106 |         33|  34|  11|
| 136| 87|  78| 77| 183|  0| 183|  0|   183 |     0|       136 |         30|  62|  28|
|  39| 97| 196| 82| 182|  1| 182|  1|   182 |     1|        39 |         97|  63|   1|
|  73| 34| 153| 43| 182|  0| 182|  0|   182 |     0|        23 |         16|  84|  21|
|  62| 11|  95| 58| 182|  0| 182|  0|   182 |     0|        23 |          0|  94|  10|
|  63|  1| 186| 91| 182|  0| 182|  0|   182 |     0|        34 |         11| 161|  67|
|  84| 21| 179|  7| 182|  0| 182|  0|   182 |     0|        62 |         28|  46|  85|
|  23| 61|  52| 73| 182|  0| 182|  0|   182 |     0|        63 |          1|  28|  18|
|  34| 11| 186| 66| 182|  0| 182|  0|   182 |     0|        84 |         21|  22|   6|
| 161| 73| 104| 82| 182|  0| 182|  0|   182 |     0|        94 |         10|  16|   6|
|  28| 67|  24| 80| 182|  0| 182|  0|   182 |     0|       161 |         67|  33|  17|
|  46| 18| 159| 65| 182|  0| 182|  0|   182 |     0|        46 |         85|  45|  12|
|  22| 24| 144| 15| 182|  0| 182|  0|   182 |     0|        28 |         18| 131|  86|
|  94| 72|  93| 51| 181|  1| 181|  1|   181 |     1|        22 |          6| 190|  59|
|  16| 78| 129| 36| 181|  0| 181|  0|   181 |     0|        16 |          6| 198|   8|
|  45| 29| 151| 22| 181|  0| 181|  0|   181 |     0|        33 |         17| 140|  58|
| 131| 86|  12| 61| 180|  1| 180|  1|   180 |     1|        45 |         12|  95|  45|
|  33| 98|  90| 78| 180|  0| 180|  0|   180 |     0|       131 |         86|  78|  17|
| 190| 43| 161| 71| 180|  0| 180|  0|   180 |     0|       190 |         59|   3|  75|
|  84| 94| 115| 46| 180|  0| 180|  0|   180 |     0|       170 |         20|  84|  81|
| 133| 49|  47| 68| 180|  0| 180|  0|   180 |     0|       133 |         37|  87|   3|
| 124|  9|  40|  7| 179|  1| 179|  1|   179 |     1|       124 |          9| 124|  37|
| 170| 46| 200| 40| 178|  1| 178|  1|   178 |     1|        87 |         37| 133|   9|
|  87| 83|  55| 55| 178|  0| 178|  0|   178 |     0|        84 |          3| 170|  37|
| 170| 83| 121| 66| 178|  0| 178|  0|   178 |     0|        96 |         12| 170|   0|
| 135| 35| 177| 56| 178|  0| 178|  0|   178 |     0|       135 |         39| 161|   9|
| 147| 12| 135| 42| 177|  1| 177|  1|   177 |     1|       147 |         12| 147|  14|
| 161| 14|   3| 68| 177|  0| 177|  0|   177 |     0|       161 |         14| 135|  12|
|  96| 65| 135| 68| 177|  0| 177|  0|   177 |     0|       170 |          9|  96|  39|
|  14| 82| 144|  9| 177|  0| 177|  0|   177 |     0|       164 |          6| 104|   8|
|  80| 66|  74| 70| 177|  0| 177|  0|   177 |     0|       124 |         40| 115|  11|
| 164| 84|  79|  5| 176|  1| 176|  1|   176 |     1|        85 |         39| 129|  14|
| 124| 40|  99| 20| 176|  0| 176|  0|   176 |     0|        80 |          5| 140|  11|
|  85| 39|  59| 40| 176|  0| 176|  0|   176 |     0|        14 |         66|  23|  83|
| 140| 55| 131| 72| 176|  0| 176|  0|   176 |     0|        23 |          9|  40|  17|
| 115| 25|  34| 97| 175|  1| 175|  1|   175 |     1|       104 |         81|  72|  32|
|  23| 92|  92| 58| 175|  0| 175|  0|   175 |     0|       115 |         11|  98|  26|
| 104| 81|  74| 18| 175|  0| 175|  0|   175 |     0|       129 |         14| 160|  62|
| 129| 25| 194| 80| 175|  0| 175|  0|   175 |     0|       140 |         11|  17|  57|
|  98| 31|  47| 53| 175|  0| 175|  0|   175 |     0|        98 |         42|  86|  69|
| 160| 62| 153| 94| 175|  0| 175|  0|   175 |     0|        72 |         26| 118|  32|
|  72| 88|  46| 93| 175|  0| 175|  0|   175 |     0|        40 |         32| 131|  13|
|  17| 55| 135| 89| 175|  0| 175|  0|   175 |     0|        17 |         23| 167|  36|
|  40| 23| 109| 26| 174|  1| 174|  1|   174 |     1|       160 |         57| 187|  20|
| 167| 73|  72| 37| 174|  0| 174|  0|   174 |     0|       167 |          7| 100|  87|
| 131| 36| 191| 81| 174|  0| 174|  0|   174 |     0|       187 |         20|  73|  27|
| 187| 56|  35| 44| 173|  1| 173|  1|   173 |     1|       131 |         56|  57|  16|
| 118| 69|  15| 20| 173|  0| 173|  0|   173 |     0|       118 |         13|  34|  23|
|  86| 32|  43| 28| 172|  1| 172|  1|   172 |     1|        86 |         32| 191|  43|
|  57| 29| 178| 65| 172|  0| 172|  0|   172 |     0|        73 |         13| 186|   5|
|  34| 23| 160| 18| 172|  0| 172|  0|   172 |     0|        57 |         16| 151|  35|
| 191| 43| 193| 33| 172|  0| 172|  0|   172 |     0|        34 |         23| 109|  42|
| 100| 91| 136| 57| 172|  0| 172|  0|   172 |     0|       100 |         66|  83|  26|
|  73| 27|  68| 68| 171|  1| 171|  1|   171 |     1|       191 |         91|  77|   6|
| 186| 87| 186| 82| 171|  0| 171|  0|   171 |     0|       186 |          5|  93|  16|
| 109| 77|  27| 41| 171|  0| 171|  0|   171 |     0|       151 |         35| 123|  30|
| 151| 42|  35|  8| 171|  0| 171|  0|   171 |     0|       109 |         42| 170|  47|
|  83| 68|  82| 47| 170|  1| 170|  1|   170 |     1|        83 |         26| 175|   5|
|  77|  6| 156| 74| 170|  0| 170|  0|   170 |     0|        77 |          6|  40|  65|
| 175| 98|  95| 61| 170|  0| 170|  0|   170 |     0|        93 |         16| 105|  65|
|  93| 82|  75| 20| 170|  0| 170|  0|   170 |     0|       123 |         30| 175|  70|
| 123| 30|  44| 31| 170|  0| 170|  0|   170 |     0|       170 |         47|  27|  52|
|  40| 83|  57| 13| 170|  0| 170|  0|   170 |     0|       175 |          5|  20|   7|
| 170| 70| 116| 59| 170|  0| 170|  0|   170 |     0|        40 |         65|   9|  11|
| 105| 65|  72| 44| 170|  0| 170|  0|   170 |     0|       105 |         65|  23|  14|
| 175| 70|  88| 16| 170|  0| 170|  0|   170 |     0|       175 |         70|  37|  14|
|  20| 45| 197| 91| 169|  1| 169|  1|   169 |     1|        27 |         52|  72|  35|
|  27|  7|  26| 29| 168|  1| 168|  1|   168 |     1|        20 |          7| 145|  73|
|   9| 18|  87| 61| 168|  0| 168|  0|   168 |     0|         9 |         11| 158|  13|
| 145| 64|  74| 13| 168|  0| 168|  0|   168 |     0|        23 |         14| 154|   4|
|  23| 78| 130| 56| 167|  1| 167|  1|   167 |     1|        37 |         14| 132|  22|
| 158| 65|  43| 87| 167|  0| 167|  0|   167 |     0|        72 |         35| 108|  24|
|  72| 86| 129| 86| 167|  0| 167|  0|   167 |     0|       145 |         73|  43|  65|
|  37| 35| 164| 35| 167|  0| 167|  0|   167 |     0|       158 |         13|   4|  39|
| 132| 95|  32| 68| 167|  0| 167|  0|   167 |     0|       154 |          4|  33|  29|
|  43| 89|  69| 37| 167|  0| 167|  0|   167 |     0|       132 |         22|  46|  13|
| 108| 65|  54| 15| 167|  0| 167|  0|   167 |     0|       108 |         24|  64|  18|
|   4| 96| 142| 88| 167|  0| 167|  0|   167 |     0|        43 |         65| 121|  57|
| 154| 50| 166| 24| 167|  0| 167|  0|   167 |     0|         4 |         39| 141|  20|
| 121| 33| 112| 54| 167|  0| 167|  0|   167 |     0|        33 |         29| 153|  12|
|  64| 57|  38| 74| 167|  0| 167|  0|   167 |     0|        46 |         13| 160|   7|
| 141| 77| 157| 81| 166|  1| 166|  1|   166 |     1|        64 |         18| 167|   7|
|  33| 92| 121| 36| 166|  0| 166|  0|   166 |     0|       121 |         57| 128|  39|
|  46| 13| 186| 65| 166|  0| 166|  0|   166 |     0|       141 |         20|  76|  52|
| 160| 86| 199| 13| 166|  0| 166|  0|   166 |     0|       153 |         12|  43|  33|
| 128| 32| 185| 14| 166|  0| 166|  0|   166 |     0|       160 |          7|   4|  39|
| 153| 25|  78| 93| 165|  1| 165|  1|   165 |     1|       167 |          7| 104| 100|
| 167| 14| 109| 31| 165|  0| 165|  0|   165 |     0|       128 |         39| 194|  90|
|  76| 91|  95| 14| 165|  0| 165|  0|   165 |     0|        76 |         52| 196|   2|
|   4| 72| 105| 10| 164|  1| 164|  1|   164 |     1|        43 |         33| 182|  14|
|  43| 39| 111|  6| 164|  0| 164|  0|   164 |     0|         4 |         39| 141|  41|
| 194| 49|  35| 76| 164|  0| 164|  0|   164 |     0|       104 |        100|  75|  66|
| 196|  2| 142| 93| 164|  0| 164|  0|   164 |     0|       194 |         90|  62|  13|
| 104| 92| 167| 25| 163|  1| 163|  1|   163 |     1|       196 |          2|  19|  43|
| 182| 78| 142| 25| 163|  0| 163|  0|   163 |     0|       182 |         14|  38|  19|
|  75| 93|  47| 95| 163|  0| 163|  0|   163 |     0|       141 |         41|  61|  23|
| 141| 66|  66| 19| 162|  1| 162|  1|   162 |     1|        75 |         66|  95|  34|
|  62| 79| 123| 57| 162|  0| 162|  0|   162 |     0|        62 |         13| 146|  51|
|  19| 43|  61| 62| 161|  1| 161|  1|   161 |     1|        19 |         43| 170|  24|
| 146| 73|   3| 58| 161|  0| 161|  0|   161 |     0|        38 |         19| 158|  12|
|  95| 51|  11|  8| 161|  0| 161|  0|   161 |     0|        61 |         23| 150|   8|
| 170| 75|  48| 37| 161|  0| 161|  0|   161 |     0|        95 |         34|  96|  54|
|  61| 91|  49|  1| 161|  0| 161|  0|   161 |     0|       146 |         51|  10|  86|
|  38| 23| 199| 50| 160|  1| 160|  1|   160 |     1|       170 |         24| 187|  23|
| 150| 88| 117| 82| 160|  0| 160|  0|   160 |     0|       158 |         12| 168|  19|
| 158|  8| 185| 68| 160|  0| 160|  0|   160 |     0|       150 |          8| 142|  26|
|  10| 52| 113| 72| 160|  0| 160|  0|   160 |     0|        96 |         54| 123|  19|
|  96| 86|  64| 49| 160|  0| 160|  0|   160 |     0|        10 |         86|  84|  39|
| 187| 91|  60|  4| 160|  0| 160|  0|   160 |     0|       187 |         23|  40|  44|
| 142| 45|  66|  6| 159|  1| 159|  1|   159 |     1|       168 |         19| 103|  63|
| 168| 26| 108| 42| 159|  0| 159|  0|   159 |     0|       142 |         26| 182|  79|
|  84| 84|  72| 36| 159|  0| 159|  0|   159 |     0|       123 |         19| 197|  15|
| 123| 39|  93| 21| 158|  1| 158|  1|   158 |     1|        84 |         39|  15|  18|
|  40| 83|  49| 44| 158|  0| 158|  0|   158 |     0|        40 |         44|  12|   3|
| 182| 58|   9| 40| 158|  0| 158|  0|   158 |     0|       103 |         63|  20|   8|
| 197| 15|  33| 24| 158|  0| 158|  0|   158 |     0|       182 |         79| 104|  84|
|  15| 18| 162| 71| 157|  1| 157|  1|   157 |     1|       197 |         15| 107|   3|
| 103| 88| 168|  6| 157|  0| 157|  0|   157 |     0|        15 |         18| 110|   3|
|  12| 91|  21| 53| 157|  0| 157|  0|   157 |     0|        12 |          3| 195|  85|
|  20|  8|  32| 11| 157|  0| 157|  0|   157 |     0|        20 |          8| 139|  56|
| 107| 87| 122| 90| 156|  1| 156|  1|   156 |     1|       104 |         84| 105|  34|
| 104|  3|  57| 65| 156|  0| 156|  0|   156 |     0|       107 |          3|  96|   9|
| 110|  6|  47| 10| 156|  0| 156|  0|   156 |     0|       110 |          3|  47|  49|
| 195| 85|  53|  6| 156|  0| 156|  0|   156 |     0|       195 |         85|  16|  31|
|  47| 52|  26| 27| 155|  1| 155|  1|   155 |     1|       139 |         56|  16|   0|
|  16| 31| 124| 98| 155|  0| 155|  0|   155 |     0|       105 |         34|  22|   6|
|  96| 80| 193| 69| 155|  0| 155|  0|   155 |     0|        96 |          9|  32|  10|
| 105|  9|  26| 33| 154|  1| 154|  1|   154 |     1|        47 |         49|  50|  18|
| 139| 34|   7| 19| 154|  0| 154|  0|   154 |     0|        16 |         31| 142|  92|
|  32| 93| 113| 94| 154|  0| 154|  0|   154 |     0|        16 |          0| 119|  23|
|  50| 18|  65| 48| 154|  0| 154|  0|   154 |     0|        22 |          6|  91|  28|
| 142| 92| 125| 60| 153|  1| 153|  1|   153 |     1|        32 |         10|  13|  78|
|  22| 80| 121|  4| 153|  0| 153|  0|   153 |     0|        50 |         18|   2|  11|
|  16|  6|  15| 94| 153|  0| 153|  0|   153 |     0|       142 |         92| 198|   4|
|   2| 14|  35| 20| 153|  0| 153|  0|   153 |     0|       119 |         23|  88|  90|
|  13| 11|  55| 20| 153|  0| 153|  0|   153 |     0|        91 |         28|  58|  30|
|  91| 78|  50|  5| 153|  0| 153|  0|   153 |     0|        13 |         78|  38|  20|
| 198| 93|  15| 35| 153|  0| 153|  0|   153 |     0|         2 |         11|  35|   3|
| 119| 79| 124| 91| 152|  1| 152|  1|   152 |     1|       198 |          4|   1|  34|
|   1| 82|  90| 34| 152|  0| 152|  0|   152 |     0|        88 |         90|   9|   8|
|  35| 34| 177| 87| 151|  1| 151|  1|   151 |     1|        58 |         30|  11|   2|
|  38|  3|  58| 81| 151|  0| 151|  0|   151 |     0|        38 |         20|  15|   4|
|  58| 20|  28| 30| 151|  0| 151|  0|   151 |     0|        35 |          3| 100|  85|
|  88| 30| 195| 33| 151|  0| 151|  0|   151 |     0|         1 |         34| 193|  93|
|  15| 73| 136| 59| 151|  0| 151|  0|   151 |     0|         9 |          8| 142|  51|
|  11|  4|  68| 68| 150|  1| 150|  1|   150 |     1|        11 |          2| 107|  35|
|   9|  2| 150| 82| 150|  0| 150|  0|   150 |     0|        15 |          4|  72|  35|
| 193| 16|  96| 54| 150|  0| 150|  0|   150 |     0|       100 |         85|  59|  13|
| 100| 93|  55| 41| 150|  0| 150|  0|   150 |     0|       193 |         93|  40|  19|
| 107|  7| 181| 74| 150|  0| 150|  0|   150 |     0|       142 |         51| 116|  76|
| 142| 35|  54| 73| 149|  1| 149|  1|   149 |     1|       107 |         35| 149|  33|
|  72| 70|   6| 48| 149|  0| 149|  0|   149 |     0|        72 |         35| 171|  22|
|  59| 13|  27| 21| 149|  0| 149|  0|   149 |     0|        59 |         13| 185|  14|
|  40| 19| 188| 39| 149|  0| 149|  0|   149 |     0|        40 |         19| 193|   8|
| 116| 76|  13| 25| 149|  0| 149|  0|   149 |     0|       116 |         76| 143|  50|
| 185| 69| 186| 27| 148|  1| 148|  1|   148 |     1|       149 |         33|  72|  71|
| 149| 36|  61| 75| 148|  0| 148|  0|   148 |     0|       171 |         22|  28|  44|
| 193| 44|  20| 41| 148|  0| 148|  0|   148 |     0|       185 |         14|  26|   2|
| 171| 22|  17|  3| 148|  0| 148|  0|   148 |     0|       193 |          8|  20|   6|
|  26| 55|  34| 17| 148|  0| 148|  0|   148 |     0|       143 |         50|  63|  43|
| 143| 83|  90| 56| 147|  1| 147|  1|   147 |     1|        72 |         71|  81|  18|
|  28| 85| 140| 50| 147|  0| 147|  0|   147 |     0|        28 |         44| 131|  50|
|  20|  8| 100| 40| 147|  0| 147|  0|   147 |     0|        26 |          2| 192|  61|
|  72| 52|  92|  8| 147|  0| 147|  0|   147 |     0|        20 |          6|  12|  20|
| 192| 80|   7| 85| 146|  1| 146|  1|   146 |     1|        63 |         43|  71|  59|
| 131| 61| 127| 80| 146|  0| 146|  0|   146 |     0|        81 |         18|  86|  15|
|  12| 81|  97| 30| 146|  0| 146|  0|   146 |     0|       131 |         50| 102|  16|
|  81| 69| 182| 85| 146|  0| 146|  0|   146 |     0|       192 |         61| 193|  91|
|  63| 18|  75| 93| 145|  1| 145|  1|   145 |     1|        12 |         20|  11|  18|
| 193| 70| 163| 88| 145|  0| 145|  0|   145 |     0|        71 |         59|  68|  57|
|  11| 18|  29| 66| 145|  0| 145|  0|   145 |     0|        86 |         15|  73|   5|
| 102| 91| 136| 93| 145|  0| 145|  0|   145 |     0|       102 |         16| 105|  32|
|  86| 16| 148| 12| 145|  0| 145|  0|   145 |     0|       193 |         91| 130|  25|
|  71| 15| 111| 37| 144|  1| 144|  1|   144 |     1|        11 |         18| 142|  12|
|  73|  2|  82| 29| 144|  0| 144|  0|   144 |     0|        68 |         57| 120|  22|
|  68|  5|  30| 52| 144|  0| 144|  0|   144 |     0|        73 |          5|  78|  42|
| 130| 62|  38|  8| 144|  0| 144|  0|   144 |     0|       105 |         32|  55|  23|
| 142| 12| 183| 55| 143|  1| 143|  1|   143 |     1|       130 |         25|  30|  25|
| 105| 37| 185|  2| 143|  0| 143|  0|   143 |     0|       142 |         12| 182|  48|
|  78| 27| 198| 13| 143|  0| 143|  0|   143 |     0|       120 |         22| 171|  11|
|  55| 23|  84| 86| 143|  0| 143|  0|   143 |     0|        78 |         42| 156|  15|
| 120| 65| 138| 54| 143|  0| 143|  0|   143 |     0|        55 |         23| 103|  53|
|  30| 90|  63| 75| 143|  0| 143|  0|   143 |     0|        30 |         25|  19|  84|
| 182| 48| 148| 85| 142|  1| 142|  1|   142 |     1|       182 |         48|  16|   3|
| 156| 26|  40| 92| 142|  0| 142|  0|   142 |     0|       171 |         11| 114|  98|
|  16| 60|   7| 33| 142|  0| 142|  0|   142 |     0|       156 |         15| 155|  41|
| 103| 87| 188| 19| 142|  0| 142|  0|   142 |     0|       103 |         53| 167|  12|
|  19| 84| 182|  6| 142|  0| 142|  0|   142 |     0|        19 |         84| 167|   0|
| 171| 48|  25| 43| 142|  0| 142|  0|   142 |     0|        16 |          3|   1|  34|
| 167|  4|  12| 13| 142|  0| 142|  0|   142 |     0|       114 |         98|  80|  79|
| 167|  0| 134| 78| 142|  0| 142|  0|   142 |     0|       155 |         41|  94|  14|
| 114| 53|  30| 96| 142|  0| 142|  0|   142 |     0|       167 |         12| 116|  22|
| 155| 41| 130|100| 142|  0| 142|  0|   142 |     0|       167 |          0| 133|  17|
|   1| 46| 178| 48| 142|  0| 142|  0|   142 |     0|         1 |         34| 200|  67|
| 200|  1|  11| 33| 141|  1| 141|  1|   141 |     1|        80 |         79| 198|   2|
| 116| 84| 132| 79| 141|  0| 141|  0|   141 |     0|        94 |         14| 153|  45|
|  94| 22|  39| 93| 141|  0| 141|  0|   141 |     0|       116 |         22| 124|  29|
| 133| 39| 132| 93| 141|  0| 141|  0|   141 |     0|       133 |         17|  85|  39|
|  80| 53| 106| 26| 140|  1| 140|  1|   140 |     1|       200 |         67|  40|  45|
|  40| 40| 122| 16| 140|  0| 140|  0|   140 |     0|       198 |          2|  73|  33|
| 124| 84| 127|  5| 140|  0| 140|  0|   140 |     0|       153 |         45|  77|   4|
| 153| 29|  85| 42| 140|  0| 140|  0|   140 |     0|       124 |         29|  98|  21|
| 198| 45| 181| 96| 140|  0| 140|  0|   140 |     0|        85 |         39| 169|  71|
|  85| 87| 114| 67| 140|  0| 140|  0|   140 |     0|        40 |         45| 195|  26|
|  77|  8| 182| 68| 140|  0| 140|  0|   140 |     0|        73 |         33| 159|  36|
|  98| 21| 143| 39| 139|  1| 139|  1|   139 |     1|        77 |          4| 134|  25|
| 169| 71|  43|100| 139|  0| 139|  0|   139 |     0|        98 |         21| 122|  12|
| 195| 26|  39|  4| 139|  0| 139|  0|   139 |     0|       169 |         71|  25|  97|
|  73| 78|  85| 46| 139|  0| 139|  0|   139 |     0|       195 |         26|  21|   4|
|  21| 52|  33| 52| 138|  1| 138|  1|   138 |     1|       159 |         36|  27|   6|
| 134| 87| 113| 80| 137|  1| 137|  1|   137 |     1|       134 |         25|  49|  22|
| 159| 25| 196| 83| 137|  0| 137|  0|   137 |     0|       122 |         12|  60|  11|
|  25| 66|  99| 97| 136|  1| 136|  1|   136 |     1|        25 |         97| 154|  94|
| 122| 97|  51| 48| 136|  0| 136|  0|   136 |     0|        21 |          4| 187|  33|
|  27| 95| 128| 77| 136|  0| 136|  0|   136 |     0|        27 |          6| 188|   1|
|  60| 33|  56| 72| 136|  0| 136|  0|   136 |     0|        49 |         22| 170|  18|
|  49| 11| 143| 87| 136|  0| 136|  0|   136 |     0|        60 |         11| 115|  55|
| 154| 95|  76| 67| 136|  0| 136|  0|   136 |     0|       154 |         94|  81|  34|
| 187| 33| 136| 60| 135|  1| 135|  1|   135 |     1|       187 |         33|  48|  33|
| 188|  1|  97| 39| 135|  0| 135|  0|   135 |     0|       188 |          1|  11|  37|
|  48| 60| 162| 65| 135|  0| 135|  0|   135 |     0|       170 |         18|   3|   8|
| 115| 67| 148| 14| 135|  0| 135|  0|   135 |     0|       115 |         55|  72|  69|
| 170| 55|  23| 75| 135|  0| 135|  0|   135 |     0|        81 |         34| 141|  69|
|  81| 89| 187| 36| 135|  0| 135|  0|   135 |     0|        48 |         33| 150|   9|
|   3| 78| 143| 44| 135|  0| 135|  0|   135 |     0|        11 |         37| 145|   5|
| 141| 62| 113| 30| 134|  1| 134|  1|   134 |     1|         3 |          8| 134|  11|
|  11| 70|  79| 34| 134|  0| 134|  0|   134 |     0|        72 |         69|  88|  46|
|  72| 61| 135| 56| 134|  0| 134|  0|   134 |     0|       141 |         69|  46|  42|
| 150| 78|  57| 78| 134|  0| 134|  0|   134 |     0|       150 |          9| 182|  64|
| 134| 16| 149| 92| 134|  0| 134|  0|   134 |     0|       145 |          5| 124|  58|
| 182| 48|  71| 78| 134|  0| 134|  0|   134 |     0|       134 |         11| 100|  24|
|  46| 64| 160| 89| 134|  0| 134|  0|   134 |     0|        88 |         46|  35|  65|
|  88| 42| 147| 13| 134|  0| 134|  0|   134 |     0|        46 |         42|  18|  17|
| 145| 57|  38| 91| 134|  0| 134|  0|   134 |     0|       182 |         64|   2|  16|
| 100| 45|  93| 55| 134|  0| 134|  0|   134 |     0|       124 |         58|  76|  74|
|  35| 65|   1| 92| 133|  1| 133|  1|   133 |     1|       100 |         24| 110|  34|
|   2| 33|  64| 63| 133|  0| 133|  0|   133 |     0|        35 |         65| 111|   1|
| 124| 78| 180| 84| 133|  0| 133|  0|   133 |     0|        18 |         17| 126|  15|
|  18| 94| 127| 53| 133|  0| 133|  0|   133 |     0|         2 |         16| 167|  41|
| 110| 92| 148| 21| 132|  1| 132|  1|   132 |     1|        76 |         74| 130|  37|
| 111|  1|  58| 90| 132|  0| 132|  0|   132 |     0|       110 |         34| 120|  10|
| 126| 15|  82| 24| 132|  0| 132|  0|   132 |     0|       111 |          1|  74|  46|
|  76| 50|  17| 65| 132|  0| 132|  0|   132 |     0|       126 |         15|  30|  44|
| 167| 91|  46| 29| 131|  1| 131|  1|   131 |     1|       167 |         41|  16|  14|
|  30| 63| 175| 71| 131|  0| 131|  0|   131 |     0|       130 |         37|  62|  46|
|  16| 14| 151| 24| 131|  0| 131|  0|   131 |     0|       120 |         10|  67|   5|
| 120| 96|  80| 71| 131|  0| 131|  0|   131 |     0|        74 |         46|  89|  22|
|  74| 46| 175| 95| 131|  0| 131|  0|   131 |     0|        30 |         44| 103|  14|
| 130| 56|  54| 79| 131|  0| 131|  0|   131 |     0|        16 |         14| 175|  72|
| 175| 45|   3| 51| 131|  0| 131|  0|   131 |     0|        62 |         46| 164|  11|
|  67| 92|  77| 74| 131|  0| 131|  0|   131 |     0|        67 |          5| 124|  40|
|  62|  5| 129| 52| 131|  0| 131|  0|   131 |     0|        89 |         22|  85|  39|
| 103| 41| 193| 64| 130|  1| 130|  1|   130 |     1|       103 |         14|  80|   5|
|  89| 14|  21| 28| 130|  0| 130|  0|   130 |     0|       175 |         72|  14|  66|
| 101| 12|  22|  1| 130|  0| 130|  0|   130 |     0|       142 |         33|  54|  40|
| 142| 41| 147| 75| 130|  0| 130|  0|   130 |     0|       101 |         41|  66|  12|
| 180| 38|  87| 60| 130|  0| 130|  0|   130 |     0|        66 |         35| 101|  35|
|  54| 74|  67| 20| 129|  1| 129|  1|   129 |     1|        54 |         12| 142|  41|
|  66| 12| 189| 78| 129|  0| 129|  0|   129 |     0|       180 |         74| 180|  38|
|  28| 38|  72| 83| 129|  0| 129|  0|   129 |     0|       106 |         74| 131|  49|
|  46| 18|  69|  3| 129|  0| 129|  0|   129 |     0|       100 |          6| 120|  11|
| 100| 54| 122| 53| 129|  0| 129|  0|   129 |     0|        46 |         54| 106|  14|
| 106|  6| 176| 54| 129|  0| 129|  0|   129 |     0|        28 |         18| 100|   6|
|  16| 90| 180|  4| 129|  0| 129|  0|   129 |     0|        16 |         12|  11|  89|
| 106| 90| 134| 46| 128|  1| 128|  1|   128 |     1|       100 |         84|  23|  12|
| 100|  6| 120| 14| 128|  0| 128|  0|   128 |     0|       106 |          6|  59|  36|
| 131| 31|  44| 76| 128|  0| 128|  0|   128 |     0|       120 |         14| 151|  92|
| 120| 11|  21| 23| 128|  0| 128|  0|   128 |     0|       131 |         11| 177|  26|
|  11| 91| 123| 98| 128|  0| 128|  0|   128 |     0|        11 |         80| 182|   5|
| 182| 29|  92| 31| 128|  0| 128|  0|   128 |     0|        23 |         12| 130|  52|
|  59| 77| 167| 75| 127|  1| 127|  1|   127 |     1|        59 |         36| 115|  15|
| 151| 92|  70| 97| 127|  0| 127|  0|   127 |     0|       151 |         92| 108|   7|
|  23| 72| 100| 30| 127|  0| 127|  0|   127 |     0|       177 |         26|  78|  30|
| 177| 46| 118| 18| 127|  0| 127|  0|   127 |     0|       182 |          5|  50|  28|
|  78| 99| 119|  1| 126|  1| 126|  1|   126 |     1|       130 |         52|  60|  10|
|  50| 28| 174| 55| 126|  0| 126|  0|   126 |     0|       115 |         15| 180|  80|
| 115| 65|  27| 53| 125|  1| 125|  1|   125 |     1|       108 |          7| 187|   7|
| 108|  7| 107| 80| 125|  0| 125|  0|   125 |     0|        78 |         30|  24|  37|
| 130| 22|   9| 98| 124|  1| 124|  1|   124 |     1|        50 |         28|  10|  14|
| 180| 50| 174| 35| 124|  0| 124|  0|   124 |     0|        60 |         10| 114|  96|
|  60| 80|  72| 98| 124|  0| 124|  0|   124 |     0|       180 |         80| 140|  26|
|  10| 50|  79|  7| 124|  0| 124|  0|   124 |     0|       187 |          7| 150|  10|
| 187| 23| 158| 79| 124|  0| 124|  0|   124 |     0|        24 |         37| 152|   2|
|  24| 37| 106| 52| 124|  0| 124|  0|   124 |     0|        10 |         14|   8|  56|
| 140| 84| 192| 86| 124|  0| 124|  0|   124 |     0|       114 |         96|  18|  10|
|   8| 68| 154| 38| 123|  1| 123|  1|   123 |     1|       140 |         26|  24|   6|
| 114| 94|  85| 69| 123|  0| 123|  0|   123 |     0|       150 |         10|  25|   1|
| 152| 38|  49| 36| 123|  0| 123|  0|   123 |     0|       152 |          2|  88|  63|
| 150|  2|  81| 32| 123|  0| 123|  0|   123 |     0|         8 |         56|  90|   2|
|  25| 75| 112| 31| 123|  0| 123|  0|   123 |     0|        18 |         10|  40|  50|
|  24|  1| 136| 24| 123|  0| 123|  0|   123 |     0|        24 |          6|  22|  18|
|  88| 64| 195| 59| 122|  1| 122|  1|   122 |     1|        25 |          1|  19|   3|
|  90|  2| 190|  5| 122|  0| 122|  0|   122 |     0|        88 |         63| 156|  63|
|  18| 72| 189|  1| 122|  0| 122|  0|   122 |     0|        90 |          2| 164|   8|
|  40| 22|  31| 42| 122|  0| 122|  0|   122 |     0|        40 |         50| 145|  19|
|  22| 18| 167| 64| 122|  0| 122|  0|   122 |     0|        22 |         18| 135|  10|
| 164| 58|  47| 80| 121|  1| 121|  1|   121 |     1|        19 |          3|  72|  63|
| 156|  8| 119| 72| 121|  0| 121|  0|   121 |     0|       156 |         63| 168|  96|
|  19| 63| 157| 38| 121|  0| 121|  0|   121 |     0|       164 |          8| 176|   8|
| 145| 74|  54| 97| 121|  0| 121|  0|   121 |     0|       145 |         19|  81|  95|
|  72| 73|   3| 51| 121|  0| 121|  0|   121 |     0|       135 |         10|  50|  31|
| 176| 96|  42| 39| 120|  1| 120|  1|   120 |     1|        72 |         63|  49|   1|
| 168|  8|  78| 36| 120|  0| 120|  0|   120 |     0|       168 |         96|  42|   7|
| 135| 33|  82|  4| 120|  0| 120|  0|   120 |     0|       176 |          8| 192|  50|
|  49| 86| 189| 93| 120|  0| 120|  0|   120 |     0|        81 |         95| 109|  83|
|  42|  7|  76| 87| 120|  0| 120|  0|   120 |     0|        50 |         31|  74|  35|
| 192| 50| 195| 81| 120|  0| 120|  0|   120 |     0|        49 |          1|  55|  19|
|  50| 58|  73| 78| 120|  0| 120|  0|   120 |     0|        42 |          7|  14|  41|
|  81| 31| 133| 60| 119|  1| 119|  1|   119 |     1|       192 |         50|  11|   3|
|  14| 67|  40| 93| 119|  0| 119|  0|   119 |     0|       109 |         83|  20|   9|
|  74| 60| 165| 75| 119|  0| 119|  0|   119 |     0|        74 |         35|  27|   7|
|  55| 19|  86| 79| 118|  1| 118|  1|   118 |     1|        55 |         19|  40|  13|
| 109| 54| 183| 97| 118|  0| 118|  0|   118 |     0|        14 |         41|  67|  27|
|  11| 98|  30| 47| 117|  1| 117|  1|   117 |     1|        11 |          3| 146|  79|
| 146| 65| 125| 95| 117|  0| 117|  0|   117 |     0|        20 |          9| 106|  40|
|  27| 81| 137| 12| 117|  0| 117|  0|   117 |     0|        27 |          7| 100|   6|
|  67| 40| 200| 63| 116|  1| 116|  1|   116 |     1|        40 |         13| 100|   0|
|  20| 47|  94| 94| 116|  0| 116|  0|   116 |     0|        67 |         27|  10|  90|
|  40| 20|  10| 84| 116|  0| 116|  0|   116 |     0|       146 |         79| 163|  47|
|  10| 30|  98| 88| 116|  0| 116|  0|   116 |     0|       106 |         40| 166|   3|
| 163| 47| 167| 69| 116|  0| 116|  0|   116 |     0|       100 |          6| 187|  21|
| 100| 63| 100| 67| 115|  1| 115|  1|   115 |     1|       100 |          0| 139|  48|
| 100|  0|  65| 35| 115|  0| 115|  0|   115 |     0|        10 |         90|  64|  75|
| 106|  6| 140| 75| 115|  0| 115|  0|   115 |     0|       163 |         47|  17|  47|
| 166| 60|  44| 96| 115|  0| 115|  0|   115 |     0|       166 |          3|  52|  35|
| 139| 27|  20| 24| 115|  0| 115|  0|   115 |     0|       187 |         21|  64|  12|
|  17| 78|   9| 11| 115|  0| 115|  0|   115 |     0|       139 |         48| 144|  80|
| 187| 30|  31| 22| 114|  1| 114|  1|   114 |     1|        64 |         75| 173|  29|
|  64| 77|  32|  1| 114|  0| 114|  0|   114 |     0|        17 |         47| 184|  11|
|  64|  0|  86| 54| 114|  0| 114|  0|   114 |     0|        52 |         35| 165|  19|
| 184| 80|   5| 81| 114|  0| 114|  0|   114 |     0|        64 |         12| 160|   5|
|  52| 68| 199|  6| 114|  0| 114|  0|   114 |     0|       144 |         80|  71|  89|
| 173| 79|  63| 64| 113|  1| 113|  1|   113 |     1|       173 |         29|  44|  27|
| 144| 29|  49| 14| 113|  0| 113|  0|   113 |     0|       184 |         11|  41|   3|
|  44|100|  90| 41| 113|  0| 113|  0|   113 |     0|       165 |         19|  34|   7|
| 165| 79| 199| 91| 113|  0| 113|  0|   113 |     0|       160 |          5|  90|  56|
|  71| 94|  31| 32| 113|  0| 113|  0|   113 |     0|        71 |         89| 109|  19|
| 160| 89|  27|  4| 113|  0| 113|  0|   113 |     0|        44 |         27| 134|  25|
|  41| 81| 171| 56| 113|  0| 113|  0|   113 |     0|        41 |          3| 185|  51|
|  34|  7| 195| 24| 113|  0| 113|  0|   113 |     0|        34 |          7| 174|  11|
| 134|100| 105| 90| 112|  1| 112|  1|   112 |     1|        90 |         56| 172|   2|
|  90| 44| 199| 94| 112|  0| 112|  0|   112 |     0|       109 |         19| 143|  29|
| 185| 95|  34| 35| 112|  0| 112|  0|   112 |     0|       134 |         25|  69|  74|
| 109| 76| 135| 99| 111|  1| 111|  1|   111 |     1|       185 |         51|  55|  14|
|  55| 54|  64| 71| 111|  0| 111|  0|   111 |     0|       174 |         11|  76|  21|
|  69| 14|  60|  4| 111|  0| 111|  0|   111 |     0|       172 |          2| 182|  94|
| 143| 74|  87| 27| 111|  0| 111|  0|   111 |     0|       143 |         29| 200|  18|
| 172| 29|  52| 35| 111|  0| 111|  0|   111 |     0|        69 |         74|  25|  25|
| 174|  2|  77| 25| 110|  1| 110|  1|   110 |     1|        55 |         14|   7|  18|
|  76| 98|   9| 68| 110|  0| 110|  0|   110 |     0|        76 |         21| 107| 100|
| 200| 76| 170| 39| 110|  0| 110|  0|   110 |     0|       182 |         94| 134|  27|
| 182| 18|  21| 51| 109|  1| 109|  1|   109 |     1|       200 |         18| 141|   7|
|  25| 43| 113| 92| 109|  0| 109|  0|   109 |     0|        25 |         25| 145|   4|
|   7| 18|  24| 89| 109|  0| 109|  0|   109 |     0|         7 |         18| 195|  50|
| 134| 73|  92| 68| 109|  0| 109|  0|   109 |     0|       107 |        100| 156|  39|
| 141|  7|  89|  3| 109|  0| 109|  0|   109 |     0|       134 |         27| 146|  10|
| 107| 34| 197| 92| 109|  0| 109|  0|   109 |     0|       141 |          7| 140|   6|
| 145| 38|  41| 44| 108|  1| 108|  1|   108 |     1|       145 |          4|  67|  73|
| 195| 50|  35|  6| 108|  0| 108|  0|   108 |     0|       195 |         50|  58|   9|
| 146| 49|  33|  2| 108|  0| 108|  0|   108 |     0|       156 |         39|  36|  22|
| 140|  6| 128| 95| 108|  0| 108|  0|   108 |     0|       146 |         10|   4|  32|
|  58| 82|  41| 87| 107|  1| 107|  1|   107 |     1|       140 |          6|   3|   1|
|  67|  9|  47|  6| 107|  0| 107|  0|   107 |     0|        67 |         73|  62|  59|
| 156| 89| 110| 63| 107|  0| 107|  0|   107 |     0|        58 |          9|  88|  26|
|   3| 47|  91| 19| 107|  0| 107|  0|   107 |     0|        36 |         22| 128|  40|
|   4|  1|  51| 40| 107|  0| 107|  0|   107 |     0|         4 |         32| 142|  14|
|  62| 58| 152| 99| 107|  0| 107|  0|   107 |     0|         3 |          1| 148|   6|
|  36| 26| 145|  7| 106|  1| 106|  1|   106 |     1|        62 |         59|  82|  66|
|  88| 52| 142|  3| 106|  0| 106|  0|   106 |     0|        88 |         26|  29|  53|
| 128| 40|  76| 66| 106|  0| 106|  0|   106 |     0|       128 |         40|  63|  34|
|  29| 99| 158| 82| 106|  0| 106|  0|   106 |     0|       142 |         14|  88|  25|
| 148| 81|  17| 59| 106|  0| 106|  0|   106 |     0|       148 |          6| 128|  40|
|  82| 66|  48| 31| 106|  0| 106|  0|   106 |     0|        82 |         66| 139|  11|
| 142| 60| 170| 78| 105|  1| 105|  1|   105 |     1|        29 |         53| 184|  45|
| 128| 14| 121| 49| 105|  0| 105|  0|   105 |     0|        63 |         34|  90|  94|
| 184| 56| 109| 12| 105|  0| 105|  0|   105 |     0|        88 |         25|  21|  69|
|  63| 79|  48| 61| 105|  0| 105|  0|   105 |     0|       128 |         40|   8|  13|
|  88| 25| 134| 86| 105|  0| 105|  0|   105 |     0|       139 |         11| 194|  14|
| 139| 51|  85| 49| 104|  1| 104|  1|   104 |     1|       184 |         45| 195|   1|
|   8| 69|  54| 31| 104|  0| 104|  0|   104 |     0|        90 |         94| 161|  34|
| 194| 14|  91| 37| 104|  0| 104|  0|   104 |     0|        21 |         69| 139|  22|
|  21| 27|  83|  8| 104|  0| 104|  0|   104 |     0|         8 |         13| 117|  22|
|  90| 69|  57| 26| 104|  0| 104|  0|   104 |     0|       194 |         14|  99|  18|
| 195| 95| 102| 45| 103|  1| 103|  1|   103 |     1|       195 |          1|  42|  57|
|  42| 47| 172| 70| 103|  0| 103|  0|   103 |     0|       161 |         34|  87|  45|
| 161| 81|  40| 68| 103|  0| 103|  0|   103 |     0|       139 |         22|  89|   2|
| 139| 22| 200| 40| 102|  1| 102|  1|   102 |     1|       117 |         22|  89|   0|
|  99| 40| 137| 63| 102|  0| 102|  0|   102 |     0|        99 |         18| 163|  74|
| 117| 18| 143|  6| 101|  1| 101|  1|   101 |     1|        42 |         57|   8|  45|
|  89| 28| 129| 14| 100|  1| 100|  1|   100 |     1|        87 |         45|  77|  69|
|   8| 81| 183| 54| 100|  0| 100|  0|   100 |     0|        89 |          2|  82|   5|
|  87| 79| 197| 14| 100|  0| 100|  0|   100 |     0|        89 |          0|  91|   9|
| 163| 76| 176| 21| 100|  0| 100|  0|   100 |     0|       163 |         74| 112|  21|
|  89| 74|  37| 61| 100|  0| 100|  0|   100 |     0|         8 |         45| 129|  17|
|  82|  7|  51| 14| 100|  0| 100|  0|   100 |     0|        77 |         69| 157|  28|
| 129| 47| 181| 70| 100|  0| 100|  0|   100 |     0|        82 |          5| 107|  50|
|  77| 52| 151| 30| 100|  0| 100|  0|   100 |     0|        91 |          9|  69|  38|
|  91| 14| 115| 36| 100|  0| 100|  0|   100 |     0|       112 |         21|  64|   5|
| 112| 21|  46| 69| 100|  0| 100|  0|   100 |     0|       129 |         17|  28|  36|
| 157| 45| 132| 86|  99|  1|  99|  1|    99 |     1|       157 |         28|  47|  19|
|  28| 71|  95| 37|  99|  0|  99|  0|    99 |     0|       107 |         50| 164|  83|
|  64| 36|  53| 42|  99|  0|  99|  0|    99 |     0|        69 |         38| 180|  16|
| 107| 43|  44|  9|  98|  1|  98|  1|    98 |     1|        64 |          5| 182|   2|
|  69| 38| 177| 67|  98|  0|  98|  0|    98 |     0|        28 |         36| 199|  17|
| 182| 87| 115| 62|  98|  0|  98|  0|    98 |     0|        47 |         19| 187|  12|
| 199| 17| 155| 40|  97|  1|  97|  1|    97 |     1|       164 |         83| 175|  12|
|  47| 48|  56| 99|  97|  0|  97|  0|    97 |     0|       180 |         16| 120|  55|
| 164| 83| 120| 64|  97|  0|  97|  0|    97 |     0|       182 |          2| 113|   7|
| 180| 16|  54| 66|  96|  1|  96|  1|    96 |     1|       199 |         17|  59|  54|
| 175|  5| 196| 58|  96|  0|  96|  0|    96 |     0|       187 |         12|  73|  14|
| 120| 55| 153| 43|  96|  0|  96|  0|    96 |     0|       175 |         12|  79|   6|
| 187| 67|   3| 50|  96|  0|  96|  0|    96 |     0|       120 |         55| 149|  70|
| 113| 74|   8|  5|  95|  1|  95|  1|    95 |     1|       113 |          7| 185|  36|
|  59| 54| 160| 48|  95|  0|  95|  0|    95 |     0|        59 |         54|  28|  43|
| 149| 90| 129| 31|  95|  0|  95|  0|    95 |     0|        73 |         14|  15|  13|
|  28| 79|  66| 63|  95|  0|  95|  0|    95 |     0|        79 |          6|  58|  43|
|  73| 45|  58|  8|  95|  0|  95|  0|    95 |     0|       149 |         70|  66|   8|
|  79|  6| 154| 96|  95|  0|  95|  0|    95 |     0|       185 |         36| 129|  63|
| 185| 94|  15| 61|  95|  0|  95|  0|    95 |     0|        28 |         43| 154|  25|
|  15| 30| 185| 30|  94|  1|  94|  1|    94 |     1|        15 |         13| 160|   6|
| 154| 61|  79| 94|  94|  0|  94|  0|    94 |     0|        58 |         43| 196|  36|
|  58| 96|  73|  6|  94|  0|  94|  0|    94 |     0|        66 |          8| 153|  43|
|  66|  8|  28| 45|  94|  0|  94|  0|    94 |     0|       129 |         63|   8|  55|
| 129| 63| 149| 79|  93|  1|  93|  1|    93 |     1|       154 |         25|   3|   5|
| 160| 31|  59| 90|  93|  0|  93|  0|    93 |     0|       160 |          6|  54|  51|
|   8| 48| 113| 54|  93|  0|  93|  0|    93 |     0|       196 |         36|  56|   2|
|   3|  5| 187| 74|  93|  0|  93|  0|    93 |     0|       153 |         43| 115|  59|
| 153| 50| 120| 67|  93|  0|  93|  0|    93 |     0|         8 |         55| 120|   5|
| 196| 43| 175| 55|  92|  1|  92|  1|    92 |     1|         3 |          5| 155|  35|
|  54| 58| 180|  5|  92|  0|  92|  0|    92 |     0|        54 |         51| 177|  22|
| 120| 66| 164| 16|  92|  0|  92|  0|    92 |     0|        56 |          2| 132|  45|
|  56| 64|  47| 83|  92|  0|  92|  0|    92 |     0|       115 |         59|  95|  37|
| 155| 99| 199| 48|  92|  0|  92|  0|    92 |     0|       120 |          5|  53|  42|
| 115| 40| 182| 17|  91|  1|  91|  1|    91 |     1|       155 |         35|  44|   9|
| 177| 62|  69| 87|  91|  0|  91|  0|    91 |     0|       177 |         22|  46|   2|
|  44| 67| 107| 38|  91|  0|  91|  0|    91 |     0|       132 |         45|  51|   5|
|  53|  9|  64| 43|  91|  0|  91|  0|    91 |     0|        95 |         37| 115|  64|
|  95| 42|  28| 36|  91|  0|  91|  0|    91 |     0|        53 |         42| 151|  36|
| 132| 37| 157| 71|  90|  1|  90|  1|    90 |     1|        44 |          9| 181|  30|
|  46| 86| 112| 45|  90|  0|  90|  0|    90 |     0|        46 |          2| 176|   5|
| 115| 69|  91| 21|  90|  0|  90|  0|    90 |     0|        51 |          5| 129|  47|
| 151| 36|  77| 14|  90|  0|  90|  0|    90 |     0|       115 |         64|  37|  92|
| 181| 30| 129| 52|  90|  0|  90|  0|    90 |     0|       151 |         36| 183|  54|
|  51| 70|  82| 47|  90|  0|  90|  0|    90 |     0|       181 |         30| 197|  14|
|  37| 14|  89|  7|  90|  0|  90|  0|    90 |     0|       176 |          5| 172|  25|
| 176| 61| 163| 74|  89|  1|  89|  1|    89 |     1|       129 |         47| 143|  29|
| 197| 21|  87| 76|  89|  0|  89|  0|    89 |     0|        37 |         92| 137|   6|
| 183| 14|   8| 79|  89|  0|  89|  0|    89 |     0|       183 |         54|  40|  97|
| 129| 54|  89| 81|  89|  0|  89|  0|    89 |     0|       197 |         14| 200|  40|
| 143| 14| 117| 28|  89|  0|  89|  0|    89 |     0|       172 |         25| 102|  98|
| 137|  6|  99| 18|  88|  1|  88|  1|    88 |     1|       143 |         29|  91|  11|
| 200| 63| 139| 40|  88|  0|  88|  0|    88 |     0|       137 |          6|  83|   8|
|  40| 40| 161| 22|  88|  0|  88|  0|    88 |     0|        40 |         97|  57|  26|
| 172| 68|  42| 81|  88|  0|  88|  0|    88 |     0|       200 |         40|  54|   3|
| 102| 70| 195| 47|  88|  0|  88|  0|    88 |     0|       102 |         98|  85|  31|
|  57| 45|  90| 95|  88|  0|  88|  0|    88 |     0|        91 |         11| 109|  24|
|  83| 26|  21| 69|  87|  1|  87|  1|    87 |     1|        83 |          8| 121|  12|
|  91|  8| 194| 27|  87|  0|  87|  0|    87 |     0|        57 |         26| 134|  13|
|  54| 37|   8| 14|  87|  0|  87|  0|    87 |     0|        54 |          3|  48|  86|
|  85| 31| 139| 69|  87|  0|  87|  0|    87 |     0|        85 |         31|  48|   0|
| 134| 49|  88| 51|  87|  0|  87|  0|    87 |     0|       109 |         24|  76|  28|
|  48| 86|  63| 25|  86|  1|  86|  1|    86 |     1|       121 |         12| 158|  82|
| 109| 61| 184| 79|  86|  0|  86|  0|    86 |     0|       134 |         13| 170|  12|
| 121| 12| 128| 56|  86|  0|  86|  0|    86 |     0|        48 |         86|  17|  47|
| 170| 49| 142| 14|  86|  0|  86|  0|    86 |     0|        48 |          0|  51|  34|
|  48| 78|  82| 60|  86|  0|  86|  0|    86 |     0|        76 |         28|  91|  40|
|  17| 31| 148| 66|  85|  1|  85|  1|    85 |     1|       158 |         82| 142|  51|
| 158| 59|  29| 81|  85|  0|  85|  0|    85 |     0|       170 |         12| 145|   3|
|  76| 82| 128| 99|  85|  0|  85|  0|    85 |     0|        17 |         47| 152|   7|
| 142| 66|  88| 40|  85|  0|  85|  0|    85 |     0|        51 |         34| 128|  24|
| 145|  3|  36| 52|  85|  0|  85|  0|    85 |     0|        91 |         40| 110|  18|
| 152|  7|  62| 26|  85|  0|  85|  0|    85 |     0|       142 |         51|  47|  63|
|  51| 99|   4| 58|  85|  0|  85|  0|    85 |     0|       145 |          3|  41|   6|
|  91| 40|   3|  1|  84|  1|  84|  1|    84 |     1|       152 |          7|  33|   8|
| 110| 19| 156| 47|  84|  0|  84|  0|    84 |     0|       128 |         24|  35|   2|
|  47| 63|  67| 89|  84|  0|  84|  0|    84 |     0|       110 |         18|  41|   6|
|  41|  6|  58|  9|  84|  0|  84|  0|    84 |     0|        47 |         63|  89|  48|
| 128| 87| 140| 82|  84|  0|  84|  0|    84 |     0|        41 |          6|  92|   3|
|  33| 95| 146|  6|  83|  1|  83|  1|    83 |     1|        33 |          8| 197|  95|
|  35|  2| 195| 49|  83|  0|  83|  0|    83 |     0|        35 |          2| 170|  27|
|  41|  6| 145| 50|  83|  0|  83|  0|    83 |     0|        41 |          6| 113|  57|
| 197| 44| 107| 38|  82|  1|  82|  1|    82 |     1|        89 |         48|  24|  89|
|  89| 92| 141| 34|  82|  0|  82|  0|    82 |     0|        92 |          3|  21|   3|
|  92|  3| 134|  7|  82|  0|  82|  0|    82 |     0|       197 |         95|   9|  12|
|  24| 68|   7| 73|  82|  0|  82|  0|    82 |     0|       170 |         27|  52|  43|
| 113| 89|  25| 18|  82|  0|  82|  0|    82 |     0|       113 |         57|  60|   8|
|  21| 92| 182| 43|  82|  0|  82|  0|    82 |     0|        24 |         89|  64|   4|
| 170| 51| 200| 18|  81|  1|  81|  1|    81 |     1|        21 |          3|  77|  13|
|   9| 39|  76| 76|  81|  0|  81|  0|    81 |     0|         9 |         12|  87|  10|
|  77| 68| 174| 98|  81|  0|  81|  0|    81 |     0|        52 |         43| 105|  18|
|  52| 25| 172|  2|  81|  0|  81|  0|    81 |     0|        60 |          8| 135|  30|
|  87| 35| 143| 29|  80|  1|  80|  1|    80 |     1|        64 |          4| 195|  60|
|  60| 27|  69| 74|  80|  0|  80|  0|    80 |     0|        77 |         13| 199|   4|
|  64|  4|  55| 14|  80|  0|  80|  0|    80 |     0|        87 |         10|  34|  35|
| 135| 71| 109| 54|  80|  0|  80|  0|    80 |     0|       105 |         18|  90|  56|
|  34| 99| 185| 76|  79|  1|  79|  1|    79 |     1|       135 |         30| 171|  81|
| 199| 35|  90| 95|  79|  0|  79|  0|    79 |     0|       195 |         60| 199|  28|
| 105| 94| 134| 44|  79|  0|  79|  0|    79 |     0|       199 |          4|  31|  32|
| 195| 90|  34|100|  79|  0|  79|  0|    79 |     0|        34 |         35|  27|   4|
| 171| 24|  41|  7|  79|  0|  79|  0|    79 |     0|        90 |         56|  49|  22|
|  27| 56| 160| 81|  79|  0|  79|  0|    79 |     0|       171 |         81|  63|  14|
|  31|  4|  71| 89|  78|  1|  78|  1|    78 |     1|       199 |         28|  86|  23|
| 199| 32| 165| 94|  78|  0|  78|  0|    78 |     0|        31 |         32| 199|  87|
|  90| 91|  44| 79|  78|  0|  78|  0|    78 |     0|        27 |          4|   5|   6|
|  49| 41| 144|100|  78|  0|  78|  0|    78 |     0|        49 |         22|   9|   4|
|  63| 14| 173| 29|  78|  0|  78|  0|    78 |     0|        63 |         14|  20|  11|
| 199| 64|  52| 79|  78|  0|  78|  0|    78 |     0|        86 |         23|  31|  11|
|   5|  6| 184| 68|  78|  0|  78|  0|    78 |     0|       199 |         87|  32|   1|
|  86| 81|  64| 80|  78|  0|  78|  0|    78 |     0|         5 |          6|  44|  12|
|  32| 54|  64|  0|  77|  1|  77|  1|    77 |     1|         9 |          4|  65|  21|
|  31|  1| 187| 77|  77|  0|  77|  0|    77 |     0|        20 |         11|  98|  33|
|   9| 22|  17| 30|  77|  0|  77|  0|    77 |     0|        31 |         11| 100|   2|
|  20| 11| 139| 78|  77|  0|  77|  0|    77 |     0|        32 |          1| 140|  40|
|  44| 24| 166| 27|  77|  0|  77|  0|    77 |     0|        44 |         12| 167|  27|
| 140| 96| 106| 60|  76|  1|  76|  1|    76 |     1|        65 |         21| 137|  30|
|  65| 75| 100|  6|  76|  0|  76|  0|    76 |     0|        98 |         33| 125|  12|
| 100| 35| 100|  0|  76|  0|  76|  0|    76 |     0|       100 |          2|  94|  31|
| 167| 67| 163| 63|  76|  0|  76|  0|    76 |     0|       140 |         40|  10|  84|
|  98| 69|  10| 47|  76|  0|  76|  0|    76 |     0|       167 |         27| 200|  10|
|  10| 88|  40| 30|  76|  0|  76|  0|    76 |     0|       137 |         30| 183|  17|
|  94| 84|  20| 20|  76|  0|  76|  0|    76 |     0|       125 |         12| 165|  18|
| 200| 94|  67| 47|  75|  1|  75|  1|    75 |     1|        94 |         31|  86|  79|
| 137| 63|  27| 40|  75|  0|  75|  0|    75 |     0|        10 |         84|  40|  46|
| 125| 12| 146| 81|  75|  0|  75|  0|    75 |     0|       200 |         10|  30|  10|
|  30| 95|  11| 65|  75|  0|  75|  0|    75 |     0|       183 |         17|  73|  43|
| 183| 47| 109| 98|  74|  1|  74|  1|    74 |     1|       165 |         18|  76|   3|
|  86| 97|  55| 54|  74|  0|  74|  0|    74 |     0|        86 |         79| 133|  57|
| 165| 79|  74| 19|  74|  0|  74|  0|    74 |     0|        40 |         46| 189|  56|
|  40| 75|  14| 60|  74|  0|  74|  0|    74 |     0|        30 |         10| 195|   6|
| 133| 93|  81| 67|  74|  0|  74|  0|    74 |     0|        73 |         43|  82|  87|
|  73| 60|  50| 31|  74|  0|  74|  0|    74 |     0|        76 |          3|  78|   4|
| 195| 78| 192| 58|  73|  1|  73|  1|    73 |     1|       133 |         57|  54|  24|
|  76| 81|  42| 50|  73|  0|  73|  0|    73 |     0|       189 |         56|  42|  12|
| 189| 87|  49|  7|  73|  0|  73|  0|    73 |     0|       195 |          6|   3|  39|
|  82| 93| 135| 86|  73|  0|  73|  0|    73 |     0|        82 |         87|  31|  28|
|  78|  4| 168| 33|  73|  0|  73|  0|    73 |     0|        78 |          4|  47|  16|
|  42| 36| 176|  8|  73|  0|  73|  0|    73 |     0|        54 |         24| 119|  72|
|   3| 39|  72| 96|  73|  0|  73|  0|    73 |     0|        42 |         12| 157|  38|
|  54| 51| 145| 73|  72|  1|  72|  1|    72 |     1|         3 |         39| 167|  10|
| 157| 97|  19| 74|  72|  0|  72|  0|    72 |     0|        31 |         28| 189|  22|
| 119| 38| 156| 63|  72|  0|  72|  0|    72 |     0|        47 |         16| 190|   1|
|  47| 72| 164|  8|  72|  0|  72|  0|    72 |     0|       119 |         72| 195|   5|
| 167| 80|  22| 58|  72|  0|  72|  0|    72 |     0|       157 |         38| 136|  59|
|  31| 64|  40| 18|  72|  0|  72|  0|    72 |     0|       167 |         10| 112|  24|
| 189| 42|  18| 22|  72|  0|  72|  0|    72 |     0|       189 |         22|  85|  27|
| 190|  1|  90| 72|  72|  0|  72|  0|    72 |     0|       190 |          1|  81|   4|
| 195|  5|  88|  2|  72|  0|  72|  0|    72 |     0|       195 |          5|  49|  32|
| 136| 59|  24| 64|  72|  0|  72|  0|    72 |     0|       136 |         59| 154|  95|
| 112| 24|  25|  1|  72|  0|  72|  0|    72 |     0|       112 |         24| 192|  38|
|  81| 31| 150| 75|  72|  0|  72|  0|    72 |     0|        85 |         27| 174|  18|
|  49| 32| 152|  2|  71|  1|  71|  1|    71 |     1|        81 |          4| 158|  16|
|  85| 36| 114| 38|  71|  0|  71|  0|    71 |     0|        49 |         32| 106|  52|
| 154| 69|   8| 94|  71|  0|  71|  0|    71 |     0|       154 |         95|  79|  27|
| 192| 38| 140| 68|  71|  0|  71|  0|    71 |     0|       192 |         38|  72|   7|
| 106| 86|  24| 84|  70|  1|  70|  1|    70 |     1|       174 |         18|  27|  45|
| 158| 52| 187| 37|  70|  0|  70|  0|    70 |     0|       158 |         16|   9|  18|
|  79| 79|  10| 23|  70|  0|  70|  0|    70 |     0|       106 |         52| 107|  98|
|  72|  7|  60| 50|  69|  1|  69|  1|    69 |     1|        79 |         27| 119|  12|
| 174| 98| 180| 80|  69|  0|  69|  0|    69 |     0|        72 |          7| 174|  55|
|   9| 35| 130| 50|  69|  0|  69|  0|    69 |     0|        27 |         45| 167|   7|
| 107| 98| 108| 22|  69|  0|  69|  0|    69 |     0|         9 |         18| 118|  49|
|  27| 80| 115|  7|  69|  0|  69|  0|    69 |     0|       107 |         98| 100|  18|
| 174| 53|  50| 65|  68|  1|  68|  1|    68 |     1|       119 |         12|  92|   8|
| 119| 55|  78| 28|  68|  0|  68|  0|    68 |     0|       174 |         55|  70|  22|
| 118|  1| 177| 99|  68|  0|  68|  0|    68 |     0|       167 |          7| 120|  50|
| 100| 18|  23| 46|  68|  0|  68|  0|    68 |     0|       118 |         49| 123|   3|
|  70| 30| 151| 72|  67|  1|  67|  1|    67 |     1|       100 |         18| 134|  11|
| 167| 97|  59| 92|  67|  0|  67|  0|    67 |     0|        92 |          8|  44|  90|
|  92| 75| 182| 77|  67|  0|  67|  0|    67 |     0|        70 |         22|  21|  23|
| 123| 31|  11| 29|  67|  0|  67|  0|    67 |     0|       120 |         50|  69|  48|
|  21| 98| 120| 91|  67|  0|  67|  0|    67 |     0|       123 |          3|  72|   3|
|  44| 23| 131| 11|  67|  0|  67|  0|    67 |     0|       134 |         11| 122|  50|
| 120| 76| 100| 31|  67|  0|  67|  0|    67 |     0|        44 |         90| 176|  54|
| 134| 14| 106|  6|  67|  0|  67|  0|    67 |     0|        21 |         23| 180|   4|
| 180| 46|  16| 90|  66|  1|  66|  1|    66 |     1|        69 |         48| 189|   9|
| 176|  4| 106| 90|  66|  0|  66|  0|    66 |     0|        72 |          3| 147|  42|
| 122| 54| 100|  6|  66|  0|  66|  0|    66 |     0|       122 |         50|  87|  60|
|  69| 53|  46| 54|  66|  0|  66|  0|    66 |     0|       176 |         54|  67|  20|
|  72|  3|  28| 18|  66|  0|  66|  0|    66 |     0|       180 |          4|  22|  45|
| 189| 83|  66| 38|  65|  1|  65|  1|    65 |     1|       189 |          9|  21|   1|
|  67| 78|  54| 12|  65|  0|  65|  0|    65 |     0|       147 |         42|   3|  18|
|  87| 20| 180| 74|  64|  1|  64|  1|    64 |     1|        87 |         60|  77|  74|
| 147| 60| 142| 38|  64|  0|  64|  0|    64 |     0|        67 |         20| 129|  52|
|  22| 75| 101| 41|  64|  0|  64|  0|    64 |     0|        22 |         45| 193|  64|
|  21|  1|  89| 12|  64|  0|  64|  0|    64 |     0|        21 |          1| 175|  18|
| 193| 28| 103| 14|  64|  0|  64|  0|    64 |     0|         3 |         18| 175|   0|
| 129| 64|  62| 41|  64|  0|  64|  0|    64 |     0|        77 |         74| 151|  24|
|  77| 52|  67|  5|  64|  0|  64|  0|    64 |     0|       129 |         52|  80|  71|
|   3| 74| 175| 92|  64|  0|  64|  0|    64 |     0|       193 |         64|  54|  26|
|  54| 51| 130| 45|  63|  1|  63|  1|    63 |     1|       175 |         18|  46|   8|
| 175| 79|  74| 56|  63|  0|  63|  0|    63 |     0|       175 |          0|  17|  29|
|  80| 95| 120| 46|  63|  0|  63|  0|    63 |     0|       151 |         24|  58|  41|
| 151| 71|  16| 96|  63|  0|  63|  0|    63 |     0|        80 |         71|  82|  24|
| 175| 24|  30| 14|  63|  0|  63|  0|    63 |     0|        54 |         26| 148|  66|
|  46| 71| 167| 63|  63|  0|  63|  0|    63 |     0|        46 |          8| 127|  21|
|  17| 29|  76| 91|  62|  1|  62|  1|    62 |     1|        17 |         29|  93|  34|
|  82| 65| 126| 50|  62|  0|  62|  0|    62 |     0|        58 |         41|  64|  29|
|  58| 24| 111| 15|  62|  0|  62|  0|    62 |     0|        82 |         24|   1|  63|
| 148| 90| 110|  1|  62|  0|  62|  0|    62 |     0|       148 |         66| 180|  21|
| 127| 21|  18| 92|  62|  0|  62|  0|    62 |     0|       127 |         21| 160|  20|
| 180| 53| 124| 94|  62|  0|  62|  0|    62 |     0|        93 |         34| 149|  11|
|  64| 84|   2| 78|  61|  1|  61|  1|    61 |     1|        64 |         29| 147|   2|
|   1| 63|  35| 33|  61|  0|  61|  0|    61 |     0|         1 |         63|  71|  76|
|  93| 92| 100| 65|  61|  0|  61|  0|    61 |     0|       180 |         21|  38|  33|
|  38| 55| 145| 45|  61|  0|  61|  0|    61 |     0|       160 |         20|  57|  19|
| 147| 91|  88| 57|  61|  0|  61|  0|    61 |     0|       149 |         11|  79|  22|
| 160| 13|  46| 42|  60|  1|  60|  1|    60 |     1|       147 |          2| 113|  34|
|  71| 89| 182| 64|  60|  0|  60|  0|    60 |     0|        71 |         76| 135|  22|
| 149| 78| 134| 48|  60|  0|  60|  0|    60 |     0|        38 |         33| 143|   8|
|  57| 92| 150| 16|  60|  0|  60|  0|    60 |     0|        57 |         19| 148|   5|
| 135| 78|  72| 78|  59|  1|  59|  1|    59 |     1|        79 |         22| 162|  14|
|  79| 56|  11| 61|  59|  0|  59|  0|    59 |     0|       113 |         34| 187|  25|
| 113| 34| 141| 70|  59|  0|  59|  0|    59 |     0|       135 |         22|  97|  90|
| 143| 30|   3| 62|  59|  0|  59|  0|    59 |     0|       143 |          8|  23|  74|
| 187| 44|  81| 78|  58|  1|  58|  1|    58 |     1|       148 |          5|  56|  33|
|  23| 36| 170| 89|  58|  0|  58|  0|    58 |     0|       162 |         14|  76|  20|
| 148| 75| 115| 55|  58|  0|  58|  0|    58 |     0|       187 |         25| 128|  52|
| 162| 14|  48| 67|  58|  0|  58|  0|    58 |     0|        97 |         90| 136|   8|
|  97| 65| 188| 60|  58|  0|  58|  0|    58 |     0|        23 |         74| 143|   7|
| 136| 39| 187|  1|  58|  0|  58|  0|    58 |     0|        56 |         33| 113|  30|
|  76| 60| 154| 33|  57|  1|  57|  1|    57 |     1|        76 |         20|  99|  14|
| 143| 67|  49| 95|  57|  0|  57|  0|    57 |     0|       128 |         52|  51|  48|
|  56| 87|  60| 11|  57|  0|  57|  0|    57 |     0|       136 |          8|  33|  18|
| 128| 72|  27| 33|  57|  0|  57|  0|    57 |     0|       143 |          7| 196|  37|
|  51| 77| 122| 95|  57|  0|  57|  0|    57 |     0|       113 |         30| 182|  14|
|  99| 48|  25| 97|  56|  1|  56|  1|    56 |     1|        99 |         14| 143|  39|
| 196| 97| 159| 66|  56|  0|  56|  0|    56 |     0|        51 |         48|  85|  58|
| 113| 83| 134| 25|  56|  0|  56|  0|    56 |     0|        33 |         18|  43|  42|
|  33| 80|  21| 87|  56|  0|  56|  0|    56 |     0|       196 |         37|  39|   4|
|  85| 52|  73| 52|  55|  1|  55|  1|    55 |     1|       182 |         14|  85|  46|
|  39| 46| 195| 78|  55|  0|  55|  0|    55 |     0|       143 |         39| 114|  29|
|  43|  4| 169| 26|  55|  0|  55|  0|    55 |     0|        85 |         58| 122|   8|
| 143|100|  98| 71|  55|  0|  55|  0|    55 |     0|        43 |         42| 127|   5|
| 182| 39|  77| 21|  55|  0|  55|  0|    55 |     0|        39 |          4| 181|  54|
| 114| 68|  85|  8|  55|  0|  55|  0|    55 |     0|        85 |         46| 132|  49|
| 181| 67| 198| 87|  54|  1|  54|  1|    54 |     1|       114 |         29| 132|   0|
|  85| 96| 153| 45|  54|  0|  54|  0|    54 |     0|       122 |          8| 106|  26|
| 127| 42| 124| 29|  54|  0|  54|  0|    54 |     0|       127 |          5|  39|  67|
| 122|  5|  40| 84|  54|  0|  54|  0|    54 |     0|       181 |         54|  11|  28|
| 106| 16|  80| 40|  54|  0|  54|  0|    54 |     0|       132 |         49|  12|   1|
| 132| 26| 133| 53|  54|  0|  54|  0|    54 |     0|       132 |          0|  30|  18|
|  39| 93|  94| 39|  54|  0|  54|  0|    54 |     0|       106 |         26| 130| 100|
| 132| 93| 116| 22|  54|  0|  54|  0|    54 |     0|        39 |         67| 134|   4|
|  11| 79| 200| 84|  53|  1|  53|  1|    53 |     1|        11 |         28| 178|  44|
| 178| 33|   1|  1|  53|  0|  53|  0|    53 |     0|        12 |          1|  40|  62|
| 130| 48| 155| 46|  53|  0|  53|  0|    53 |     0|        30 |         18|  25|  15|
|  30|100| 114| 41|  53|  0|  53|  0|    53 |     0|       130 |        100|   7|  18|
| 134| 96| 167| 53|  52|  1|  52|  1|    52 |     1|       134 |          4| 182|  25|
|  12| 78| 167|  0|  52|  0|  52|  0|    52 |     0|       178 |         44| 188|   6|
|  25| 13| 171|  4|  52|  0|  52|  0|    52 |     0|        40 |         62| 148|  40|
| 182| 43|  19| 48|  52|  0|  52|  0|    52 |     0|        25 |         15| 138|  10|
| 188|  6| 103| 84|  52|  0|  52|  0|    52 |     0|         7 |         18|  84|  54|
|   7| 19|  16| 87|  51|  1|  51|  1|    51 |     1|       182 |         25|  63|  21|
|  40| 33| 156| 60|  51|  0|  51|  0|    51 |     0|       188 |          6| 198|  65|
| 148| 92| 182| 26|  51|  0|  51|  0|    51 |     0|       148 |         40| 185|  13|
|  63| 85|  30| 48|  51|  0|  51|  0|    51 |     0|       138 |         10| 183|   2|
| 138| 75| 120| 90|  50|  1|  50|  1|    50 |     1|        84 |         54|  82|  99|
|  84| 54|  55| 65|  50|  0|  50|  0|    50 |     0|        63 |         21|  38|  44|
| 198| 86|  78| 23|  50|  0|  50|  0|    50 |     0|       198 |         65|  30|   8|
| 185| 13| 105| 27|  50|  0|  50|  0|    50 |     0|       185 |         13| 111|  81|
| 183|  2| 142| 37|  49|  1|  49|  1|    49 |     1|       183 |          2| 136|  25|
|  38| 55| 130| 12|  49|  0|  49|  0|    49 |     0|        82 |         99| 148|  12|
|  30|  8|  68| 62|  49|  0|  49|  0|    49 |     0|        38 |         44| 163|  15|
|  82| 52|  73|  5|  49|  0|  49|  0|    49 |     0|        30 |          8|  29|  66|
| 111| 29|  71|  2|  49|  0|  49|  0|    49 |     0|       111 |         81|  75|  46|
| 148| 37|  86| 15|  49|  0|  49|  0|    49 |     0|       136 |         25|  97|  22|
| 136| 12| 102| 16|  48|  1|  48|  1|    48 |     1|       148 |         12| 127|  30|
|  29| 93|  11| 91|  48|  0|  48|  0|    48 |     0|       163 |         15| 182|  55|
| 163| 66| 193| 18|  48|  0|  48|  0|    48 |     0|        29 |         66|   7|  25|
|  75| 88|  63| 70|  48|  0|  48|  0|    48 |     0|        75 |         46|  34|  27|
| 182| 93|  81| 18|  47|  1|  47|  1|    47 |     1|        97 |         22|  90|  56|
|  97| 85|  12| 69|  47|  0|  47|  0|    47 |     0|       127 |         30|  92|   2|
| 127| 30| 131| 81|  47|  0|  47|  0|    47 |     0|       182 |         55| 100|   8|
|   7| 80| 192| 61|  47|  0|  47|  0|    47 |     0|         7 |         25| 140|  40|
|  92| 85|  72| 80|  47|  0|  47|  0|    47 |     0|        34 |         27|  61|  79|
| 100|  8|  20| 52|  47|  0|  47|  0|    47 |     0|        90 |         56|  20|  41|
| 140| 40|  28|  8|  47|  0|  47|  0|    47 |     0|        92 |          2|  17|   3|
|  90| 50| 143| 85|  47|  0|  47|  0|    47 |     0|       100 |          8|  13|   4|
|  34| 56|  26| 83|  46|  1|  46|  1|    46 |     1|       140 |         40| 186|  27|
|  17| 17| 171| 55|  46|  0|  46|  0|    46 |     0|        61 |         79| 188|   2|
|  20|  3| 193| 22|  46|  0|  46|  0|    46 |     0|        20 |         41| 181|   7|
|  61| 41| 149| 44|  46|  0|  46|  0|    46 |     0|        17 |          3|  54|  73|
| 186| 75| 185| 36|  46|  0|  46|  0|    46 |     0|        13 |          4|  27|  27|
|  13| 27| 116| 69|  46|  0|  46|  0|    46 |     0|       186 |         27|   6|  21|
| 188| 25|  40| 76|  46|  0|  46|  0|    46 |     0|       188 |          2|  55|  49|
|  27| 39|  59| 19|  46|  0|  46|  0|    46 |     0|       181 |          7|  68|  13|
|   6| 21|  72| 13|  46|  0|  46|  0|    46 |     0|        54 |         73|  96|  28|
|  54| 48| 142| 70|  45|  1|  45|  1|    45 |     1|        27 |         27| 136|  40|
| 181| 73| 107| 35|  44|  1|  44|  1|    44 |     1|         6 |         21| 150|  14|
|  55| 74| 100|  7|  44|  0|  44|  0|    44 |     0|        55 |         49| 177|  27|
|  96| 41| 193| 93|  44|  0|  44|  0|    44 |     0|        68 |         13| 195|  18|
| 150| 54|   9| 16|  44|  0|  44|  0|    44 |     0|        96 |         28|  90|  95|
|  68| 82|  11|  2|  44|  0|  44|  0|    44 |     0|       136 |         40|  58|  32|
| 136| 68|  15|  4|  44|  0|  44|  0|    44 |     0|       150 |         14|  28|  30|
| 195| 59|  88| 73|  43|  1|  43|  1|    43 |     1|       177 |         27|  35|   7|
|  28| 33|  58| 30|  43|  0|  43|  0|    43 |     0|       195 |         18|  50|  15|
|  58| 30|  38| 20|  43|  0|  43|  0|    43 |     0|        90 |         95|  55|   5|
| 177| 81|  35|  3|  43|  0|  43|  0|    43 |     0|        58 |         32| 124|  69|
|  90| 87|   1| 34|  43|  0|  43|  0|    43 |     0|        28 |         30|  15|  91|
| 124| 34| 119| 82|  42|  1|  42|  1|    42 |     1|        35 |          7|  15|   0|
|  15| 91| 198| 79|  42|  0|  42|  0|    42 |     0|        50 |         15|  65|  50|
|  50| 35|  91| 93|  42|  0|  42|  0|    42 |     0|        55 |          5| 113|  48|
|  55|  5|  13| 78|  41|  1|  41|  1|    41 |     1|       124 |         69| 121|   8|
|  35| 20|   2| 11|  41|  0|  41|  0|    41 |     0|        15 |         91| 125|   4|
|  15| 20|  16| 14|  41|  0|  41|  0|    41 |     0|        15 |          0| 124|   1|
| 121| 94|  22|  6|  40|  1|  40|  1|    40 |     1|        65 |         50|  26|  98|
| 125|  4| 142| 80|  40|  0|  40|  0|    40 |     0|       113 |         48|  26|   0|
|  65| 60|  50| 92|  40|  0|  40|  0|    40 |     0|       121 |          8|   7|  19|
| 113| 48|  32| 18|  40|  0|  40|  0|    40 |     0|       125 |          4| 193|  14|
|   7| 94| 139| 93|  40|  0|  40|  0|    40 |     0|       124 |          1| 106|  87|
|  26| 19| 105| 34|  40|  0|  40|  0|    40 |     0|        26 |         98| 100|   6|
| 193| 33|  96|  9|  40|  0|  40|  0|    40 |     0|        26 |          0|  46|  54|
| 124| 69|  16| 80|  40|  0|  40|  0|    40 |     0|         7 |         19|  28|  18|
|  26| 98|  47| 31|  40|  0|  40|  0|    40 |     0|       193 |         14|  16|  12|
|  53| 27| 195| 52|  40|  0|  40|  0|    40 |     0|       122 |         71|  32|  16|
|  47|  6| 110| 85|  40|  0|  40|  0|    40 |     0|        57 |         65|  47|  15|
|  57| 10| 104|  6|  40|  0|  40|  0|    40 |     0|        53 |          4|  53|   6|
| 122| 65| 107|  3|  39|  1|  39|  1|    39 |     1|        47 |          6|  57|   4|
|  32| 90|  20| 87|  39|  0|  39|  0|    39 |     0|        32 |         15| 122|  65|
|  21| 11|  12|  8|  39|  0|  39|  0|    39 |     0|        21 |         11| 108|  14|
| 168| 53| 103| 91|  39|  0|  39|  0|    39 |     0|         9 |         12|  93|  15|
| 162|  6|  15| 88|  38|  1|  38|  1|    38 |     1|        33 |         24|  72|  21|
|  33| 71| 197| 18|  38|  0|  38|  0|    38 |     0|       162 |         71|  66|   6|
|   9| 24| 182| 15|  38|  0|  38|  0|    38 |     0|       168 |          6|  49|  17|
|  49| 40|  40| 58|  38|  0|  38|  0|    38 |     0|       108 |         60|  33|  16|
|  93| 44| 123| 83|  38|  0|  38|  0|    38 |     0|        93 |         15|  21|  12|
|  72| 21|  84| 39|  37|  1|  37|  1|    37 |     1|        72 |         21|   9|  12|
| 108| 36| 168| 84|  37|  0|  37|  0|    37 |     0|        66 |          6| 162|  47|
|  66| 42| 142| 26|  37|  0|  37|  0|    37 |     0|        49 |         17| 168|   6|
|  60|  6| 187| 45|  37|  0|  37|  0|    37 |     0|        60 |         11| 117|  51|
|  64|  4|  96| 91|  36|  1|  36|  1|    36 |     1|        64 |          4| 113|   4|
| 113| 49|  10| 86|  35|  1|  35|  1|    35 |     1|       113 |         49|  64|  49|
| 185| 72| 158| 52|  35|  0|  35|  0|    35 |     0|       117 |          4|  60|   4|
| 117| 68| 150|  8|  35|  0|  35|  0|    35 |     0|       185 |         68| 185|  75|
| 199| 82|  38| 88|  35|  0|  35|  0|    35 |     0|       199 |         14| 142|  43|
|  49| 50|  61| 23|  35|  0|  35|  0|    35 |     0|        49 |         50| 123|  19|
|  48|  1| 170| 91|  35|  0|  35|  0|    35 |     0|        48 |          1|  66|  57|
|  11| 37|  95| 75|  35|  0|  35|  0|    35 |     0|        11 |         37|  61|   5|
|   3|  8| 146| 51|  35|  0|  35|  0|    35 |     0|         3 |          8|  47|  14|
|  61| 58|  19| 73|  34|  1|  34|  1|    34 |     1|        47 |         44|  48|   1|
| 123| 62|  62| 43|  34|  0|  34|  0|    34 |     0|        61 |         14|  49|   1|
|  66| 57| 141| 79|  34|  0|  34|  0|    34 |     0|        66 |          5| 199|  50|
|  47| 19|  75| 66|  34|  0|  34|  0|    34 |     0|       123 |         57|  11|  12|
| 142| 95| 182| 93|  34|  0|  34|  0|    34 |     0|       142 |         19|   3|   8|
| 167| 25| 104| 78|  34|  0|  34|  0|    34 |     0|       142 |          0|  35|  32|
| 142| 25| 196| 92|  34|  0|  34|  0|    34 |     0|       167 |         25| 105|  70|
|  35| 93| 194|  2|  33|  1|  33|  1|    33 |     1|       111 |         56| 111|   6|
| 111| 76|  43| 49|  33|  0|  33|  0|    33 |     0|       105 |          6| 142|  31|
| 105|  6|   4| 39|  33|  0|  33|  0|    33 |     0|        35 |         70| 167|  25|
|  95| 10|  76| 72|  33|  0|  33|  0|    33 |     0|        78 |         43| 186|  19|
| 109| 14| 167| 91|  33|  0|  33|  0|    33 |     0|        95 |         17| 157|  29|
|  78| 31| 153| 14|  33|  0|  33|  0|    33 |     0|       109 |         14| 121|  36|
| 185| 93| 128| 25|  33|  0|  33|  0|    33 |     0|       185 |         76| 112|   9|
| 199| 14| 160| 32|  33|  0|  33|  0|    33 |     0|       199 |         14|  38|  74|
| 186| 13|  46| 86|  32|  1|  32|  1|    32 |     1|       186 |         13|  78|  40|
| 121| 65|  33| 13|  32|  0|  32|  0|    32 |     0|       157 |         29|  95|  17|
| 157| 36| 141| 92|  32|  0|  32|  0|    32 |     0|       121 |         36| 109|  14|
|  38| 81|  64| 77|  32|  0|  32|  0|    32 |     0|       112 |          9| 185|  76|
| 112| 74| 121| 57|  31|  1|  31|  1|    31 |     1|        38 |         74| 199|  14|
| 166| 54| 154| 33|  31|  0|  31|  0|    31 |     0|        54 |         16| 166|  33|
| 142| 24|   4| 50|  31|  0|  31|  0|    31 |     0|        69 |         15| 142|  24|
|  54| 88| 108| 96|  31|  0|  31|  0|    31 |     0|       142 |         73|  69|  73|
|  69| 15|  43| 65|  31|  0|  31|  0|    31 |     0|       166 |         24|  54|  15|
|  32| 37| 132| 89|  30|  1|  30|  1|    30 |     1|        32 |         66|  32|  22|
| 164| 68|  37| 95|  30|  0|  30|  0|    30 |     0|        43 |         11|  43|  11|
| 129| 35|  72| 35|  30|  0|  30|  0|    30 |     0|        74 |         31|  74|  31|
|  43| 86| 158| 86|  30|  0|  30|  0|    30 |     0|       129 |         55| 129|  55|
| 130| 87|  23| 65|  30|  0|  30|  0|    30 |     0|       130 |          1| 130|   1|
|  74| 56| 145| 78|  29|  1|  29|  1|    29 |     1|       164 |         34| 164|  34|
|  87| 13|   9| 64|  29|  0|  29|  0|    29 |     0|        88 |         76|  88|  76|
|  26| 61|  27| 18|  29|  0|  29|  0|    29 |     0|        87 |          1|  87|   1|
| 197| 29|  20|  7|  28|  1|  28|  1|    28 |     1|        72 |         15|  72|  15|
|  88| 91| 175| 45|  28|  0|  28|  0|    28 |     0|        26 |         46|  26|  46|
|  72| 16| 105| 70|  28|  0|  28|  0|    28 |     0|       197 |         29| 197|  29|
| 116| 44| 170| 65|  28|  0|  28|  0|    28 |     0|       116 |         81| 116|  81|
|  57| 59|  40| 70|  28|  0|  28|  0|    28 |     0|        95 |         21|  95|  21|
|  44| 13| 123| 83|  28|  0|  28|  0|    28 |     0|        75 |         20|  75|  20|
|  75| 31|  93| 30|  27|  1|  27|  1|    27 |     1|        57 |         18|  57|  18|
|  95| 20| 175| 82|  27|  0|  27|  0|    27 |     0|        44 |         13|  44|  13|
| 156| 61|  77| 98|  27|  0|  27|  0|    27 |     0|        82 |         38|  82|  38|
|  82| 74|  83|  6|  27|  0|  27|  0|    27 |     0|       156 |         74| 156|  74|
|  35| 47| 151| 68|  27|  0|  27|  0|    27 |     0|       186 |         30| 186|  30|
|  27|  8| 109| 42|  27|  0|  27|  0|    27 |     0|        35 |         49|  35|  49|
| 186| 41| 186| 77|  27|  0|  27|  0|    27 |     0|        27 |          8|  27|   8|
|  68| 82|  73| 87|  26|  1|  26|  1|    26 |     1|        68 |         41|  68|  41|
| 136| 68| 100| 27|  26|  0|  26|  0|    26 |     0|       136 |         68| 136|  68|
| 193| 57| 191| 91|  26|  0|  26|  0|    26 |     0|       160 |         24| 160|  24|
| 160| 33|  34| 43|  26|  0|  26|  0|    26 |     0|       178 |         18| 178|  18|
| 178| 18|  57| 23|  26|  0|  26|  0|    26 |     0|       193 |         15| 193|  15|
|  43| 65|  86| 29|  26|  0|  26|  0|    26 |     0|       191 |          2| 153|  40|
|  15| 28| 118| 32|  26|  0|  26|  0|    26 |     0|        72 |         81| 135|  18|
|  35| 20| 187| 69|  25|  1|  25|  1|    25 |     1|        43 |         29| 109|  26|
| 191| 44| 131| 56|  25|  0|  25|  0|    25 |     0|        35 |          8|  47|  62|
|  72| 81| 167| 36|  25|  0|  25|  0|    25 |     0|        15 |         20|  46|   1|
| 109| 37|  40| 73|  25|  0|  25|  0|    25 |     0|        46 |         31|  43|   3|
| 135| 26|  17| 23|  24|  1|  24|  1|    24 |     1|        47 |          1|  35|   8|
|  46| 89|  72| 55|  24|  0|  24|  0|    24 |     0|       109 |         62|  15|  20|
| 153| 93| 160| 88|  24|  0|  24|  0|    24 |     0|       135 |         26|  72|  57|
|  47| 94|  98| 62|  24|  0|  24|  0|    24 |     0|       153 |         18| 191|  81|
| 194| 53| 129| 31|  24|  0|  24|  0|    24 |     0|       194 |         41| 194|   3|
|  74| 80| 104| 25|  23|  1|  23|  1|    23 |     1|       131 |         63| 131|  63|
|  92| 18|  23| 81|  23|  0|  23|  0|    23 |     0|        92 |         39|  92|  39|
|  34| 58| 115| 92|  23|  0|  23|  0|    23 |     0|        74 |         18|  74|  18|
| 131| 97| 140| 25|  23|  0|  23|  0|    23 |     0|        34 |         40|  34|  40|
|  59| 72|  85| 55|  23|  0|  23|  0|    23 |     0|        59 |         25|  59|  25|
|  99| 40| 124| 39|  23|  0|  23|  0|    23 |     0|        74 |         15|  74|  15|
|  79| 20| 164| 40|  23|  0|  23|  0|    23 |     0|        79 |          5|  79|   5|
|  74|  5|  80| 84|  23|  0|  23|  0|    23 |     0|        99 |         20|  99|  20|
| 144| 70|  14| 66|  23|  0|  23|  0|    23 |     0|       144 |         45| 144|  45|
| 135|  9|  96| 82|  22|  1|  22|  1|    22 |     1|       135 |          9| 135|   9|
|   3| 68| 161| 65|  22|  0|  22|  0|    22 |     0|       135 |          0| 135|   0|
| 135| 68| 147| 14|  22|  0|  22|  0|    22 |     0|       121 |         14| 121|  14|
| 177| 42| 135| 12|  22|  0|  22|  0|    22 |     0|         3 |         82|   3|  82|
| 121| 56| 170| 35|  22|  0|  22|  0|    22 |     0|       177 |         26| 177|  26|
|  55| 66|  87| 83|  21|  1|  21|  1|    21 |     1|       115 |         62| 115|  62|
| 200| 55| 170| 83|  21|  0|  21|  0|    21 |     0|        55 |         60|  55|  60|
|  40| 40| 124| 46|  21|  0|  21|  0|    21 |     0|        47 |          8|  47|   8|
|  47|  7| 133|  9|  21|  0|  21|  0|    21 |     0|        40 |          7|  40|   7|
| 115| 68|  84| 49|  21|  0|  21|  0|    21 |     0|       200 |         40| 200|  40|
| 161| 46| 190| 94|  21|  0|  21|  0|    21 |     0|       161 |         39| 161|  39|
|  90| 71|  33| 43|  20|  1|  20|  1|    20 |     1|       151 |         10| 151|  10|
|  12| 78| 131| 98|  20|  0|  20|  0|    20 |     0|       129 |         22| 129|  22|
| 151| 61|  45| 86|  20|  0|  20|  0|    20 |     0|        90 |         39|  90|  39|
| 129| 22|  16| 29|  20|  0|  20|  0|    20 |     0|        12 |         78|  12|  78|
|  93| 36|  94| 78|  20|  0|  20|  0|    20 |     0|        24 |         12|  24|  12|
| 144| 51|  22| 72|  20|  0|  20|  0|    20 |     0|        93 |         69|  93|  69|
| 159| 15|  46| 24|  19|  1|  19|  1|    19 |     1|       104 |         11| 104|  11|
|  24| 65|  28| 18|  19|  0|  19|  0|    19 |     0|       144 |         40| 144|  40|
| 104| 80| 161| 67|  19|  0|  19|  0|    19 |     0|       159 |         15| 159|  15|
| 186| 82|  34| 73|  19|  0|  19|  0|    19 |     0|       179 |         20| 155|   4|
|  52| 66|  23| 11|  18|  1|  18|  1|    18 |     1|       186 |          7| 153|   2|
| 179| 73|  84| 61|  18|  0|  18|  0|    18 |     0|       186 |          0|  78|  75|
| 186|  7|  63| 21|  18|  0|  18|  0|    18 |     0|        95 |         91|  67|  11|
|  95| 91|  62|  1|  18|  0|  18|  0|    18 |     0|        52 |         43| 196|  71|
| 153| 58|  73| 11|  17|  1|  17|  1|    17 |     1|        67 |         15| 166|  30|
| 196| 43|  39| 34|  17|  0|  17|  0|    17 |     0|        78 |         11| 165|   1|
|  78| 82| 136| 97|  17|  0|  17|  0|    17 |     0|       153 |         75| 128|  37|
| 155| 77|  23| 87|  17|  0|  17|  0|    17 |     0|       155 |          2|  26|  98|
|  67| 88| 106| 83|  17|  0|  17|  0|    17 |     0|       196 |         41|  18|   8|
|  26| 41| 153| 47|  17|  0|  17|  0|    17 |     0|       166 |         30|  62|  44|
|  18|  8|  64| 89|  16|  1|  16|  1|    16 |     1|       165 |          1|  89|  27|
| 166| 52|  62|  2|  16|  0|  16|  0|    16 |     0|       128 |         37| 111|  22|
| 165|  1| 133| 71|  16|  0|  16|  0|    16 |     0|        26 |         98| 114|   3|
| 128| 37|  67| 66|  16|  0|  16|  0|    16 |     0|        18 |          8| 182|  68|
| 182| 54|  13| 54|  16|  0|  16|  0|    16 |     0|        62 |         44| 153|  29|
|  89| 93|  11|  2|  16|  0|  16|  0|    16 |     0|        89 |         27| 149|   4|
|  62| 27|  61| 50|  16|  0|  16|  0|    16 |     0|       111 |         22|  75|  74|
| 114| 52| 157| 96|  16|  0|  16|  0|    16 |     0|       114 |          3|  19|  56|
| 111|  3|  37| 80|  15|  1|  15|  1|    15 |     1|       182 |         68| 196|  23|
| 149| 38| 149| 88|  15|  0|  15|  0|    15 |     0|       153 |         29| 146|  50|
| 153|  4| 150|  1|  15|  0|  15|  0|    15 |     0|       149 |          4| 108|  38|
|  75| 78|  95| 55|  15|  0|  15|  0|    15 |     0|        75 |         74|  71|  37|
| 196| 79| 131| 36|  15|  0|  15|  0|    15 |     0|        19 |         56|  58|  13|
|  19| 23| 113| 18|  15|  0|  15|  0|    15 |     0|       196 |         23|  52|   6|
|  52| 33| 166| 53|  14|  1|  14|  1|    14 |     1|       146 |         50|  72|  20|
| 146| 94| 199| 33|  14|  0|  14|  0|    14 |     0|       108 |         38| 134|  62|
|  58| 88| 104| 95|  14|  0|  14|  0|    14 |     0|        71 |         37| 175|  41|
|  71| 13|  16| 88|  14|  0|  14|  0|    14 |     0|        58 |         13| 177|   2|
| 108| 37|  46| 30|  13|  1|  13|  1|    13 |     1|        52 |          6|  44|  67|
| 134| 26| 134| 88|  13|  0|  13|  0|    13 |     0|        72 |         20|  67|  23|
|  72| 62|  86| 48|  13|  0|  13|  0|    13 |     0|       134 |         62|  70|   3|
|  44| 28|  33| 53|  13|  0|  13|  0|    13 |     0|       175 |         41|  70|   0|
| 175| 69|  53| 20|  12|  1|  12|  1|    12 |     1|       177 |          2|  97|  27|
| 177|  2|   8| 45|  12|  0|  12|  0|    12 |     0|        44 |         67| 161|  64|
|  67| 90|   9|  1|  12|  0|  12|  0|    12 |     0|        67 |         23| 127|  34|
|  70|  3|  67| 58|  12|  0|  12|  0|    12 |     0|        70 |          3|   5|  78|
|  97| 27|  78| 11|  12|  0|  12|  0|    12 |     0|        70 |          0| 170|  35|
| 161| 64| 134| 56|  11|  1|  11|  1|    11 |     1|        97 |         27| 172|   2|
|  70| 91|  31| 97|  11|  0|  11|  0|    11 |     0|       161 |         64| 178|   6|
|   5| 65| 173| 58|  11|  0|  11|  0|    11 |     0|       127 |         34| 159|  19|
| 172| 33|  29| 56|  11|  0|  11|  0|    11 |     0|         5 |         78| 142|  17|
| 170|  2|  84| 55|  11|  0|  11|  0|    11 |     0|       170 |         35| 107|  35|
| 178|  8|  33| 51|  11|  0|  11|  0|    11 |     0|       172 |          2|  61|  46|
| 127| 51| 124| 91|  11|  0|  11|  0|    11 |     0|       178 |          6|  26|  35|
| 142| 15| 131|  7|  11|  0|  11|  0|    11 |     0|       159 |         19|  33|   7|
| 107| 35|  35| 96|  11|  0|  11|  0|    11 |     0|       142 |         17| 122|  89|
| 159| 52|  74| 39|  11|  0|  11|  0|    11 |     0|       107 |         35| 123|   1|
|  26| 67|  78|  4|  10|  1|  10|  1|    10 |     1|        61 |         46| 176|  53|
|  61| 35|  16| 62|  10|  0|  10|  0|    10 |     0|        26 |         35| 196|  20|
|  33| 28|  46| 30|  10|  0|  10|  0|    10 |     0|        33 |          7| 171|  25|
| 123| 90|  83| 37|  10|  0|  10|  0|    10 |     0|       122 |         89| 113|  58|
| 176| 53| 172| 89|   9|  1|   9|  1|     9 |     1|       123 |          1|  85|  28|
| 196| 20| 116| 56|   9|  0|   9|  0|     9 |     0|       176 |         53|  14|  71|
| 122| 74| 166| 50|   9|  0|   9|  0|     9 |     0|       196 |         20|   4|  10|
|   4| 82|  23| 57|   9|  0|   9|  0|     9 |     0|       171 |         25|  12|   8|
| 171| 33|  18|  5|   9|  0|   9|  0|     9 |     0|       113 |         58|  14|   2|
|  85| 86|  53| 35|   9|  0|   9|  0|     9 |     0|        85 |         28| 116|  98|
|  14| 71| 123| 70|   9|  0|   9|  0|     9 |     0|        14 |         71| 131|  15|
| 113| 99|   6| 83|   9|  0|   9|  0|     9 |     0|         4 |         10| 196|  65|
| 131| 18|  73| 67|   8|  1|   8|  1|     8 |     1|        12 |          8|  76|  80|
|  14| 83| 120| 47|   8|  0|   8|  0|     8 |     0|        14 |          2|  63|  13|
| 116| 98| 198| 78|   8|  0|   8|  0|     8 |     0|       116 |         98|  56|   7|
|  12| 96|  68| 70|   8|  0|   8|  0|     8 |     0|       131 |         15|  37|  19|
| 196| 16|  79| 11|   8|  0|   8|  0|     8 |     0|       196 |         65|  11|  26|
|  37| 41|  95| 16|   7|  1|   7|  1|     7 |     1|        76 |         80|  22|  11|
|  56| 19|  78| 17|   7|  0|   7|  0|     7 |     0|        63 |         13|  34|  12|
|  76| 20|   3| 75|   7|  0|   7|  0|     7 |     0|        56 |          7|  93|  59|
|  63| 13| 140| 63|   7|  0|   7|  0|     7 |     0|        37 |         19| 126|  33|
|  11| 52| 198| 58|   6|  1|   6|  1|     6 |     1|        11 |         26| 167|  41|
|  34| 23|   9| 11|   6|  0|   6|  0|     6 |     0|        22 |         11| 147|  20|
|  93| 59| 198| 11|   5|  1|   5|  1|     5 |     1|        34 |         12|  80|  67|
| 126| 33| 131| 67|   5|  0|   5|  0|     5 |     0|        93 |         59|  79|   1|
|  22| 96|  94| 37|   4|  1|   4|  1|     4 |     1|       126 |         33|  51|  28|
| 167| 55|  13| 81|   4|  0|   4|  0|     4 |     0|       167 |         41|  26|  25|
|  51| 84| 144| 69|   4|  0|   4|  0|     4 |     0|       147 |         20|  31|   5|
|  79| 28| 140|  4|   4|  0|   4|  0|     4 |     0|        80 |         67|  56|  25|
|  26| 53| 167| 27|   3|  1|   3|  1|     3 |     1|        79 |          1| 114|  58|
| 147| 79|  66| 99|   3|  0|   3|  0|     3 |     0|        51 |         28| 175|  61|
|  80| 67|  54| 12|   3|  0|   3|  0|     3 |     0|        26 |         25|  24|  49|
| 175| 95|  23| 31|   3|  0|   3|  0|     3 |     0|        31 |          5|  23|   1|
| 114| 61|  69| 46|   3|  0|   3|  0|     3 |     0|        56 |         25|  91|  68|
|  56| 58| 170| 99|   3|  0|   3|  0|     3 |     0|       114 |         58| 111|  20|
|  31| 25|  52| 82|   3|  0|   3|  0|     3 |     0|       175 |         61| 172|  61|
|  24|  7|  92| 40|   3|  0|   3|  0|     3 |     0|        24 |         49| 178|   6|
|  23|  1|  11| 81|   2|  1|   2|  1|     2 |     1|        23 |          1| 179|   1|
|  91| 68|  39| 28|   2|  0|   2|  0|     2 |     0|        91 |         68| 186|   7|
| 178| 87| 117| 78|   1|  1|   1|  1|     1 |     1|       111 |         20| 186|   0|
| 111| 67|  40| 77|   1|  0|   1|  0|     1 |     0|       172 |         61|  95|  91|
--------------------------------------------------------------------------------------
|  101 ns|  201 ns|   64 ns|   86 ns|         83 ns|                 240 ns|    23 ns|
--------------------------------------------------------------------------------------
|   50 ns|   50 ns|    0 ns|    0 ns|          0 ns|                  31 ns|    31 ns|
--------------------------------------------------------------------------------------
|  FIFO  |  LIFO  |  SSTF  |  SCAN  |    C-SCAN    |      N-STEP-SCAN      |  FSCAN  |
--------------------------------------------------------------------------------------
