
The table is organized as such:
| Policy Name |
| Starting Track |
| Next track | Tracks Moved |
| ... |
| Average Seek Length |
| Average Seek Time |
--------------------------------------------------------------------------------------
|  FIFO  |  LIFO  |  SSTF  |  SCAN  |    C-SCAN    |      N-STEP-SCAN      |  FSCAN  |
--------------------------------------------------------------------------------------
|   100  |   100  |   100  |   100  |       100    |              100      |    100  |
--------------------------------------------------------------------------------------
| 178| 78|  46| 54| 100|  0| 100|  0|   100 |     0|       112 |         12| 112|  12|
| 150| 28| 135| 89| 100|  0| 100|  0|   100 |     0|       150 |         38| 150|  38|
| 164| 14|  54| 81| 100|  0| 100|  0|   100 |     0|       164 |         14| 164|  14|
| 112| 52|  37| 17| 100|  0| 100|  0|   100 |     0|       178 |         14| 178|  14|
|  13| 99| 189| 48| 101|  1| 101|  1|   101 |     1|        13 |         35|  13|  35|
|  83| 70| 114| 75| 101|  0| 101|  0|   101 |     0|        44 |         31| 112|  99|
| 122| 39|  46| 68| 101|  0| 101|  0|   101 |     0|        82 |         38| 147|  35|
|  44| 78| 102| 56| 101|  0| 101|  0|   101 |     0|        83 |          1| 173|  26|
|  82| 38|  45| 57| 101|  0| 101|  0|   101 |     0|       122 |         39| 180|   7|
| 176| 94|  27| 18| 101|  0| 101|  0|   101 |     0|       176 |         54|   1|  21|
| 112| 64|  63| 36| 101|  0| 101|  0|   101 |     0|       173 |          3|  44|  43|
|   1| 89|  60|  3| 101|  0| 101|  0|   101 |     0|       147 |         26|  82|  38|
| 173| 28|  33| 27| 101|  0| 101|  0|   101 |     0|       112 |         35|  83|   1|
| 180|  7|  32|  1| 102|  1| 102|  1|   102 |     1|         1 |         89| 122|  39|
| 147| 33| 144| 88| 102|  0| 102|  0|   102 |     0|       180 |         21| 176|  54|
|  35| 88|  45| 99| 102|  0| 102|  0|   102 |     0|       177 |          3|  94|  82|
| 182| 53|  75| 30| 103|  1| 103|  1|   103 |     1|        94 |         83|  94|   0|
| 177|  5| 170| 95| 103|  0| 103|  0|   103 |     0|        94 |          0|  35|  59|
|  94| 83| 123| 47| 103|  0| 103|  0|   103 |     0|        35 |         59| 177|  58|
|  94|  0|  49| 74| 104|  1| 104|  1|   104 |     1|       182 |         53| 182|   5|
|  22| 72| 105| 56| 104|  0| 104|  0|   104 |     0|       106 |         76| 166|  16|
| 185| 37| 113|  8| 104|  0| 104|  0|   104 |     0|        22 |         84|  87|  79|
| 106| 79|  98| 15| 104|  0| 104|  0|   104 |     0|         6 |         16|  33|  54|
|   6|100|  75| 23| 104|  0| 104|  0|   104 |     0|         6 |          0|  25|   8|
|   6|  0|  77|  2| 104|  0| 104|  0|   104 |     0|       185 |         21| 184|  41|
|  87| 81|  47| 30| 105|  1| 105|  1|   105 |     1|       184 |          1| 166|  18|
|  25| 62| 126| 79| 105|  0| 105|  0|   105 |     0|       166 |         18| 155|  11|
| 166| 59| 103| 23| 105|  0| 105|  0|   105 |     0|        87 |         79| 115|  40|
|  33| 67|  30| 73| 105|  0| 105|  0|   105 |     0|        33 |         54|  40|  75|
| 184| 49| 179| 51| 105|  0| 105|  0|   105 |     0|        25 |          8|  39|   1|
|  40| 56|  57| 78| 105|  0| 105|  0|   105 |     0|        39 |         14|  13|  26|
| 155| 85| 189| 68| 106|  1| 106|  1|   106 |     1|        40 |          1|  63|  50|
|  39| 84|  13| 24| 106|  0| 106|  0|   106 |     0|       115 |         75| 151|  88|
| 115| 76| 130| 83| 106|  0| 106|  0|   106 |     0|       155 |         40| 161|  10|
| 166| 51|  53| 77| 107|  1| 107|  1|   107 |     1|       166 |         11| 198|  37|
|  13| 47| 179| 74| 107|  0| 107|  0|   107 |     0|       161 |          5| 188|  10|
| 198| 15| 176|  3| 107|  0| 107|  0|   107 |     0|       151 |         10| 150|  38|
| 161| 37| 174|  2| 107|  0| 107|  0|   107 |     0|        63 |         88|  87|  63|
| 151| 10|  46| 72| 107|  0| 107|  0|   107 |     0|        13 |         50|  52|  35|
|  63| 88|  89| 43| 108|  1| 108|  1|   108 |     1|       198 |         15|  46|   6|
| 188| 75|  40| 49| 108|  0| 108|  0|   108 |     0|       188 |         10|  67|  21|
|  46| 58|   2| 38| 108|  0| 108|  0|   108 |     0|       150 |         38|  87|  20|
|  52|  6| 190| 12| 108|  0| 108|  0|   108 |     0|        87 |         63|  95|   8|
| 150| 98|  75| 85| 109|  1| 109|  1|   109 |     1|        52 |         35| 123|  28|
|  87| 63| 196| 79| 109|  0| 109|  0|   109 |     0|        46 |          6| 138|  15|
|  95|  8|  85| 89| 110|  1| 110|  1|   110 |     1|        67 |         21| 150|  12|
| 123| 28| 188| 97| 110|  0| 110|  0|   110 |     0|        87 |         20| 158|   8|
|  87| 36| 120| 68| 110|  0| 110|  0|   110 |     0|        95 |          8| 163|   5|
| 138| 51| 142| 22| 110|  0| 110|  0|   110 |     0|       123 |         28|  65|  98|
|  67| 71|  79| 63| 110|  0| 110|  0|   110 |     0|       138 |         15|  40|  25|
| 158| 91|  95| 16| 110|  0| 110|  0|   110 |     0|       150 |         12|  41|   1|
|  65| 93| 171| 76| 111|  1| 111|  1|   111 |     1|       158 |          8| 101|  60|
| 163| 98|  75| 96| 111|  0| 111|  0|   111 |     0|       163 |          5| 146|  45|
|  40| 77|  53| 22| 111|  0| 111|  0|   111 |     0|        65 |         98| 152|   6|
| 150| 90|  80| 27| 111|  0| 111|  0|   111 |     0|        40 |         25| 168|  16|
| 146|  4| 192| 88| 111|  0| 111|  0|   111 |     0|        41 |          1| 178|  10|
| 168| 22| 182| 10| 111|  0| 111|  0|   111 |     0|       101 |         60| 180|   2|
| 152| 16|  86| 96| 112|  1| 112|  1|   112 |     1|       146 |         45| 145|  35|
| 101| 51|  42| 44| 112|  0| 112|  0|   112 |     0|       152 |          6| 128|  17|
|  41| 60|  72| 30| 113|  1| 113|  1|   113 |     1|       168 |         16|  89|  39|
| 180| 61| 188| 84| 113|  0| 113|  0|   113 |     0|       178 |         10|  91|   2|
|  89| 91| 111| 77| 113|  0| 113|  0|   113 |     0|       180 |          2|  92|   1|
| 145| 56| 152| 41| 113|  0| 113|  0|   113 |     0|       145 |         35|  92|   0|
| 128| 17|  49| 97| 113|  0| 113|  0|   113 |     0|       128 |         17| 170|  78|
| 178| 50| 144| 95| 113|  0| 113|  0|   113 |     0|        89 |         39|  88|  82|
|  92| 86|   2| 58| 113|  0| 113|  0|   113 |     0|        91 |          2|  53|  35|
| 170| 78|  72| 70| 113|  0| 113|  0|   113 |     0|        92 |          1|  37|  16|
|  88| 82| 152| 80| 113|  0| 113|  0|   113 |     0|        92 |          0|  14|  23|
|  91|  3| 111| 41| 114|  1| 114|  1|   114 |     1|       170 |         78| 150|  64|
|  92|  1| 139| 28| 114|  0| 114|  0|   114 |     0|        88 |         82| 167|  17|
|  14| 78| 163| 24| 114|  0| 114|  0|   114 |     0|        53 |         35| 161|   6|
| 167| 47|  78| 85| 114|  0| 114|  0|   114 |     0|        37 |         16| 144|  17|
|  53| 86| 119| 41| 115|  1| 115|  1|   115 |     1|        14 |         23| 129|  15|
| 150| 97| 102| 17| 115|  0| 115|  0|   115 |     0|       150 |         64|  62|  67|
|  37| 87| 168| 66| 115|  0| 115|  0|   115 |     0|       167 |         17|  22|  40|
|  62| 25| 182| 14| 116|  1| 116|  1|   116 |     1|       161 |          6|  76|  54|
| 129| 67|  10| 28| 116|  0| 116|  0|   116 |     0|       144 |         17|  80|   4|
| 144| 15|  45| 35| 117|  1| 117|  1|   117 |     1|       129 |         15| 104|  24|
|  22| 78| 167| 78| 117|  0| 117|  0|   117 |     0|        62 |         67| 141|  37|
| 161| 61| 146| 21| 118|  1| 118|  1|   118 |     1|        22 |         40| 184|  43|
|  80| 81|  99| 47| 118|  0| 118|  0|   118 |     0|        76 |         54| 166|  18|
| 184| 96|  74| 25| 118|  0| 118|  0|   118 |     0|        80 |          4| 126|  40|
| 104| 80|   4| 70| 118|  0| 118|  0|   118 |     0|       104 |         24|  74|  52|
|  76| 28| 135| 69| 118|  0| 118|  0|   118 |     0|       141 |         37|  22|  52|
| 141| 65|  23| 88| 119|  1| 119|  1|   119 |     1|       184 |         43|   1|  21|
|  74| 67| 171| 52| 119|  0| 119|  0|   119 |     0|       166 |         18|  20|  19|
| 166| 92|  39| 68| 119|  0| 119|  0|   119 |     0|       126 |         40| 103|  83|
|  22| 56|  80| 41| 119|  0| 119|  0|   119 |     0|        74 |         52| 156|  53|
|   1| 21| 104| 24| 119|  0| 119|  0|   119 |     0|        22 |         52| 159|   3|
| 126| 75|  99|  5| 119|  0| 119|  0|   119 |     0|         1 |         21| 174|  15|
| 156| 30| 143| 44| 120|  1| 120|  1|   120 |     1|        20 |         19| 156|  18|
| 174| 18|  25| 82| 120|  0| 120|  0|   120 |     0|       103 |         83| 155|   1|
| 159| 15|  72| 47| 120|  0| 120|  0|   120 |     0|       156 |         53| 122|  33|
| 103| 56|  88| 16| 120|  0| 120|  0|   120 |     0|       159 |          3|  81|  41|
|  20| 83| 154| 66| 121|  1| 121|  1|   121 |     1|       174 |         15|  63|  18|
| 156| 64|  65| 89| 121|  0| 121|  0|   121 |     0|       156 |         18|  85|  22|
|  81| 75| 113| 48| 121|  0| 121|  0|   121 |     0|       155 |          1| 101|  16|
| 122| 41|  80| 33| 121|  0| 121|  0|   121 |     0|       122 |         33| 125|  24|
| 155| 33| 106| 26| 121|  0| 121|  0|   121 |     0|        81 |         41| 178|  53|
|  63| 92|  51| 55| 121|  0| 121|  0|   121 |     0|        63 |         18| 179|   1|
| 101| 38|  67| 16| 121|  0| 121|  0|   121 |     0|        85 |         22| 180|   1|
|  85| 16| 181| 86| 121|  0| 121|  0|   121 |     0|       101 |         16| 189|   9|
| 179| 94|  54| 73| 121|  0| 121|  0|   121 |     0|       125 |         24| 189|   0|
| 125| 54|  13| 41| 122|  1| 122|  1|   122 |     1|       178 |         53| 159|  30|
| 178| 53|  74| 61| 122|  0| 122|  0|   122 |     0|       179 |          1|  53|  94|
| 189| 11|  72|  2| 122|  0| 122|  0|   122 |     0|       180 |          1|  37|  16|
| 159| 30| 123| 51| 122|  0| 122|  0|   122 |     0|       189 |          9|  27|  10|
| 180| 21|  48| 75| 122|  0| 122|  0|   122 |     0|       189 |          0|  80|  53|
| 189|  9| 150| 98| 122|  0| 122|  0|   122 |     0|       159 |         30| 124|  44|
|  53| 64|  39| 89| 122|  0| 122|  0|   122 |     0|        53 |         94| 125|   1|
|  37| 16| 187| 52| 123|  1| 123|  1|   123 |     1|        37 |         16| 151|  26|
|  80| 43| 121| 66| 123|  0| 123|  0|   123 |     0|        27 |         10| 151|   0|
| 125| 45|  41| 80| 123|  0| 123|  0|   123 |     0|        80 |         53| 183|  32|
|  27| 98| 164| 77| 123|  0| 123|  0|   123 |     0|       124 |         44| 192|   9|
| 124| 97|  46| 82| 123|  0| 123|  0|   123 |     0|       125 |          1|  91|  99|
| 192| 68|  65| 19| 123|  0| 123|  0|   123 |     0|       151 |         26| 116|  25|
| 183|  9|  30| 35| 123|  0| 123|  0|   123 |     0|       151 |          0| 126|  10|
| 151| 32| 137| 93| 123|  0| 123|  0|   123 |     0|       183 |         32| 185|  59|
|  91| 60| 131|  6| 123|  0| 123|  0|   123 |     0|       192 |          9|  62|  77|
| 151| 60|  31|100| 123|  0| 123|  0|   123 |     0|        91 |         99|  32|  30|
| 126| 25|   8| 23| 124|  1| 124|  1|   124 |     1|       116 |         25|  54|  22|
| 185| 59| 172| 36| 124|  0| 124|  0|   124 |     0|       126 |         10|  64|  10|
|  32| 47|  46| 74| 124|  0| 124|  0|   124 |     0|       185 |         59|  66|   2|
| 116| 84|  43|  3| 125|  1| 125|  1|   125 |     1|        62 |         77| 133|  67|
|  62| 54| 199| 44| 125|  0| 125|  0|   125 |     0|        32 |         30| 169|  36|
|  54|  8| 153| 46| 125|  0| 125|  0|   125 |     0|        54 |         22| 180|  11|
|  64| 10| 100| 53| 125|  0| 125|  0|   125 |     0|        64 |         10| 128|  52|
|  66|  2|  70| 30| 125|  0| 125|  0|   125 |     0|        66 |          2|  79|  49|
| 169| 97|  70|  0| 125|  0| 125|  0|   125 |     0|       133 |         67|  45|  34|
| 133| 36| 193| 77| 126|  1| 126|  1|   126 |     1|       169 |         36|  12|  33|
| 180| 47|  26| 33| 126|  0| 126|  0|   126 |     0|       180 |         11|  32|  20|
|  12| 32|  98| 72| 126|  0| 126|  0|   126 |     0|       128 |         52|  41|   9|
|  45| 33|  93|  5| 126|  0| 126|  0|   126 |     0|        79 |         49|  47|   6|
| 128| 83|  63| 30| 127|  1| 127|  1|   127 |     1|        45 |         34|  55|   8|
|  79| 49|  89| 26| 127|  0| 127|  0|   127 |     0|        12 |         33|  69|  14|
|  41| 38| 145| 56| 127|  0| 127|  0|   127 |     0|        32 |         20|  81|  12|
|  55| 14| 130| 15| 127|  0| 127|  0|   127 |     0|        41 |          9| 101|  20|
|  69| 14| 133|  3| 127|  0| 127|  0|   127 |     0|        47 |          6| 118|  17|
|  47| 22| 187| 54| 127|  0| 127|  0|   127 |     0|        55 |          8| 127|   9|
|  32| 15| 133| 54| 127|  0| 127|  0|   127 |     0|        69 |         14| 160|  33|
| 160| 72| 185| 52| 127|  0| 127|  0|   127 |     0|        81 |         12|  68|  92|
| 101| 59|  24| 39| 128|  1| 128|  1|   128 |     1|       101 |         20|  55|  13|
|  81| 20| 186| 38| 128|  0| 128|  0|   128 |     0|       118 |         17|  19|  36|
| 127| 46|  38| 52| 128|  0| 128|  0|   128 |     0|       127 |          9|   3|  16|
| 118|  9|  18| 20| 128|  0| 128|  0|   128 |     0|       160 |         33| 175|  28|
|   3| 85|   1| 17| 129|  1| 129|  1|   129 |     1|        68 |         92| 170|   5|
|  55| 52|  49| 48| 129|  0| 129|  0|   129 |     0|        55 |         13| 104|  66|
|  68| 13| 139| 90| 129|  0| 129|  0|   129 |     0|        19 |         36|  57|  47|
|  19| 49| 146|  7| 129|  0| 129|  0|   129 |     0|         3 |         16|  15|  42|
| 175| 44| 122| 24| 129|  0| 129|  0|   129 |     0|       175 |         28| 179|  36|
|  15| 40| 127|  5| 129|  0| 129|  0|   129 |     0|       170 |          5| 136|  43|
| 179| 36| 109| 18| 130|  1| 130|  1|   130 |     1|       104 |         66| 135|   1|
| 104| 75| 115|  6| 130|  0| 130|  0|   130 |     0|        57 |         47| 113|  22|
|  57| 47|  44| 71| 130|  0| 130|  0|   130 |     0|        15 |         42|  54|  59|
| 170| 87| 173| 71| 130|  0| 130|  0|   130 |     0|       179 |         36|  54|   0|
| 113| 57|  27| 54| 130|  0| 130|  0|   130 |     0|       136 |         43|  64|  10|
| 135| 22|  41| 14| 130|  0| 130|  0|   130 |     0|       135 |          1|  81|  17|
|  54| 81|  95| 54| 130|  0| 130|  0|   130 |     0|       113 |         22| 151|  70|
| 136| 82|  86|  9| 131|  1| 131|  1|   131 |     1|        54 |         59|  45|  94|
|  54| 82|  53| 33| 131|  0| 131|  0|   131 |     0|        54 |          0|  40|   5|
|  81| 27| 159| 94| 131|  0| 131|  0|   131 |     0|        64 |         10|  78|  38|
|  40| 41|  19| 60| 131|  0| 131|  0|   131 |     0|        81 |         17| 127|  49|
|  45|  5|  44| 25| 131|  0| 131|  0|   131 |     0|       151 |         70|  33|  94|
| 151| 94| 113| 69| 131|  0| 131|  0|   131 |     0|        45 |         94|  28|   5|
|  64| 87|  34| 79| 132|  1| 132|  1|   132 |     1|        40 |          5|   4|  24|
| 127| 63|  24| 10| 132|  0| 132|  0|   132 |     0|        78 |         38|  54|  50|
|  78| 49|  10| 14| 132|  0| 132|  0|   132 |     0|       127 |         49|  71|  17|
|  28| 50| 133| 77| 132|  0| 132|  0|   132 |     0|        33 |         94| 136|  65|
|   4| 24| 185| 52| 132|  0| 132|  0|   132 |     0|        28 |          5| 141|   5|
|  33| 29|   9| 24| 133|  1| 133|  1|   133 |     1|         4 |         24| 194|  53|
| 136| 97|  77| 68| 133|  0| 133|  0|   133 |     0|        54 |         50| 175|  19|
| 194| 58| 121| 44| 133|  0| 133|  0|   133 |     0|        71 |         17| 161|  14|
|  71| 77|  83| 38| 133|  0| 133|  0|   133 |     0|       136 |         65|  59|  98|
|  54| 17| 185| 98| 133|  0| 133|  0|   133 |     0|       141 |          5|  10|  49|
| 141| 87| 147| 38| 133|  0| 133|  0|   133 |     0|       194 |         53| 199|  11|
| 161| 20|  69| 78| 133|  0| 133|  0|   133 |     0|       175 |         19| 196|   3|
| 199| 38|  57| 12| 133|  0| 133|  0|   133 |     0|       161 |         14| 120|  76|
| 175| 24| 156| 99| 133|  0| 133|  0|   133 |     0|        59 |         98| 107|  13|
|  59| 84| 118| 38| 134|  1| 134|  1|   134 |     1|        10 |         49|  99|   8|
|  10| 49| 148| 30| 134|  0| 134|  0|   134 |     0|       199 |         11|   7|  92|
|   7|  3|  51| 97| 134|  0| 134|  0|   134 |     0|       196 |          3|  33|  26|
| 196| 11|  77| 26| 134|  0| 134|  0|   134 |     0|       120 |         76|  74|  41|
| 107| 89| 157| 80| 134|  0| 134|  0|   134 |     0|       107 |         13| 152|  78|
| 120| 13|  55| 98| 135|  1| 135|  1|   135 |     1|        99 |          8| 179|  27|
|  99| 21| 164| 91| 135|  0| 135|  0|   135 |     0|         7 |         92| 196|  17|
|  33| 66|  53| 89| 135|  0| 135|  0|   135 |     0|        33 |         26| 130|  66|
| 196| 37| 187| 66| 135|  0| 135|  0|   135 |     0|        74 |         41| 127|   3|
|  74| 78| 152| 35| 135|  0| 135|  0|   135 |     0|       152 |         78|  65|  62|
| 152| 78|  74| 78| 136|  1| 136|  1|   136 |     1|       179 |         27|  55|  10|
| 179| 27| 197| 77| 136|  0| 136|  0|   136 |     0|       196 |         17|  47|   8|
| 127| 52|  70| 73| 136|  0| 136|  0|   136 |     0|       130 |         66| 100|  53|
|  47| 80|  62|  8| 136|  0| 136|  0|   136 |     0|       127 |          3| 111|  11|
|  65| 18|  70|  8| 136|  0| 136|  0|   136 |     0|        65 |         62|  33|  78|
|  55| 10|  50| 20| 137|  1| 137|  1|   137 |     1|        55 |         10|  30|   3|
| 130| 75| 129| 79| 137|  0| 137|  0|   137 |     0|        47 |          8|  25|   5|
| 100| 30| 144| 15| 138|  1| 138|  1|   138 |     1|       100 |         53|  72|  47|
|  30| 70| 100| 44| 138|  0| 138|  0|   138 |     0|       111 |         11|  79|   7|
| 111| 81| 132| 32| 138|  0| 138|  0|   138 |     0|        33 |         78| 110|  31|
|  25| 86| 107| 25| 138|  0| 138|  0|   138 |     0|        30 |          3| 129|  19|
|  33|  8|  10| 97| 138|  0| 138|  0|   138 |     0|        25 |          5| 144|  15|
|  79| 46| 191| 19| 138|  0| 138|  0|   138 |     0|        72 |         47| 125|  19|
| 110| 31|  47| 56| 139|  1| 139|  1|   139 |     1|        79 |          7|  90|  35|
| 129| 19|  59| 12| 139|  0| 139|  0|   139 |     0|       110 |         31|  37|  53|
|  72| 57|  57|  2| 139|  0| 139|  0|   139 |     0|       129 |         19|   8|  29|
| 144| 72|  42| 15| 139|  0| 139|  0|   139 |     0|       144 |         15| 152|  56|
|   8| 64| 142|100| 139|  0| 139|  0|   139 |     0|       125 |         19| 113|  39|
| 125| 83| 177| 35| 140|  1| 140|  1|   140 |     1|        90 |         35| 111|   2|
|  90| 35|  90| 87| 140|  0| 140|  0|   140 |     0|        37 |         53|  73|  38|
|  37| 53|  69| 21| 141|  1| 141|  1|   141 |     1|         8 |         29|  66|   7|
| 152| 85|  96| 27| 141|  0| 141|  0|   141 |     0|       152 |         56|  51|  15|
| 113| 39|  10| 86| 141|  0| 141|  0|   141 |     0|       113 |         39|  62|  11|
| 111|  2|  81| 71| 141|  0| 141|  0|   141 |     0|       111 |          2|  89|  27|
|  51| 60|  59| 22| 141|  0| 141|  0|   141 |     0|        73 |         38|  42|  47|
|  66| 15|   9| 50| 141|  0| 141|  0|   141 |     0|        66 |          7|  40|   2|
|  73|  7|   4|  5| 141|  0| 141|  0|   141 |     0|        51 |         15|  38|   2|
|  89| 16|  59| 55| 141|  0| 141|  0|   141 |     0|        62 |         11|  97|  59|
|  42| 47|  21| 38| 142|  1| 142|  1|   142 |     1|        89 |         27| 146|  49|
|  38|  4|  28|  7| 142|  0| 142|  0|   142 |     0|        42 |         47| 149|   3|
|  40|  2|  50| 22| 142|  0| 142|  0|   142 |     0|        40 |          2| 168|  19|
|  62| 22| 147| 97| 142|  0| 142|  0|   142 |     0|        38 |          2|  36|  68|
| 168| 94| 128| 19| 143|  1| 143|  1|   143 |     1|        97 |         59|  78|  42|
| 149| 19| 190| 62| 143|  0| 143|  0|   143 |     0|       146 |         49| 113|  35|
| 146|  3| 118| 72| 143|  0| 143|  0|   143 |     0|       149 |          3| 135|  22|
|  97| 49|  50| 68| 143|  0| 143|  0|   143 |     0|       168 |         19| 153|  18|
|  36| 61| 123| 73| 143|  0| 143|  0|   143 |     0|        36 |         68|  17|  64|
| 113| 77| 156| 33| 143|  0| 143|  0|   143 |     0|        78 |         42|  39|  22|
|  17| 96| 122| 34| 144|  1| 144|  1|   144 |     1|       113 |         35|  42|   3|
|  78| 61| 151| 29| 144|  0| 144|  0|   144 |     0|       135 |         22|  59|  17|
| 135| 57|  48| 97| 144|  0| 144|  0|   144 |     0|       153 |         18| 156|  97|
| 153| 18| 119| 71| 144|  0| 144|  0|   144 |     0|        17 |         64| 170|  14|
|  39| 86| 149| 30| 144|  0| 144|  0|   144 |     0|        39 |         22| 168|   2|
|  59| 20|   1| 52| 144|  0| 144|  0|   144 |     0|        42 |          3| 160|   8|
| 170| 89| 190| 11| 145|  1| 145|  1|   145 |     1|        59 |         17| 139|  21|
|  42| 72| 155| 35| 145|  0| 145|  0|   145 |     0|       156 |         97|  53|  86|
| 156| 86| 187| 32| 145|  0| 145|  0|   145 |     0|       170 |         14|  25|  28|
|  25| 69| 181|  6| 145|  0| 145|  0|   145 |     0|       168 |          2|  42|  17|
|  53| 28|   8| 27| 145|  0| 145|  0|   145 |     0|       160 |          8|  57|  15|
| 139| 86|  82| 74| 145|  0| 145|  0|   145 |     0|       139 |         21| 131|  74|
| 160| 21|  29| 53| 145|  0| 145|  0|   145 |     0|        53 |         86| 184|  53|
| 168|  8| 178| 51| 146|  1| 146|  1|   146 |     1|        25 |         28| 200|  16|
|  57| 89| 101| 77| 146|  0| 146|  0|   146 |     0|        42 |         17| 157|  43|
|  42| 15| 110|  9| 146|  0| 146|  0|   146 |     0|        57 |         15| 111|  46|
| 131| 89|  79| 31| 146|  0| 146|  0|   146 |     0|       131 |         74|  70|  41|
| 184| 53|  37| 42| 146|  0| 146|  0|   146 |     0|       184 |         53|  20|  50|
| 200| 16|  85| 48| 146|  0| 146|  0|   146 |     0|       200 |         16|  17|   3|
|  17| 17|  80|  5| 146|  0| 146|  0|   146 |     0|       157 |         43|  34|  17|
| 111| 94| 146| 66| 147|  1| 147|  1|   147 |     1|       111 |         46|  71|  37|
| 157| 46| 128| 18| 147|  0| 147|  0|   147 |     0|        70 |         41| 104|  33|
|  70| 87| 171| 43| 147|  0| 147|  0|   147 |     0|        20 |         50| 108|   4|
|  20| 50|  99| 72| 147|  0| 147|  0|   147 |     0|        17 |          3| 143|  35|
| 143| 77|  45| 54| 148|  1| 148|  1|   148 |     1|        34 |         17| 127|  16|
|  34| 91| 174| 71| 148|  0| 148|  0|   148 |     0|        71 |         37| 125|   2|
| 108| 74|  57| 83| 148|  0| 148|  0|   148 |     0|       104 |         33| 121|   4|
|  71| 37|  27| 30| 148|  0| 148|  0|   148 |     0|       108 |          4|  47|  74|
| 104| 33|  27|  0| 148|  0| 148|  0|   148 |     0|       143 |         35|  43|   4|
| 127| 23| 175| 52| 149|  1| 149|  1|   149 |     1|       127 |         16|  43|   0|
|  43| 84| 121| 54| 149|  0| 149|  0|   149 |     0|       125 |          2|  45|   2|
|  47|  4| 123|  2| 149|  0| 149|  0|   149 |     0|       121 |          4| 136|  91|
| 121| 74|  44| 79| 150|  1| 150|  1|   150 |     1|        47 |         74| 184|  48|
| 125|  4|  87| 43| 150|  0| 150|  0|   150 |     0|        43 |          4|  18|  34|
|  45| 80| 133| 46| 150|  0| 150|  0|   150 |     0|        43 |          0|  94|  76|
|  43|  2| 105| 28| 150|  0| 150|  0|   150 |     0|        45 |          2| 124|  30|
| 136| 93|  10| 95| 150|  0| 150|  0|   150 |     0|       136 |         91| 146|  22|
| 184| 48|  27| 17| 151|  1| 151|  1|   151 |     1|       184 |         48| 186|  40|
|  18| 34| 194| 33| 151|  0| 151|  0|   151 |     0|        18 |         34|  11|  25|
| 124| 94| 154| 40| 151|  0| 151|  0|   151 |     0|        94 |         76|  13|   2|
|  94| 30|  18| 64| 151|  0| 151|  0|   151 |     0|       124 |         30|  51|  38|
| 146| 52| 143| 75| 151|  0| 151|  0|   151 |     0|       146 |         22| 182|  69|
| 186| 40|  66| 77| 151|  0| 151|  0|   151 |     0|       186 |         40| 183|   1|
|  11| 25|  83| 17| 151|  0| 151|  0|   151 |     0|        11 |         25| 185|   2|
| 183| 28| 200| 83| 152|  1| 152|  1|   152 |     1|        13 |          2| 172|  13|
|  13| 30|  49| 49| 152|  0| 152|  0|   152 |     0|        51 |         38| 140|  32|
| 185| 28| 142| 93| 152|  0| 152|  0|   152 |     0|       182 |         69| 123|  17|
|  51| 66|   8| 66| 152|  0| 152|  0|   152 |     0|       183 |          1|  29|  94|
| 182| 69|  23| 15| 152|  0| 152|  0|   152 |     0|       185 |          2| 199|  30|
| 123| 59| 119| 96| 152|  0| 152|  0|   152 |     0|       172 |         13| 162|  37|
| 140| 17| 131| 12| 152|  0| 152|  0|   152 |     0|       140 |         32| 159|   3|
| 172| 32| 197| 66| 152|  0| 152|  0|   152 |     0|       123 |         17| 132|  27|
|  29| 57| 169| 28| 153|  1| 153|  1|   153 |     1|        29 |         94|  83|  49|
| 199| 30| 156| 13| 153|  0| 153|  0|   153 |     0|       199 |         30|   3|  80|
| 162| 37|  43| 87| 153|  0| 153|  0|   153 |     0|       162 |         37|  42|  39|
| 132| 30| 118| 75| 153|  0| 153|  0|   153 |     0|       159 |          3|  96|  54|
|  83| 49|  14| 96| 153|  0| 153|  0|   153 |     0|       132 |         27| 158|  62|
|   3| 80|   5|  9| 154|  1| 154|  1|   154 |     1|        83 |         49| 172|  14|
| 159| 44| 141| 64| 154|  0| 154|  0|   154 |     0|         3 |         80| 188|  16|
| 158|  1| 162| 21| 154|  0| 154|  0|   154 |     0|        42 |         39| 104|  84|
| 172| 14|  21| 59| 154|  0| 154|  0|   154 |     0|        96 |         54|  93|  11|
|  42| 70| 197| 24| 155|  1| 155|  1|   155 |     1|       158 |         62|  89|   4|
|  96| 54| 108| 89| 155|  0| 155|  0|   155 |     0|       172 |         14|  68|  21|
| 188| 92|  66| 42| 155|  0| 155|  0|   155 |     0|       188 |         16|  65|   3|
|  93| 95|  27| 39| 155|  0| 155|  0|   155 |     0|       104 |         84|  56|   9|
|  89|  4| 200| 27| 155|  0| 155|  0|   155 |     0|        93 |         11|  50|   6|
| 104| 15| 122| 78| 156|  1| 156|  1|   156 |     1|        89 |          4|  26|  24|
|  68| 36|  59| 63| 156|  0| 156|  0|   156 |     0|        68 |         21|  91|  65|
|  65|  3| 165| 94| 156|  0| 156|  0|   156 |     0|        65 |          3| 152|  61|
|  26| 39| 186| 21| 156|  0| 156|  0|   156 |     0|        56 |          9| 157|   5|
| 152| 74| 134| 52| 156|  0| 156|  0|   156 |     0|        50 |          6| 170|  13|
|  91| 61|  54| 80| 156|  0| 156|  0|   156 |     0|        26 |         24|  86|  84|
|  50| 41| 190| 64| 156|  0| 156|  0|   156 |     0|        91 |         65|  78|   8|
|  56|  6|   4| 14| 156|  0| 156|  0|   156 |     0|       152 |         61|  12|  66|
| 157| 99|  72| 68| 156|  0| 156|  0|   156 |     0|       157 |          5|  37|  25|
|  86| 71| 105| 33| 157|  1| 157|  1|   157 |     1|       170 |         13|  42|   5|
|  12| 74|  27| 78| 157|  0| 157|  0|   157 |     0|        86 |         84| 121|  79|
| 170| 42|  78| 51| 157|  0| 157|  0|   157 |     0|        78 |          8| 145|  24|
|  78| 92| 114| 36| 157|  0| 157|  0|   157 |     0|        12 |         66| 177|  32|
|  42| 36|   4| 90| 157|  0| 157|  0|   157 |     0|        37 |         25| 146|  31|
| 121| 79| 120| 84| 157|  0| 157|  0|   157 |     0|        42 |          5| 134|  12|
| 145| 24|  67| 53| 158|  1| 158|  1|   158 |     1|       121 |         79|  63|  71|
|  37| 92|  52| 15| 158|  0| 158|  0|   158 |     0|       145 |         24|  49|  14|
| 177| 60|  24| 28| 158|  0| 158|  0|   158 |     0|       177 |         32|  41|   8|
|  41| 64|   9| 15| 158|  0| 158|  0|   158 |     0|       146 |         31| 109|  68|
|  49|  8| 120| 89| 159|  1| 159|  1|   159 |     1|       134 |         12| 143|  34|
| 134| 85|  75| 45| 159|  0| 159|  0|   159 |     0|        63 |         71| 163|  20|
| 146| 12|  65| 10| 159|  0| 159|  0|   159 |     0|        49 |         14| 173|  10|
|  63| 83| 141| 76| 159|  0| 159|  0|   159 |     0|        41 |          8|  18|  45|
| 109| 46|  44| 97| 159|  0| 159|  0|   159 |     0|       109 |         68| 129|  89|
| 143| 34| 192| 52| 159|  0| 159|  0|   159 |     0|       143 |         34| 141|  12|
| 173| 30|  99| 93| 159|  0| 159|  0|   159 |     0|       163 |         20| 161|  20|
|  18| 45| 164| 65| 160|  1| 160|  1|   160 |     1|       173 |         10| 162|   1|
| 163| 55| 193| 29| 160|  0| 160|  0|   160 |     0|        18 |         45|   2|  40|
| 141| 22|  10| 17| 160|  0| 160|  0|   160 |     0|       129 |         89|  10|   8|
| 161| 20| 154| 56| 160|  0| 160|  0|   160 |     0|       141 |         12|  28|  18|
| 162|  1|  56| 98| 161|  1| 161|  1|   161 |     1|       161 |         20|  65|  37|
|   2| 40| 171| 85| 161|  0| 161|  0|   161 |     0|       162 |          1| 168|  97|
| 129| 73| 193| 22| 161|  0| 161|  0|   161 |     0|         2 |         40| 172|   4|
|  65| 64|  10| 17| 161|  0| 161|  0|   161 |     0|        10 |          8| 141|  31|
| 168| 97|  14|  4| 161|  0| 161|  0|   161 |     0|        28 |         18| 133|   8|
|  28| 60| 144| 70| 161|  0| 161|  0|   161 |     0|        65 |         37| 113|  20|
| 172| 56|  24| 80| 161|  0| 161|  0|   161 |     0|       168 |         97|  92|  21|
|  10| 38|  64| 40| 162|  1| 162|  1|   162 |     1|       172 |          4|  53|  39|
|  53| 43|  52| 12| 162|  0| 162|  0|   162 |     0|       141 |         31|  52|   1|
| 113| 60|  26| 26| 162|  0| 162|  0|   162 |     0|       133 |          8|  49|   3|
| 133| 20| 130| 96| 162|  0| 162|  0|   162 |     0|       113 |         20| 114|  65|
|  92| 41| 136|  6| 163|  1| 163|  1|   163 |     1|        92 |         21| 153|  39|
| 141| 49| 172| 36| 163|  0| 163|  0|   163 |     0|        53 |         39| 156|   3|
|  52| 89| 129| 43| 163|  0| 163|  0|   163 |     0|        52 |          1| 167|  11|
|  49|  3| 196| 67| 163|  0| 163|  0|   163 |     0|        49 |          3| 200|  33|
| 153| 96| 118| 78| 164|  1| 164|  1|   164 |     1|       114 |         65| 116|  84|
| 156|  3| 139| 21| 164|  0| 164|  0|   164 |     0|       153 |         39|  45|  71|
| 114| 42| 110| 29| 164|  0| 164|  0|   164 |     0|       156 |          3|  42|   3|
| 200| 86|   2| 92| 164|  0| 164|  0|   164 |     0|       167 |         11|  55|  13|
| 116| 84| 145| 57| 165|  1| 165|  1|   165 |     1|       200 |         33|  80|  25|
|  45| 71| 153|  8| 165|  0| 165|  0|   165 |     0|       116 |         84| 121|  41|
| 167| 78|  88| 65| 165|  0| 165|  0|   165 |     0|        45 |         71| 148|  27|
|  42| 75| 117| 29| 165|  0| 165|  0|   165 |     0|        42 |          3| 167|  19|
| 148| 94| 176| 59| 165|  0| 165|  0|   165 |     0|        55 |         13| 138|  29|
|  55| 93|  68| 92| 166|  1| 166|  1|   166 |     1|        80 |         25|  51|  87|
| 121| 66|  30| 38| 166|  0| 166|  0|   166 |     0|       121 |         41|  35|  16|
|  80| 41| 148| 82| 166|  0| 166|  0|   166 |     0|       148 |         27|  33|   2|
| 167| 87|  73| 75| 167|  1| 167|  1|   167 |     1|       167 |         19| 188|  45|
|  35| 68| 184| 89| 167|  0| 167|  0|   167 |     0|       138 |         29| 138|  50|
| 188| 47| 101| 83| 167|  0| 167|  0|   167 |     0|        51 |         87| 134|   4|
|  33| 45| 162| 61| 167|  0| 167|  0|   167 |     0|        35 |         16| 133|   1|
| 138| 95| 161|  1| 167|  0| 167|  0|   167 |     0|        33 |          2| 131|   2|
|  51| 87|  46| 85| 168|  1| 168|  1|   168 |     1|       188 |         45|  54|  77|
| 133| 82| 168| 78| 168|  0| 168|  0|   168 |     0|       138 |         50|  95|  41|
|  54| 79| 193| 25| 168|  0| 168|  0|   168 |     0|       134 |          4| 130|  35|
| 131| 77|  91| 98| 168|  0| 168|  0|   168 |     0|       133 |          1| 159|  29|
| 134|  3|  87|  4| 168|  0| 168|  0|   168 |     0|       131 |          2|  47|  88|
| 138|  4| 123| 36| 168|  0| 168|  0|   168 |     0|        54 |         77|  21|  26|
|  95| 43|  48| 75| 169|  1| 169|  1|   169 |     1|        95 |         41|  23|   2|
|  47| 48| 184| 64| 169|  0| 169|  0|   169 |     0|       130 |         35|  78|  55|
| 159| 88|  85| 99| 170|  1| 170|  1|   170 |     1|       159 |         29|  84|   6|
| 130| 29|   7| 78| 170|  0| 170|  0|   170 |     0|        47 |         88| 114|  30|
|  21| 91| 107|100| 170|  0| 170|  0|   170 |     0|        21 |         26| 145|  31|
|  23|  2|  12| 95| 170|  0| 170|  0|   170 |     0|        23 |          2| 137|   8|
| 114| 91|  96| 84| 170|  0| 170|  0|   170 |     0|        78 |         55|  36|  99|
|  78| 36| 180| 84| 170|  0| 170|  0|   170 |     0|        84 |          6|  35|   1|
| 145| 67|  41| 61| 170|  0| 170|  0|   170 |     0|       114 |         30| 165|  70|
|  84| 61| 165| 76| 171|  1| 171|  1|   171 |     1|       145 |         31| 165|   0|
|  35| 49|  66| 99| 171|  0| 171|  0|   171 |     0|       137 |          8| 132|  33|
| 165| 70| 101| 35| 171|  0| 171|  0|   171 |     0|        36 |         99| 127|   5|
| 137| 28|  80| 21| 171|  0| 171|  0|   171 |     0|        35 |          1|  54|  73|
|  36| 99| 180|100| 171|  0| 171|  0|   171 |     0|       165 |         70|  25|  29|
| 165| 71| 107| 73| 172|  1| 172|  1|   172 |     1|       165 |          0| 189|  36|
|  54| 89| 186| 79| 172|  0| 172|  0|   172 |     0|       132 |         33| 178|  11|
|  25| 29| 101| 85| 172|  0| 172|  0|   172 |     0|       127 |          5| 163|  15|
| 127| 98| 148| 47| 172|  0| 172|  0|   172 |     0|        54 |         73|  94|  69|
| 132|  5| 195| 47| 172|  0| 172|  0|   172 |     0|        25 |         29|  89|   5|
| 189| 57| 132| 63| 172|  0| 172|  0|   172 |     0|       189 |         36|  66|  23|
|  94| 95|  73| 59| 172|  0| 172|  0|   172 |     0|       178 |         11|  32|  34|
|  66| 28| 187| 86| 172|  0| 172|  0|   172 |     0|       163 |         15|  73|  41|
| 178| 88|  52| 65| 172|  0| 172|  0|   172 |     0|        94 |         69| 121|  48|
| 163| 15| 119| 67| 173|  1| 173|  1|   173 |     1|        89 |          5| 142|  21|
|  89| 74| 131| 12| 173|  0| 173|  0|   173 |     0|        66 |         23| 190|  48|
|  32| 57|  38| 93| 173|  0| 173|  0|   173 |     0|        32 |         34| 160|  30|
| 142| 90|  89| 51| 173|  0| 173|  0|   173 |     0|        73 |         41| 147|  13|
| 121| 21|   8| 81| 174|  1| 174|  1|   174 |     1|       121 |         48| 126|  21|
| 190| 69|  79| 71| 174|  0| 174|  0|   174 |     0|       142 |         21| 111|  15|
|  73| 83| 167| 88| 174|  0| 174|  0|   174 |     0|       190 |         48|  27|  84|
| 147| 74|   6| 39| 174|  0| 174|  0|   174 |     0|       160 |         30|  89|  62|
| 160| 13|  52| 46| 175|  1| 175|  1|   175 |     1|       147 |         13|  97|   8|
| 111| 49|  32| 20| 175|  0| 175|  0|   175 |     0|       126 |         21| 130|  33|
|  27| 84|  34|  2| 175|  0| 175|  0|   175 |     0|       111 |         15| 182|  52|
| 126| 99|  43|  9| 175|  0| 175|  0|   175 |     0|        27 |         84|  21|  39|
| 130|  4| 123| 80| 176|  1| 176|  1|   176 |     1|        89 |         62|  52|  31|
|  97| 33|  48| 75| 176|  0| 176|  0|   176 |     0|        97 |          8| 103|  51|
| 182| 85|  81| 33| 176|  0| 176|  0|   176 |     0|       130 |         33| 127|  24|
|  89| 93| 104| 23| 176|  0| 176|  0|   176 |     0|       182 |         52| 186|  59|
|  21| 68|  41| 63| 177|  1| 177|  1|   177 |     1|        21 |         39| 197|  11|
| 127| 94|  97| 56| 177|  0| 177|  0|   177 |     0|        52 |         31| 188|   9|
| 197| 70| 149| 52| 177|  0| 177|  0|   177 |     0|       103 |         51| 181|   7|
| 186| 11|  37| 88| 177|  0| 177|  0|   177 |     0|       127 |         24|  64|  83|
| 103| 83| 186| 51| 177|  0| 177|  0|   177 |     0|       186 |         59|  18|  46|
|  52| 51| 145| 41| 178|  1| 178|  1|   178 |     1|       197 |         11|  11|   7|
| 188| 64| 143|  2| 178|  0| 178|  0|   178 |     0|       188 |          9|  52|  41|
|  18| 30|  97| 46| 178|  0| 178|  0|   178 |     0|       181 |          7|  66|  14|
| 181| 37| 173| 76| 178|  0| 178|  0|   178 |     0|        64 |         83| 138|  72|
|  64| 83| 108| 65| 178|  0| 178|  0|   178 |     0|        18 |         46| 151|  13|
|  11| 53| 106|  2| 179|  1| 179|  1|   179 |     1|        11 |          7| 177|  26|
|  52| 41| 193| 87| 179|  0| 179|  0|   179 |     0|        52 |         41| 156|  21|
| 151| 99| 138| 55| 179|  0| 179|  0|   179 |     0|        66 |         14| 151|   5|
| 177| 26|  93| 45| 179|  0| 179|  0|   179 |     0|       138 |         72|  83|  68|
| 138| 39|  79| 14| 179|  0| 179|  0|   179 |     0|       151 |         13|  68|  15|
|  66| 72| 107| 28| 179|  0| 179|  0|   179 |     0|       177 |         26| 182|  86|
| 156| 90| 157| 50| 180|  1| 180|  1|   180 |     1|       156 |         21| 157|  25|
|  68| 88| 119| 38| 180|  0| 180|  0|   180 |     0|       151 |          5| 133|  24|
| 151| 83| 129| 10| 180|  0| 180|  0|   180 |     0|        83 |         68| 131|   2|
| 182| 31|  20| 91| 180|  0| 180|  0|   180 |     0|        68 |         15|  43|  88|
|  83| 99|  86| 66| 180|  0| 180|  0|   180 |     0|       182 |         86|  25|  18|
| 133| 50|  70| 16| 180|  0| 180|  0|   180 |     0|       157 |         25|  66|  41|
| 157| 24| 148| 78| 180|  0| 180|  0|   180 |     0|       133 |         24|  77|  11|
|  43| 86| 132| 16| 181|  1| 181|  1|   181 |     1|       131 |          2| 101|  24|
| 131| 88| 108| 24| 181|  0| 181|  0|   181 |     0|        43 |         88| 134|  33|
|  25| 94| 158| 50| 181|  0| 181|  0|   181 |     0|        25 |         18| 165|  31|
|  77| 52| 154|  4| 182|  1| 182|  1|   182 |     1|        66 |         41| 176|  11|
| 165| 88| 130| 24| 182|  0| 182|  0|   182 |     0|        77 |         11| 138|  38|
| 101| 64|   3| 73| 182|  0| 182|  0|   182 |     0|       101 |         24| 100|  38|
|  66| 35|  88| 85| 182|  0| 182|  0|   182 |     0|       134 |         33|  71|  29|
| 134| 68|  14| 74| 182|  0| 182|  0|   182 |     0|       165 |         31|  69|   2|
| 176| 42|  44| 30| 182|  0| 182|  0|   182 |     0|       176 |         11|  71|   2|
|  71| 95|  69| 25| 183|  1| 183|  1|   183 |     1|       138 |         38| 110|  39|
|  69|  2| 123| 54| 183|  0| 183|  0|   183 |     0|       100 |         38| 113|   3|
| 100| 31| 172| 49| 183|  0| 183|  0|   183 |     0|        71 |         29| 175|  62|
| 138| 38|  35| 63| 183|  0| 183|  0|   183 |     0|        69 |          2|  55|  80|
|  71| 67|  22| 13| 184|  1| 184|  1|   184 |     1|        71 |          2|  62|   7|
| 113| 42|  19|  3| 184|  0| 184|  0|   184 |     0|       110 |         39|  92|  30|
|  55| 58|  39| 20| 184|  0| 184|  0|   184 |     0|       113 |          3| 105|  13|
| 110| 55| 190| 49| 184|  0| 184|  0|   184 |     0|       175 |         62| 123|  18|
| 175| 65| 125| 65| 184|  0| 184|  0|   184 |     0|        55 |         80| 145|  22|
|  92| 83|  67| 58| 184|  0| 184|  0|   184 |     0|        62 |          7| 185|  40|
|  62| 30| 152| 85| 185|  1| 185|  1|   185 |     1|        92 |         30| 192|   7|
| 105| 43|   6| 54| 185|  0| 185|  0|   185 |     0|       105 |         13| 121|  71|
| 123| 18|  70| 64| 185|  0| 185|  0|   185 |     0|       123 |         18|  89|  32|
| 145| 22| 113| 43| 185|  0| 185|  0|   185 |     0|       145 |         22|   6|  83|
| 185| 40|  93| 20| 185|  0| 185|  0|   185 |     0|       185 |         40|  36|  30|
| 192|  7| 179| 86| 185|  0| 185|  0|   185 |     0|       192 |          7|  68|  32|
|  89| 97|  11| 32| 185|  0| 185|  0|   185 |     0|       121 |         71|  96|  28|
|   6| 83| 141| 70| 185|  0| 185|  0|   185 |     0|        89 |         32| 122|  26|
| 121| 85| 189| 48| 186|  1| 186|  1|   186 |     1|         6 |         83| 161|  39|
|  96| 25| 135| 54| 186|  0| 186|  0|   186 |     0|        36 |         30| 159|   2|
| 161| 65|  24| 89| 186|  0| 186|  0|   186 |     0|        68 |         32| 143|  16|
| 122| 39| 110| 86| 186|  0| 186|  0|   186 |     0|        96 |         28| 141|   2|
|  68| 54| 127| 17| 186|  0| 186|  0|   186 |     0|       122 |         26| 115|  26|
|  36| 32| 172| 45| 186|  0| 186|  0|   186 |     0|       161 |         39|  60|  55|
| 159| 77| 122| 50| 187|  1| 187|  1|   187 |     1|       159 |          2|  88|  28|
|  60| 99| 156| 34| 187|  0| 187|  0|   187 |     0|       143 |         16| 133|  45|
| 143| 83| 183| 27| 187|  0| 187|  0|   187 |     0|       141 |          2| 157|  24|
| 115| 28| 105| 78| 187|  0| 187|  0|   187 |     0|       115 |         26| 161|   4|
| 141| 26| 119| 14| 187|  0| 187|  0|   187 |     0|        60 |         55|  58|  97|
| 133|  8| 121|  2| 187|  0| 187|  0|   187 |     0|        88 |         28|  75|  17|
|  88| 45|  26| 95| 188|  1| 188|  1|   188 |     1|       133 |         45|  92|  17|
|  58| 30| 197| 29| 188|  0| 188|  0|   188 |     0|       157 |         24| 105|  13|
| 161| 97| 158| 39| 188|  0| 188|  0|   188 |     0|       161 |          4| 174|  69|
| 157|  4| 197| 39| 188|  0| 188|  0|   188 |     0|        58 |         97| 195|  21|
| 105| 52| 155| 42| 188|  0| 188|  0|   188 |     0|        75 |         17|  99|  96|
|  92| 13|  27| 72| 188|  0| 188|  0|   188 |     0|        92 |         17|  65|  34|
| 195| 97| 159| 68| 189|  1| 189|  1|   189 |     1|       105 |         13|  37|  28|
|  75| 80| 171| 12| 189|  0| 189|  0|   189 |     0|       174 |         69|  26|  11|
| 174| 99|  55| 84| 189|  0| 189|  0|   189 |     0|       195 |         21|  23|   3|
|  26| 52|  25| 30| 189|  0| 189|  0|   189 |     0|        99 |         96|  34|  11|
|  37| 11| 124| 99| 189|  0| 189|  0|   189 |     0|        65 |         34|  79|  45|
|  23| 14|  80| 44| 189|  0| 189|  0|   189 |     0|        37 |         28|  96|  17|
|  65| 42|  53| 27| 189|  0| 189|  0|   189 |     0|        26 |         11| 153|  57|
|  99| 34|  51|  2| 190|  1| 190|  1|   190 |     1|        23 |          3| 160|   7|
| 160| 61| 200| 51| 190|  0| 190|  0|   190 |     0|        34 |         11| 134|  26|
|  96| 64| 183| 17| 190|  0| 190|  0|   190 |     0|        79 |         45| 110|  24|
|  34| 62|  38| 55| 190|  0| 190|  0|   190 |     0|        96 |         17|  75|  35|
| 153| 81|  82| 44| 190|  0| 190|  0|   190 |     0|       153 |         57|  52|  23|
|  79| 74|  49| 33| 190|  0| 190|  0|   190 |     0|       160 |          7| 189|  63|
|  52| 27|  89| 40| 191|  1| 191|  1|   191 |     1|       134 |         26| 191|   2|
|  75| 23|  84|  5| 191|  0| 191|  0|   191 |     0|       110 |         24| 192|   1|
| 134| 59| 170| 86| 192|  1| 192|  1|   192 |     1|        75 |         35| 155|  37|
| 110| 24|  18| 48| 192|  0| 192|  0|   192 |     0|        52 |         23| 101|  54|
| 189| 79| 185| 33| 192|  0| 192|  0|   192 |     0|       189 |         63|  54|  47|
| 192|  3| 136| 49| 192|  0| 192|  0|   192 |     0|       191 |          2| 102|  48|
| 155| 37| 125| 11| 192|  0| 192|  0|   192 |     0|       192 |          1| 117|  15|
| 191| 36|  52| 73| 193|  1| 193|  1|   193 |     1|       155 |         37| 139|  22|
|  54| 63|  48|  4| 193|  0| 193|  0|   193 |     0|       101 |         54| 172|  33|
| 101| 47|  34| 14| 193|  0| 193|  0|   193 |     0|        54 |         47| 177|   5|
| 117| 16| 140| 94| 193|  0| 193|  0|   193 |     0|       102 |         48| 187|  10|
| 177| 60|  13| 73| 193|  0| 193|  0|   193 |     0|       117 |         15| 172|  15|
| 139| 38|   2| 11| 194|  1| 194|  1|   194 |     1|       139 |         22|  86|  86|
| 172| 33| 180| 22| 194|  0| 194|  0|   194 |     0|       172 |         33|  64|  22|
| 102| 70|  80|100| 195|  1| 195|  1|   195 |     1|       177 |          5|   9|  55|
| 187| 85|  27| 53| 195|  0| 195|  0|   195 |     0|       187 |         10|  27|  18|
| 172| 15|   5| 22| 196|  1| 196|  1|   196 |     1|       172 |         15|  66|  39|
|  64| 92|  83| 78| 196|  0| 196|  0|   196 |     0|        86 |         86|  83|  17|
|   9| 55| 170| 87| 196|  0| 196|  0|   196 |     0|        64 |         22| 170|  87|
|  86| 77|  66| 96| 196|  0| 196|  0|   196 |     0|         9 |         55|   5|  35|
|  66| 20|  86| 20| 197|  1| 197|  1|   197 |     1|        27 |         18|  13|   8|
| 170| 96|   9| 77| 197|  0| 197|  0|   197 |     0|        66 |         39|  80|  67|
|  83| 87|  64| 55| 197|  0| 197|  0|   197 |     0|        83 |         17| 140|  60|
|   5| 78| 172| 92| 197|  0| 197|  0|   197 |     0|       170 |         87| 180|  40|
|  27| 22| 187| 15| 197|  0| 197|  0|   197 |     0|         5 |         35|   2|  22|
|  80| 53| 102| 85| 197|  0| 197|  0|   197 |     0|        13 |          8|  34|  32|
| 180|100| 172| 70| 198|  1| 198|  1|   198 |     1|        80 |         67|  48|  14|
|   2| 22| 139| 33| 199|  1| 199|  1|   199 |     1|       140 |         60|  52|   4|
|  13| 11| 177| 38| 199|  0| 199|  0|   199 |     0|       180 |         40| 125|  73|
| 140| 73| 117| 60| 199|  0| 199|  0|   199 |     0|         2 |         22| 136|  11|
|  34| 94| 101| 16| 200|  1| 200|  1|   200 |     1|        34 |         32| 170|  34|
|  48| 14|  54| 47| 200|  0| 200|  0|   200 |     0|        48 |         14| 185|  15|
|  52|  4| 191| 63| 200|  0| 200|  0|   200 |     0|        52 |          4|  89|  96|
| 125| 73| 155| 36| 200|  0| 200|  0|   200 |     0|       125 |         73|  84|   5|
| 136| 11| 192| 37| 200|  0| 200|  0|   200 |     0|       136 |         11|  18|  66|
| 185| 49| 189|  3|   1|  1|  99| 99|     1 |     1|       170 |         34|  38|  20|
|  18| 33| 110| 79|   1|  0|  99|  0|     1 |     0|       185 |         15|  49|  11|
| 170| 48| 134| 24|   1|  0|  99|  0|     1 |     0|        89 |         96|  82|  33|
|  84| 86|  75| 59|   1|  0|  99|  0|     1 |     0|        84 |          5| 183|  99|
|  89|  5|  52| 23|   2|  1|  99|  0|     2 |     1|        18 |         66| 200|  17|
|  49| 40|  79| 27|   2|  0|  99|  0|     2 |     0|        38 |         20| 124|  76|
|  82| 33| 153| 74|   2|  0|  98|  1|     2 |     0|        49 |         11|  80|  44|
|  38| 44|  34| 81|   2|  0|  98|  0|     2 |     0|        82 |         33|  53|  27|
| 183| 55|  96| 62|   2|  0|  97|  1|     2 |     0|       183 |         99|  51|   2|
| 200| 17| 160| 64|   3|  1|  97|  0|     3 |     1|       200 |         17|  25|  26|
|  51| 51|  99| 61|   3|  0|  97|  0|     3 |     0|       124 |         76|  27|   2|
|  53|  2|  65| 34|   3|  0|  97|  0|     3 |     0|        80 |         44|  55|  28|
|  80| 27|  23| 42|   4|  1|  96|  1|     4 |     1|        53 |         27| 155| 100|
| 124| 44|  37| 14|   4|  0|  96|  0|     4 |     0|        51 |          2| 159|   4|
|  25| 99|  26| 11|   4|  0|  96|  0|     4 |     0|        25 |         26| 171|  12|
|  55| 30| 174| 52|   4|  0|  96|  0|     4 |     0|        27 |          2| 197|  26|
| 171| 84|  75| 99|   4|  0|  96|  0|     4 |     0|        55 |         28| 197|   0|
| 159| 12| 195| 80|   5|  1|  95|  1|     5 |     1|       155 |        100| 158|  39|
|  27| 68|  92| 97|   5|  0|  95|  0|     5 |     0|       159 |          4| 121|  37|
| 155| 72| 105| 13|   6|  1|  95|  0|     6 |     1|       171 |         12|  26|  95|
| 197| 42| 157| 52|   6|  0|  95|  0|     6 |     0|       197 |         26| 105|  79|
| 158| 39| 161|  4|   6|  0|  94|  1|     6 |     0|       197 |          0| 119|  14|
| 197| 39|  58| 97|   6|  0|  94|  0|     6 |     0|       158 |         39| 122|   3|
|  26| 29|  88| 30|   6|  0|  94|  0|     6 |     0|       121 |         37| 156|  34|
| 121| 95| 133| 45|   7|  1|  94|  0|     7 |     1|        26 |         95| 183|  27|
| 119|  2| 141|  8|   7|  0|  93|  1|     7 |     0|       105 |         79| 172|  11|
| 105| 14| 115| 26|   8|  1|  93|  0|     8 |     1|       119 |         14| 135|  37|
| 183| 78| 143| 28|   8|  0|  93|  0|     8 |     0|       122 |          3| 127|   8|
| 156| 27|  60| 83|   8|  0|  93|  0|     8 |     0|       156 |         34| 110|  17|
| 122| 34| 159| 99|   8|  0|  92|  1|     8 |     0|       183 |         27|  24|  86|
| 172| 50|  36| 77|   8|  0|  92|  0|     8 |     0|       172 |         11|  93|  69|
| 127| 45|  68| 32|   9|  1|  92|  0|     9 |     1|       135 |         37| 141|  48|
| 110| 17| 122| 54|   9|  0|  92|  0|     9 |     0|       127 |          8| 179|  38|
|  24| 86| 161| 39|   9|  0|  92|  0|     9 |     0|       110 |         17| 189|  10|
| 135| 89|  96| 65|   9|  0|  91|  1|     9 |     0|        24 |         86|  11|  22|
| 189| 54| 121| 25|  10|  1|  91|  0|    10 |     1|        93 |         69|  67|  56|
| 141| 48|   6| 85|  10|  0|  91|  0|    10 |     0|       141 |         48|  70|   3|
|  11| 70|  89| 83|  10|  0|  91|  0|    10 |     0|       179 |         38| 113|  43|
| 179| 32| 192| 97|  10|  0|  90|  1|    10 |     0|       189 |         10| 152|  39|
|  93| 86| 185|  7|  10|  0|  90|  0|    10 |     0|        11 |         22|   6|  54|
| 113| 20| 145| 40|  10|  0|  89|  1|    10 |     0|        67 |         56|  19|  13|
|  70| 43| 123| 22|  10|  0|  89|  0|    10 |     0|        70 |          3|  22|   3|
|   6| 64| 105| 18|  10|  0|  89|  0|    10 |     0|       113 |         43|  39|  17|
| 152| 54|  62| 43|  10|  0|  89|  0|    10 |     0|       152 |         39| 125|  86|
|  67| 85|  92| 30|  11|  1|  89|  0|    11 |     1|         6 |         54| 190|  65|
| 125| 58| 175| 83|  11|  0|  89|  0|    11 |     0|        19 |         13| 172|  18|
| 190| 65| 110| 65|  11|  0|  89|  0|    11 |     0|        22 |          3| 123|  49|
|  39| 49|  55| 55|  12|  1|  89|  0|    12 |     1|        39 |         17|  69|  54|
|  19| 20| 113| 58|  12|  0|  89|  0|    12 |     0|       125 |         86|  44|  25|
|  22|  3|  71| 42|  12|  0|  89|  0|    12 |     0|       190 |         65|  35|   9|
|  35| 13| 138| 67|  13|  1|  88|  1|    13 |     1|       172 |         18|  14|  21|
| 172| 63| 100| 38|  13|  0|  88|  0|    13 |     0|       123 |         49|   3|  11|
| 123| 49|  69| 31|  13|  0|  88|  0|    13 |     0|        69 |         54|  88|  85|
|  69| 54|  71|  2|  13|  0|  88|  0|    13 |     0|        44 |         25| 130|  42|
|  44| 25| 176| 95|  13|  0|  88|  0|    13 |     0|        35 |          9| 154|  24|
|  14| 30| 134| 42|  13|  0|  87|  1|    13 |     0|        14 |         21| 158|   4|
|  88| 74|  66| 68|  14|  1|  87|  0|    14 |     1|         3 |         11| 148|  10|
|   3| 85| 101| 35|  14|  0|  87|  0|    14 |     0|        88 |         85| 132|  16|
| 130| 73| 165| 64|  14|  0|  87|  0|    14 |     0|       130 |         42| 108|  24|
| 154| 24|  77| 88|  14|  0|  87|  0|    14 |     0|       154 |         24|  70|  38|
| 158|  4|  25| 52|  15|  1|  86|  1|    15 |     1|       158 |          4|  86|  16|
| 108| 50| 131| 94|  17|  2|  86|  0|    17 |     2|       148 |         10| 119|  33|
| 132| 24|  43| 88|  17|  0|  86|  0|    17 |     0|       132 |         16| 129|  10|
| 148| 16| 157| 86|  18|  1|  86|  0|    18 |     1|       108 |         24| 157|  28|
|  70| 78| 133| 24|  18|  0|  86|  0|    18 |     0|        70 |         38|  20|  63|
|  86| 16|  83| 50|  18|  0|  85|  1|    18 |     0|        86 |         16|  22|   2|
|  20| 66| 182| 99|  18|  0|  85|  0|    18 |     0|       119 |         33| 106|  84|
| 129| 91| 151| 31|  18|  0|  85|  0|    18 |     0|       129 |         10| 185|  79|
| 119| 10|  68| 83|  18|  0|  85|  0|    18 |     0|       157 |         28|   6|  21|
| 157| 38| 156| 88|  19|  1|  84|  1|    19 |     1|        20 |         63|   6|   0|
| 107| 50|  66| 90|  19|  0|  84|  0|    19 |     0|        79 |         59|  79|  73|
|  79| 28| 138| 72|  19|  0|  83|  1|    19 |     0|        93 |         14|  93|  14|
|  93| 14| 177| 39|  20|  1|  83|  0|    20 |     1|       107 |         14| 107|  14|
| 138| 45| 151| 26|  20|  0|  83|  0|    20 |     0|       138 |         31| 138|  31|
| 193| 55|  52| 99|  20|  0|  83|  0|    20 |     0|       193 |         55| 193|  55|
| 106| 87|  11| 41|  21|  1|  83|  0|    21 |     1|       173 |         20| 173|  20|
| 108|  2|  64| 53|  21|  0|  83|  0|    21 |     0|       143 |         30| 143|  30|
| 173| 65| 181| 83|  21|  0|  82|  1|    21 |     0|       108 |         35| 108|  35|
|  97| 76|  18| 37|  21|  0|  82|  0|    21 |     0|       106 |          2| 106|   2|
| 143| 46| 188| 30|  22|  1|  82|  0|    22 |     1|        97 |          9|  97|   9|
| 145|  2|  52| 64|  22|  0|  81|  1|    22 |     0|        97 |          0|  81|  16|
| 186| 41| 103| 51|  22|  0|  81|  0|    22 |     0|       145 |         48|  48|  33|
|  37| 51| 186| 83|  22|  0|  81|  0|    22 |     0|       149 |          4|  41|   7|
| 149| 88| 197| 11|  23|  1|  81|  0|    23 |     1|       186 |         37| 104|  63|
|  97| 52| 127| 70|  23|  0|  81|  0|    23 |     0|        37 |         51| 123|  19|
|  41| 56|  21| 94|  23|  0|  80|  1|    23 |     0|        41 |          4|  52|  71|
| 104| 63|  89| 68|  23|  0|  80|  0|    23 |     0|        48 |          7|  43|   9|
|  81| 23| 182| 93|  24|  1|  80|  0|    24 |     1|        81 |         33|  34|   9|
|  48| 33|  97| 85|  24|  0|  80|  0|    24 |     0|       104 |         23|  32|   2|
| 123| 75| 130| 33|  24|  0|  80|  0|    24 |     0|       123 |         19|   6|  26|
|  43| 80| 126|  4|  24|  0|  80|  0|    24 |     0|        52 |         71|   8|   2|
|  34|  9|  27| 99|  24|  0|  80|  0|    24 |     0|        43 |          9|  38|  30|
|  32|  2| 111| 84|  25|  1|  80|  0|    25 |     1|        34 |          9|  79|  41|
|  52| 20| 160| 49|  25|  0|  80|  0|    25 |     0|        32 |          2|  89|  10|
|   6| 46| 147| 13|  25|  0|  80|  0|    25 |     0|         6 |         26| 167|  78|
| 167| 39|  73| 74|  25|  0|  79|  1|    25 |     0|         8 |          2| 131|  36|
|  79| 88| 190| 83|  25|  0|  79|  0|    25 |     0|        38 |         30| 119|  12|
|   8| 71| 121| 69|  25|  0|  79|  0|    25 |     0|        79 |         41|  73|  46|
|  89| 81| 142| 21|  25|  0|  79|  0|    25 |     0|        89 |         10|  52|  21|
|  38| 51|  32| 90|  26|  1|  79|  0|    26 |     1|       167 |         78| 187|  65|
| 131| 93|  89| 57|  26|  0|  79|  0|    26 |     0|       131 |         36| 186|   1|
| 119| 12| 163| 74|  26|  0|  79|  0|    26 |     0|       119 |         12| 148|  38|
|  52| 67| 178| 15|  26|  0|  78|  1|    26 |     0|        73 |         46| 132|  16|
| 187| 65|  66| 88|  26|  0|  78|  0|    26 |     0|        52 |         21| 101|  31|
|  73| 86|  94| 28|  27|  1|  78|  0|    27 |     1|       187 |         65| 195|  94|
| 132| 59| 189| 95|  27|  0|  78|  0|    27 |     0|       186 |          1| 180|  15|
| 195| 63| 132| 57|  27|  0|  78|  0|    27 |     0|       148 |         38| 107|  73|
| 148| 47| 127|  5|  27|  0|  78|  0|    27 |     0|       132 |         16| 101|   6|
| 101| 47|  25| 98|  27|  0|  77|  1|    27 |     0|       101 |         31|  80|  21|
| 186| 85|  54| 29|  27|  0|  77|  0|    27 |     0|       195 |         94|  66|  14|
| 107| 79| 165| 89|  27|  0|  77|  0|    27 |     0|       180 |         15|  96|  30|
| 180| 73|  36| 71|  27|  0|  77|  0|    27 |     0|       107 |         73| 165|  69|
|  80|100| 137| 99|  27|  0|  76|  1|    27 |     0|       101 |          6| 180|  15|
| 101| 21| 165| 28|  27|  0|  75|  1|    27 |     0|        80 |         21|  41|  61|
|  66| 35|  35| 70|  27|  0|  75|  0|    27 |     0|        66 |         14|  12|  29|
| 165| 99|  84| 49|  28|  1|  75|  0|    28 |     1|        96 |         30|  48|  36|
|  41| 76| 145| 61|  28|  0|  75|  0|    28 |     0|       165 |         69|  85|  37|
| 180| 61|  78| 67|  28|  0|  75|  0|    28 |     0|       180 |         15| 107|  22|
|  96| 84| 114| 36|  29|  1|  75|  0|    29 |     1|        41 |         61| 184|  77|
|  12| 84|  23| 91|  29|  0|  75|  0|    29 |     0|        12 |         29|   7|  23|
| 107| 95|  21|  2|  30|  1|  74|  1|    30 |     1|        48 |         36|  87|  80|
|   7|100| 130| 91|  30|  0|  74|  0|    30 |     0|        85 |         37|  91|   4|
|  85| 78| 159| 29|  30|  0|  74|  0|    30 |     0|       107 |         22| 123|  32|
| 184| 99|  47| 88|  30|  0|  74|  0|    30 |     0|       184 |         77| 168|  45|
|  48| 64|  95| 48|  31|  1|  74|  0|    31 |     1|         7 |         23| 193|  25|
| 123| 75| 138| 43|  32|  1|  73|  1|    32 |     1|        87 |         80| 184|   9|
|  87| 36| 134|  4|  32|  0|  73|  0|    32 |     0|        91 |          4| 162|  22|
|  91|  4| 131|  3|  32|  0|  73|  0|    32 |     0|       123 |         32| 161|   1|
| 193| 98|  54| 77|  32|  0|  73|  0|    32 |     0|       168 |         45| 101|  60|
| 168| 25| 133| 79|  32|  0|  72|  1|    32 |     0|       193 |         25|  46|  55|
|  46| 78|  51| 82|  33|  1|  72|  0|    33 |     1|       184 |          9|  68|  22|
| 161| 85| 138| 87|  33|  0|  72|  0|    33 |     0|       162 |         22|  73|   5|
| 162|  1|  33| 95|  33|  0|  72|  0|    33 |     0|       161 |          1| 148|  75|
| 101| 61| 188| 45|  33|  0|  72|  0|    33 |     0|       101 |         60| 176|  28|
| 184| 83|  35| 47|  33|  0|  72|  0|    33 |     0|        46 |         55|  30|  54|
|  73| 89| 167| 68|  33|  0|  71|  1|    33 |     0|        68 |         22|  88|  58|
| 148| 75|  80| 87|  34|  1|  71|  0|    34 |     1|        73 |          5| 117|  29|
|  30| 82| 121| 41|  34|  0|  71|  0|    34 |     0|       148 |         75| 145|  28|
|  68| 38|  55| 66|  34|  0|  71|  0|    34 |     0|       176 |         28| 153|   8|
| 176| 92| 148| 93|  34|  0|  70|  1|    34 |     0|        30 |         54|   2|  49|
| 117| 59|  42| 94|  34|  0|  70|  0|    34 |     0|        88 |         58| 110|  92|
|  88| 29| 167| 75|  35|  1|  70|  0|    35 |     1|       117 |         29| 118|   8|
| 153| 65|  45| 78|  35|  0|  70|  0|    35 |     0|       145 |         28| 129|  11|
| 145|  8| 116| 71|  35|  0|  70|  0|    35 |     0|       153 |          8| 139|  10|
|   2| 57| 200| 84|  35|  0|  70|  0|    35 |     0|         2 |         49| 196|  57|
| 110| 92| 114| 86|  36|  1|  70|  0|    36 |     1|       110 |         92| 172|  24|
| 139| 29| 156| 42|  36|  0|  69|  1|    36 |     0|       118 |          8| 136|  36|
| 118| 21| 153|  3|  36|  0|  69|  0|    36 |     0|       129 |         11| 130|   6|
| 196| 78|  49| 96|  37|  1|  69|  0|    37 |     1|       139 |         10|  52|  78|
| 129| 67|  52|  3|  37|  0|  69|  0|    37 |     0|       196 |         57|  26|  26|
| 172| 43| 141| 89|  37|  0|  69|  0|    37 |     0|       172 |         24|  64|  38|
| 136| 36|  92| 49|  37|  0|  68|  1|    37 |     0|       136 |         36| 144|  80|
| 130|  6| 133| 41|  37|  0|  68|  0|    37 |     0|       130 |          6|  24|  80|
|  26| 96| 113| 20|  37|  0|  68|  0|    37 |     0|        52 |         78|  14|  10|
|  52| 26|  53| 60|  37|  0|  68|  0|    37 |     0|        26 |         26|  10|   4|
|  64| 12|  10| 43|  37|  0|  68|  0|    37 |     0|        64 |         38|  10|   0|
|  24| 40| 172| 38|  38|  1|  67|  1|    38 |     1|       144 |         80|  56|  46|
| 144| 80|  28| 56|  38|  0|  67|  0|    38 |     0|        24 |         80| 154|  98|
|  14| 70| 168| 60|  38|  0|  67|  0|    38 |     0|        14 |         10| 171|  17|
|  10|  4|  65| 97|  38|  0|  67|  0|    38 |     0|        10 |          4| 193|  22|
| 193| 17| 129| 64|  39|  1|  66|  1|    39 |     1|        10 |          0| 193|   0|
| 171| 22|   2| 73|  39|  0|  66|  0|    39 |     0|        56 |         46| 192|   1|
|  56| 85| 162| 40|  39|  0|  66|  0|    39 |     0|       154 |         98| 164|  28|
| 154| 98| 161|  1|  39|  0|  66|  0|    39 |     0|       171 |         17|  99|  65|
|  10| 56| 141| 20|  39|  0|  66|  0|    39 |     0|       193 |         22|  44|  55|
| 193| 17| 163| 22|  40|  1|  66|  0|    40 |     1|       193 |          0|  65|  21|
| 164| 29|  18| 55|  40|  0|  66|  0|    40 |     0|       192 |          1|  75|  10|
|  99| 65| 173| 45|  40|  0|  66|  0|    40 |     0|       164 |         28| 120|  45|
| 192| 93| 143| 30|  40|  0|  66|  0|    40 |     0|        99 |         65| 141|  21|
|  44| 52| 109| 34|  40|  0|  65|  1|    40 |     0|        44 |         55|   9|  68|
| 141| 97|  63| 46|  41|  1|  65|  0|    41 |     1|        65 |         21|  24|  15|
|  65| 76| 146| 83|  41|  0|  65|  0|    41 |     0|        75 |         10|  52|  28|
|  75| 10| 134| 12|  41|  0|  65|  0|    41 |     0|       120 |         45|  67|  15|
| 120| 45|  49| 85|  41|  0|  65|  0|    41 |     0|       141 |         21| 120|  53|
|   9| 89|  41|  8|  41|  0|  65|  0|    41 |     0|         9 |         68|   4|  84|
|  24| 15| 177| 64|  41|  0|  65|  0|    41 |     0|        24 |         15|  27|  23|
|  52| 28|  37| 60|  41|  0|  65|  0|    41 |     0|        52 |         28|  72|  45|
|  67| 15| 145| 92|  42|  1|  64|  1|    42 |     1|        67 |         15|  78|   6|
| 120| 53| 121| 24|  42|  0|  64|  0|    42 |     0|       120 |         53| 105|  27|
|   4| 84|  42| 79|  42|  0|  64|  0|    42 |     0|         4 |         84| 114|   9|
| 114| 90|  78| 36|  42|  0|  64|  0|    42 |     0|        27 |         23|  54|  60|
|  78| 36| 170| 92|  42|  0|  64|  0|    42 |     0|        72 |         45|   4|  50|
|  27| 51|  12| 42|  42|  0|  63|  1|    42 |     0|        78 |          6| 134|  70|
| 105| 78|  86| 74|  42|  0|  63|  0|    42 |     0|       105 |         27| 186|  52|
|  72| 33| 157| 71|  42|  0|  63|  0|    42 |     0|       114 |          9| 190|   4|
|   4| 68|  56| 99|  43|  1|  63|  0|    43 |     1|        54 |         60| 165|  25|
| 190| 14|  50|  6|  43|  0|  63|  0|    43 |     0|         4 |         50| 122|  43|
|  54| 64|  91| 41|  43|  0|  62|  1|    43 |     0|       134 |         70|  59|  63|
| 134| 80| 152| 61|  43|  0|  62|  0|    43 |     0|       186 |         52|  27|  32|
| 186| 52|  26| 74|  43|  0|  62|  0|    43 |     0|       190 |          4| 200|  27|
| 165| 21|  65| 39|  43|  0|  62|  0|    43 |     0|       165 |         25| 197|   3|
|  59| 94|  68|  3|  44|  1|  62|  0|    44 |     1|       122 |         43| 162|  35|
| 122| 63| 104| 36|  44|  0|  60|  2|    44 |     0|        59 |         63| 108|  54|
| 200| 78|  89| 15|  44|  0|  60|  0|    44 |     0|        27 |         32|  66|  42|
|  27| 27|  93|  4|  44|  0|  59|  1|    44 |     0|       200 |         27|  21|  45|
|  66| 39| 188| 95|  44|  0|  59|  0|    44 |     0|       197 |          3|  43|  22|
| 108| 42|  96| 92|  44|  0|  59|  0|    44 |     0|       162 |         35| 118|  75|
| 197| 89|  42| 54|  45|  1|  59|  0|    45 |     1|       108 |         54| 141|  23|
|  21| 24| 172| 70|  45|  0|  59|  0|    45 |     0|        66 |         42|  14|  73|
| 162| 59| 158| 14|  45|  0|  59|  0|    45 |     0|        21 |         45|   5|   9|
| 141| 21| 159|  1|  45|  0|  58|  1|    45 |     0|        43 |         22| 119|  86|
|   5| 64|   3| 44|  45|  0|  57|  1|    45 |     0|       118 |         75| 131|  12|
|  14|  9|  83| 80|  45|  0|  57|  0|    45 |     0|       141 |         23| 156|  25|
| 118| 96| 132| 49|  45|  0|  57|  0|    45 |     0|        14 |         73| 169|  13|
|  43| 75| 162| 30|  45|  0|  57|  0|    45 |     0|         5 |          9| 197|  28|
| 156| 87| 199| 37|  46|  1|  57|  0|    46 |     1|       119 |         86| 142|  55|
| 169| 13|  29| 30|  46|  0|  57|  0|    46 |     0|       131 |         12|  49|  93|
| 197| 28| 172| 57|  46|  0|  56|  1|    46 |     0|       156 |         25|  23|  26|
| 131| 66| 140| 32|  46|  0|  56|  0|    46 |     0|       169 |         13|   8|  15|
| 119| 12| 123| 17|  46|  0|  55|  1|    46 |     0|       197 |         28| 200|   8|
|  23| 96| 182| 59|  46|  0|  55|  0|    46 |     0|       142 |         55| 154|  46|
|   8| 15|  51| 69|  46|  0|  55|  0|    46 |     0|        49 |         93| 143|  11|
| 142| 66| 185| 66|  47|  1|  55|  0|    47 |     1|        23 |         26|  83|  60|
|  49| 93|  13| 28|  47|  0|  55|  0|    47 |     0|         8 |         15|  66|  17|
| 200| 49| 183| 30|  47|  0|  55|  0|    47 |     0|       200 |          8|  18|  48|
|  83| 83|  11| 28|  47|  0|  55|  0|    47 |     0|       154 |         46|  27|   9|
|  66| 17| 186| 25|  47|  0|  54|  1|    47 |     0|       143 |         11| 105|  78|
| 143| 77| 146| 40|  47|  0|  54|  0|    47 |     0|        83 |         60| 133|  28|
|  18| 75|  94| 52|  48|  1|  54|  0|    48 |     1|        66 |         17| 194|  61|
| 154| 64| 124| 30|  48|  0|  54|  0|    48 |     0|        18 |         48|  10|  16|
| 194| 40|  18| 94|  48|  0|  54|  0|    48 |     0|        27 |          9|  44|  34|
|  27| 33| 184| 34|  48|  0|  54|  0|    48 |     0|       105 |         78|  87|  43|
|  10| 17| 136| 48|  48|  0|  54|  0|    48 |     0|       133 |         28| 121|  34|
| 105| 95|  43| 93|  49|  1|  54|  0|    49 |     1|       194 |         61| 123|   2|
| 133| 28|  45|  2|  49|  0|  54|  0|    49 |     0|        10 |         16| 175|  52|
|  87| 46| 125| 80|  49|  0|  54|  0|    49 |     0|        44 |         34| 174|   1|
|  44| 43| 121|  4|  49|  0|  53|  1|    49 |     0|        87 |         43|  57|  83|
| 123| 79|  47| 74|  49|  0|  53|  0|    49 |     0|       121 |         34|  45|  12|
| 121|  2|  43|  4|  49|  0|  53|  0|    49 |     0|       123 |          2|  27|  18|
| 175| 54| 127| 84|  49|  0|  53|  0|    49 |     0|       175 |         52|  27|   0|
|  27| 52| 104| 23|  50|  1|  53|  0|    50 |     1|       174 |          1|  80|  53|
|  27|  0|  71| 33|  50|  0|  53|  0|    50 |     0|        57 |         83|  99|  19|
|  57| 30| 108| 37|  50|  0|  53|  0|    50 |     0|        45 |         12| 128|  29|
| 174| 83|  34| 74|  50|  0|  53|  0|    50 |     0|        27 |         18| 146|  18|
|  45| 71| 143| 91|  51|  1|  53|  0|    51 |     1|        27 |          0| 171|  25|
|  99| 54|  20| 77|  51|  0|  52|  1|    51 |     0|        80 |         53| 110|  61|
| 171| 72|  70| 50|  51|  0|  52|  0|    51 |     0|        99 |         19| 101|   9|
| 128| 43| 157| 87|  51|  0|  52|  0|    51 |     0|       128 |         29|  85|  16|
| 146| 18| 111| 46|  51|  0|  52|  0|    51 |     0|       146 |         18|  79|   6|
|  80| 66|  17| 94|  51|  0|  52|  0|    51 |     0|       171 |         25|  37|  42|
|  85|  5| 200| 17|  52|  1|  52|  0|    52 |     1|       110 |         61|  82|  45|
|  37| 48| 184| 16|  52|  0|  52|  0|    52 |     0|       101 |          9| 178|  96|
|  79| 42| 131| 53|  52|  0|  52|  0|    52 |     0|        85 |         16| 181|   3|
| 110| 31|  42| 89|  52|  0|  52|  0|    52 |     0|        79 |          6|  29|  48|
| 101|  9|  57| 15|  52|  0|  52|  0|    52 |     0|        37 |         42|   8|  21|
| 178| 77| 168| 89|  52|  0|  51|  1|    52 |     0|        82 |         45| 149|  59|
|  29| 51| 160|  8|  52|  0|  51|  0|    52 |     0|       178 |         96| 155|   6|
|  82| 53| 139| 21|  52|  0|  51|  0|    52 |     0|       181 |          3| 187|  32|
|   8| 74|  53| 86|  52|  0|  51|  0|    52 |     0|        29 |         48| 190|   3|
| 181| 27|  25| 28|  52|  0|  51|  0|    52 |     0|         8 |         21|   1|  11|
| 187|  6| 156| 69|  53|  1|  51|  0|    53 |     1|       149 |         59|  48|  47|
| 155| 32|  42| 86|  53|  0|  50|  1|    53 |     0|       155 |          6| 119|  71|
| 190| 35| 170| 72|  53|  0|  50|  0|    53 |     0|       187 |         32| 122|   3|
|   1| 11|  59| 89|  53|  0|  50|  0|    53 |     0|       190 |          3| 151|  29|
| 149| 52|  39| 20|  53|  0|  50|  0|    53 |     0|         1 |         11| 156|   5|
| 119| 30| 153| 86|  53|  0|  49|  1|    53 |     0|        48 |         47| 128|  28|
|  48| 71| 135| 18|  53|  0|  49|  0|    53 |     0|       119 |         71| 123|   5|
| 151| 97|  78| 57|  53|  0|  49|  0|    53 |     0|       122 |          3| 118|   5|
| 122| 29|  17| 61|  53|  0|  49|  0|    53 |     0|       151 |         29|  50|  68|
| 156| 34| 113| 96|  54|  1|  49|  0|    54 |     1|       156 |          5| 190|  60|
| 123| 33|  36| 77|  54|  0|  49|  0|    54 |     0|       128 |         28| 147|  43|
|  50| 73|  97| 61|  54|  0|  49|  0|    54 |     0|       123 |          5|  59|  88|
| 118| 68| 146| 49|  54|  0|  48|  1|    54 |     0|       118 |          5|  50|   9|
| 190| 72| 149|  3|  54|  0|  48|  0|    54 |     0|        50 |         68|  28|  22|
| 128| 62| 168| 19|  54|  0|  48|  0|    54 |     0|       190 |         60|  21|   7|
| 147| 19|  62| 94|  54|  0|  48|  0|    54 |     0|       147 |         43|  10|  11|
|  50| 97|  40| 22|  54|  0|  48|  0|    54 |     0|        59 |         88|   9|   1|
|  28| 22|  38|  2|  54|  0|  47|  1|    54 |     0|        50 |          9|   4|   5|
|  21|  7|  42|  4|  54|  0|  47|  0|    54 |     0|        28 |         22|  59|  55|
|  59| 38|  89| 47|  55|  1|  47|  0|    55 |     1|        21 |          7|  81|  22|
|   4| 55|  73| 16|  55|  0|  47|  0|    55 |     0|        10 |         11|  90|   9|
|   9|  5|  66|  7|  55|  0|  47|  0|    55 |     0|         9 |          1|  96|   6|
|  59| 50|  51| 15|  55|  0|  47|  0|    55 |     0|         4 |          5| 142|  46|
|  81| 22| 111| 60|  55|  0|  46|  1|    55 |     0|        59 |         55| 177|  35|
|  10| 71| 113|  2|  55|  0|  46|  0|    55 |     0|        81 |         22|  69|  92|
|  96| 86| 152| 39|  55|  0|  46|  0|    55 |     0|        90 |          9|  59|  10|
|  69| 27|  37| 85|  56|  1|  46|  0|    56 |     1|        96 |          6|  57|   2|
|  90| 21|  90| 53|  56|  0|  46|  0|    56 |     0|       142 |         46|  47|  10|
| 177| 87| 125| 35|  57|  1|  46|  0|    57 |     1|       177 |         35|  42|   5|
| 142| 35|   8| 83|  57|  0|  46|  0|    57 |     0|        69 |         92| 191|  51|
|  42|100| 144| 64|  57|  0|  45|  1|    57 |     0|        59 |         10| 144|  47|
|  57| 15|  72| 72|  57|  0|  45|  0|    57 |     0|        57 |          2| 132|  12|
|  59|  2| 129| 57|  57|  0|  45|  0|    57 |     0|        47 |         10| 107|  25|
|  47| 12| 110| 19|  57|  0|  45|  0|    57 |     0|        42 |          5| 100|   7|
| 191| 56|  79| 31|  58|  1|  45|  0|    58 |     1|       191 |         51|  10|  90|
|  10| 19|  33| 46|  59|  1|  45|  0|    59 |     1|       144 |         47|  50|  40|
| 107| 97|  25|  8|  59|  0|  45|  0|    59 |     0|       132 |         12|  62|  12|
| 132| 25| 111| 86|  59|  0|  45|  0|    59 |     0|       107 |         25|  70|   8|
| 100| 32|  30| 81|  59|  0|  44|  1|    59 |     0|       100 |          7|  70|   0|
| 144| 44| 100| 70|  59|  0|  44|  0|    59 |     0|        10 |         90| 129|  59|
| 129| 15| 130| 30|  59|  0|  44|  0|    59 |     0|        50 |         40| 152|  23|
|  50| 79|  55| 75|  60|  1|  44|  0|    60 |     1|        62 |         12| 187|  35|
|  70| 20|  65| 10|  60|  0|  44|  0|    60 |     0|        70 |          8| 197|  10|
|  62|  8|  47| 18|  62|  2|  44|  0|    62 |     2|        70 |          0|  74|  77|
|  70|  8| 127| 80|  62|  0|  43|  1|    62 |     0|       129 |         59|  53|  21|
| 197| 73| 179| 52|  62|  0|  43|  0|    62 |     0|       152 |         23|  55|   2|
|  74| 77| 152| 27|  62|  0|  43|  0|    62 |     0|       187 |         35|  77|  22|
| 152| 78|  74| 78|  62|  0|  43|  0|    62 |     0|       197 |         10| 157|  80|
| 187| 35| 196| 78|  63|  1|  43|  0|    63 |     1|        74 |         77| 164|   7|
|  53| 66|  33| 37|  63|  0|  43|  0|    63 |     0|        53 |         21|  51|  87|
| 164| 89|  99| 66|  63|  0|  42|  1|    63 |     0|        55 |          2|  57|   6|
|  55| 91| 120| 21|  63|  0|  42|  0|    63 |     0|        77 |         22|  69|  12|
| 157| 98| 107| 13|  63|  0|  42|  0|    63 |     0|       157 |         80| 118|  49|
|  77| 80| 196| 89|  64|  1|  42|  0|    64 |     1|       164 |          7| 148|  30|
|  51| 26|   7| 11|  64|  0|  42|  0|    64 |     0|        51 |         87| 156|   8|
| 148| 97|  10|  3|  64|  0|  42|  0|    64 |     0|        57 |          6| 147|   9|
| 118| 30|  59| 49|  64|  0|  42|  0|    64 |     0|        69 |         12| 121|  26|
| 156| 38| 175| 84|  64|  0|  42|  0|    64 |     0|       118 |         49|  83|  38|
|  57| 99| 199| 24|  65|  1|  41|  1|    65 |     1|       148 |         30|  77|   6|
|  69| 12| 161| 38|  65|  0|  41|  0|    65 |     0|       156 |          8| 185|  92|
| 147| 78| 141| 20|  65|  0|  41|  0|    65 |     0|       147 |          9| 185|   0|
| 185| 38|  54| 87|  65|  0|  41|  0|    65 |     0|       121 |         26| 133|  52|
|  83| 98|  71| 17|  65|  0|  41|  0|    65 |     0|        83 |         38|  24|  91|
| 121| 38| 194| 77|  65|  0|  41|  0|    65 |     0|        77 |          6|  10|  14|
|  77| 44| 136| 58|  65|  0|  41|  0|    65 |     0|       185 |         92|   9|   1|
|   9| 68|  33| 97|  65|  0|  40|  1|    65 |     0|       185 |          0|  19|  10|
| 185| 24|   4| 29|  66|  1|  40|  0|    66 |     1|       133 |         52|  34|  15|
| 133| 52|  28| 24|  66|  0|  40|  0|    66 |     0|        24 |         91|  44|  10|
|  10| 77|  78| 50|  66|  0|  40|  0|    66 |     0|        10 |         14| 113|  69|
|  24| 14| 127| 49|  66|  0|  40|  0|    66 |     0|         9 |          1| 159|  46|
|  34| 10|  64| 63|  66|  0|  39|  1|    66 |     0|        19 |         10|  95|  64|
| 113| 79| 151| 87|  66|  0|  39|  0|    66 |     0|        34 |         15|  86|   9|
|  44| 69|  45| 94|  66|  0|  39|  0|    66 |     0|        44 |         10|  53|  33|
|  19| 25|  40|  5|  66|  0|  39|  0|    66 |     0|       113 |         69|  41|  12|
| 159| 60|  81| 41|  66|  0|  39|  0|    66 |     0|       159 |         46|  27|  14|
|  53| 94|  54| 27|  67|  1|  38|  1|    67 |     1|        95 |         64|  44|  17|
|  86| 33| 136| 82|  67|  0|  38|  0|    67 |     0|        86 |          9| 109|  65|
|  95|  9|  54| 82|  67|  0|  38|  0|    67 |     0|        53 |         33| 115|   6|
|  41| 54| 135| 81|  67|  0|  38|  0|    67 |     0|        41 |         12| 127|  12|
|  27| 14| 113| 22|  68|  1|  37|  1|    68 |     1|        27 |         14| 173|  46|
| 173| 54| 170| 57|  68|  0|  37|  0|    68 |     0|        44 |         17| 146|  27|
|  44| 71|  57| 87|  68|  0|  37|  0|    68 |     0|       109 |         65| 139|   7|
| 115| 71| 104| 47|  68|  0|  37|  0|    68 |     0|       115 |          6| 122|  17|
| 109|  6| 179| 75|  68|  0|  37|  0|    68 |     0|       127 |         12|  49|  73|
| 127| 18|  15| 36|  69|  1|  37|  0|    69 |     1|       173 |         46|   1|  48|
| 122|  5| 175| 40|  69|  0|  37|  0|    69 |     0|       146 |         27|  18|  17|
| 146| 24|  19| 44|  69|  0|  37|  0|    69 |     0|       139 |          7|  24|   6|
| 139|  7|  68| 49|  69|  0|  36|  1|    69 |     0|       122 |         17|  38|  14|
|  49| 90|  55| 13|  69|  0|  36|  0|    69 |     0|        49 |         73| 185|  53|
|   1| 48|   3| 52|  70|  1|  36|  0|    70 |     1|         1 |         48| 186|   1|
|  18| 17| 118| 85|  70|  0|  35|  1|    70 |     0|        18 |         17| 145|  41|
|  38| 20| 127|  9|  70|  0|  35|  0|    70 |     0|        24 |          6| 133|  12|
| 186| 52|  81| 46|  70|  0|  35|  0|    70 |     0|        38 |         14| 133|   0|
|  24| 38| 101| 20|  70|  0|  35|  0|    70 |     0|       185 |         53| 130|   3|
| 185| 39| 160| 59|  70|  0|  34|  1|    70 |     0|       186 |          1| 187|  57|
| 133| 52|  32| 72|  70|  0|  34|  0|    70 |     0|       145 |         41|  98|  89|
| 187| 54|  47| 15|  71|  1|  34|  0|    71 |     1|       133 |         12|  93|   5|
| 133| 54|  69| 22|  71|  0|  34|  0|    71 |     0|       133 |          0|  89|   4|
| 130|  3|  55| 14|  71|  0|  34|  0|    71 |     0|       130 |          3|  63|  26|
| 145| 15|  41| 14|  71|  0|  33|  1|    71 |     0|       187 |         57|  26|  37|
|  89| 56|  79| 38|  72|  1|  33|  0|    72 |     1|        98 |         89|  70|  44|
|  63| 26| 128| 49|  72|  0|  33|  0|    72 |     0|        93 |          5|  70|   0|
|  93| 30|  45| 83|  72|  0|  33|  0|    72 |     0|        89 |          4| 100|  30|
|  98|  5|  12| 33|  72|  0|  33|  0|    72 |     0|        63 |         26| 153|  53|
|  26| 72| 180| 32|  72|  0|  33|  0|    72 |     0|        26 |         37| 193|  40|
| 193| 33| 133| 47|  72|  0|  32|  1|    72 |     0|        70 |         44| 199|   6|
|  70| 77| 169| 36|  73|  1|  32|  0|    73 |     1|        70 |          0| 172|  27|
|  70|  0|  66| 97|  73|  0|  32|  0|    73 |     0|       100 |         30|  46|  74|
| 100| 30|  64|  2|  73|  0|  32|  0|    73 |     0|       153 |         53|  43|   3|
| 153| 53|  54| 10|  73|  0|  32|  0|    73 |     0|       193 |         40|   8|  35|
| 199| 46|  62|  8|  74|  1|  31|  1|    74 |     1|       199 |          6|  30|  22|
|  43| 44| 116| 54|  74|  0|  30|  1|    74 |     0|       172 |         27|  31|   1|
|  46|  3|  32| 84|  74|  0|  30|  0|    74 |     0|        46 |         74|  65|  34|
| 172| 74| 185| 47|  74|  0|  30|  0|    74 |     0|        43 |          3| 131|  66|
|   8| 36| 126| 59|  74|  0|  30|  0|    74 |     0|         8 |         35| 137|   6|
|  31| 23| 151| 25|  75|  1|  29|  1|    75 |     1|        30 |         22| 121|  16|
| 131|100|  91| 60|  75|  0|  29|  0|    75 |     0|        31 |          1|  46|  75|
| 137|  6| 151| 60|  75|  0|  28|  1|    75 |     0|        65 |         34|  41|   5|
|  30| 93| 183| 32|  75|  0|  28|  0|    75 |     0|       131 |         66| 164|  77|
|  65| 35| 192|  9|  75|  0|  28|  0|    75 |     0|       137 |          6| 187|  23|
|  46| 19| 124| 68|  75|  0|  27|  1|    75 |     0|       121 |         16| 150|  37|
| 164| 82|  27| 97|  75|  0|  27|  0|    75 |     0|        46 |         75| 123|  27|
|  41| 77| 125| 98|  76|  1|  27|  0|    76 |     1|        41 |          5|  72|  51|
| 121| 80|  80| 45|  77|  1|  27|  0|    77 |     1|       164 |         77|  48|  24|
| 187| 66|  37| 43|  77|  0|  27|  0|    77 |     0|       187 |         23|  39|   9|
|  39| 52|  53| 16|  77|  0|  27|  0|    77 |     0|       150 |         37|  54|  15|
| 150| 89| 189| 64|  77|  0|  27|  0|    77 |     0|       123 |         27|  67|  13|
|  48| 98| 180|  9|  78|  1|  27|  0|    78 |     1|        72 |         51|  74|   7|
| 123| 75| 159| 21|  78|  0|  27|  0|    78 |     0|        48 |         24| 181|  93|
|  72| 51| 189| 30|  78|  0|  27|  0|    78 |     0|        39 |          9|  13|  32|
|  74|  2| 178| 11|  78|  0|  27|  0|    78 |     0|        54 |         15|  51|  38|
|  13| 61| 125| 53|  78|  0|  26|  1|    78 |     0|        67 |         13|  65|  14|
|  54| 41| 179| 54|  78|  0|  26|  0|    78 |     0|        74 |          7|  80|  15|
| 181| 73|  85| 94|  79|  1|  26|  0|    79 |     1|       181 |         93| 106|  26|
|  67| 86| 101| 16|  79|  0|  26|  0|    79 |     0|        13 |         32| 113|   7|
|  51| 16|  63| 38|  79|  0|  26|  0|    79 |     0|        51 |         38| 143|  30|
| 106| 55| 155| 92|  79|  0|  25|  1|    79 |     0|        65 |         14| 154|  11|
|  80| 26| 122| 33|  79|  0|  25|  0|    79 |     0|        80 |         15|  88|  66|
| 113| 33|  81| 41|  79|  0|  25|  0|    79 |     0|       106 |         26|  72|  16|
|  65| 48| 156| 75|  79|  0|  25|  0|    79 |     0|       113 |          7|  25|  47|
| 154| 89|  20| 64|  80|  1|  25|  0|    80 |     1|       143 |         30|  39|  14|
|  88| 66| 103| 83|  80|  0|  25|  0|    80 |     0|       154 |         11|  80|  41|
|  72| 16| 159| 56|  80|  0|  25|  0|    80 |     0|        88 |         66|  99|  19|
|  25| 47| 174| 15|  80|  0|  24|  1|    80 |     0|        72 |         16| 104|   5|
| 143| 82| 156| 18|  80|  0|  24|  0|    80 |     0|        25 |         47| 171|  67|
|  99| 44| 126| 30|  80|  0|  24|  0|    80 |     0|        39 |         14| 135|  36|
| 104|  5|   1| 75|  80|  0|  24|  0|    80 |     0|        80 |         41|  99|  36|
|  80| 24|  22| 21|  80|  0|  24|  0|    80 |     0|        99 |         19|  74|  25|
|  39| 41| 166| 56|  80|  0|  23|  1|    80 |     0|       104 |          5|  23|  51|
| 171| 68|  74| 92|  80|  0|  23|  0|    80 |     0|       171 |         67|   4|  19|
|  23| 52| 141| 67|  81|  1|  23|  0|    81 |     1|       135 |         36|  10|   6|
| 135| 88|  76| 65|  81|  0|  23|  0|    81 |     0|        99 |         36|  45|  35|
|   4| 69| 104| 28|  81|  0|  22|  1|    81 |     0|        74 |         25| 146|  99|
|  74| 70| 184| 80|  81|  0|  22|  0|    81 |     0|        23 |         51| 167|  21|
|  99| 25|  80| 96|  81|  0|  22|  0|    81 |     0|         4 |         19| 182|  15|
| 146| 47| 161| 81|  82|  1|  22|  0|    82 |     1|        10 |          6| 168|  14|
| 167| 21|  22| 61|  82|  0|  21|  1|    82 |     0|        45 |         35| 163|   5|
|  45| 78| 144| 78|  82|  0|  21|  0|    82 |     0|       146 |         99| 119|  44|
|  10| 35| 129| 15|  83|  1|  21|  0|    83 |     1|       167 |         21| 102|  17|
| 182| 28|  62| 67|  83|  0|  21|  0|    83 |     0|       182 |         15|  78|  24|
| 168| 14|  37| 25|  83|  0|  20|  1|    83 |     0|       168 |         14| 111|  33|
| 102| 66| 150| 87|  83|  0|  20|  0|    83 |     0|       163 |          5| 139|  28|
| 119| 17|  53| 97|  83|  0|  20|  0|    83 |     0|       119 |         44| 152|  13|
|  78| 41| 167| 86|  83|  0|  19|  1|    83 |     0|       102 |         17|  72|  80|
| 163| 85|  14| 47|  84|  1|  19|  0|    84 |     1|        78 |         24|   2|  70|
| 139| 24|  92| 78|  84|  0|  19|  0|    84 |     0|       111 |         33|  49|  47|
| 111| 28|  91|  1|  85|  1|  18|  1|    85 |     1|       139 |         28| 111|  62|
| 152| 41|  88|  3|  85|  0|  18|  0|    85 |     0|       152 |         13| 144|  33|
|  72| 80| 170| 82|  85|  0|  18|  0|    85 |     0|        72 |         80| 152|   8|
|   2| 70|  92| 78|  85|  0|  18|  0|    85 |     0|         2 |         70| 188|  36|
| 144| 58| 178| 86|  86|  1|  18|  0|    86 |     1|        49 |         47| 182|   6|
|  49| 95| 128| 50|  86|  0|  18|  0|    86 |     0|       111 |         62|  86|  96|
| 152| 97| 145| 17|  86|  0|  17|  1|    86 |     0|       144 |         33|  72|  14|
| 111| 41|  89| 56|  86|  0|  17|  0|    86 |     0|       152 |          8|  42|  30|
| 188| 77| 180| 91|  86|  0|  15|  2|    86 |     0|       188 |         36| 192|  50|
|  72| 84|  41| 61|  87|  1|  14|  1|    87 |     1|       182 |          6| 171|  21|
|  42| 30| 101| 60|  87|  0|  14|  0|    87 |     0|        86 |         96|  95|  76|
|  86| 44| 152| 51|  87|  0|  14|  0|    87 |     0|        72 |         14|  80|  15|
| 182| 96| 168| 16|  87|  0|  14|  0|    87 |     0|        42 |         30|  75|   5|
| 192| 10| 146| 22|  87|  0|  13|  1|    87 |     0|       192 |         50|  53|  22|
|  80| 88| 150|  4|  88|  1|  13|  0|    88 |     1|       171 |         21|  79|  26|
|  53| 27|  40| 90|  88|  0|  13|  0|    88 |     0|        95 |         76|  85|   6|
|  75| 22| 163| 77|  88|  0|  13|  0|    88 |     0|        80 |         15| 120|  35|
| 171| 96|  65| 98|  88|  0|  13|  0|    88 |     0|        75 |          5| 142|  22|
|  95| 76| 158| 93|  88|  0|  13|  0|    88 |     0|        53 |         22| 188|  46|
|  79| 16|  67| 91|  89|  1|  12|  1|    89 |     1|        79 |         26| 190|   2|
| 142| 63| 138| 71|  89|  0|  12|  0|    89 |     0|        85 |          6| 196|   6|
| 120| 22|  87| 51|  89|  0|  12|  0|    89 |     0|       120 |         35|  75|  79|
| 188| 68| 123| 36|  89|  0|  11|  1|    89 |     0|       142 |         22|  40|  35|
|  85| 97|  95| 28|  89|  0|  11|  0|    89 |     0|       188 |         46|   2|  38|
| 196| 89|  87|  8|  89|  0|  11|  0|    89 |     0|       190 |          2|  46|  44|
|  75| 79| 150| 63|  89|  0|  10|  1|    89 |     0|       196 |          6|  89|  43|
| 190| 85|  52| 98|  89|  0|  10|  0|    89 |     0|        75 |         79| 174|  85|
|   2| 12|  46|  6|  89|  0|  10|  0|    89 |     0|        40 |         35| 176|   2|
|  40| 38| 188| 58|  89|  0|  10|  0|    89 |     0|         2 |         38| 179|   3|
|  89| 49|  63| 75|  90|  1|  10|  0|    90 |     1|        46 |         44| 130|  49|
|  46| 43| 151| 88|  90|  0|  10|  0|    90 |     0|        89 |         43|  57|  73|
| 174| 72| 161| 10|  91|  1|  10|  0|    91 |     1|       174 |         85|  53|   4|
| 176|  2| 198| 37|  91|  0|  10|  0|    91 |     0|       176 |          2|  13|  40|
| 179|  3|  13| 15|  91|  0|  10|  0|    91 |     0|       179 |          3| 189|  24|
|  53| 74| 166| 47|  91|  0|   9|  1|    91 |     0|       130 |         49| 179|  10|
| 130| 77| 115| 51|  92|  1|   9|  0|    92 |     1|        57 |         73| 126|  53|
|  13| 83|  39| 76|  92|  0|   9|  0|    92 |     0|        53 |          4| 103|  23|
| 189| 24| 155| 84|  92|  0|   9|  0|    92 |     0|        13 |         40|  47|  56|
|  57| 68|  40| 85|  92|  0|   8|  1|    92 |     0|       189 |         24|  30|  17|
| 179| 78| 184| 56|  92|  0|   8|  0|    92 |     0|       179 |         10|  75|  45|
|  30| 51|  33| 49|  93|  1|   8|  0|    93 |     1|       126 |         53|  77|   2|
| 103| 73| 166| 67|  93|  0|   8|  0|    93 |     0|       103 |         23|  98|  21|
| 126| 23|  25| 59|  93|  0|   8|  0|    93 |     0|        47 |         56| 105|   7|
|  47| 79|  87| 62|  93|  0|   7|  1|    93 |     0|        30 |         17| 113|   8|
|  77| 30|   6| 81|  94|  1|   7|  0|    94 |     1|        75 |         45|  75|  38|
|  75|  2|   6|  0|  94|  0|   6|  1|    94 |     0|        77 |          2|  49|  26|
|  98| 23| 106|100|  94|  0|   6|  0|    94 |     0|        98 |         21|  45|   4|
| 113| 15| 185| 79|  94|  0|   6|  0|    94 |     0|       105 |          7| 123|  78|
| 105|  8|  22| 37|  95|  1|   6|  0|    95 |     1|       113 |          8| 170|  47|
|  49| 56|  94| 72|  95|  0|   6|  0|    95 |     0|        75 |         38| 144|  26|
| 123| 74|  94|  0|  95|  0|   5|  1|    95 |     0|        49 |         26|  63|  81|
| 170| 47| 177| 83|  95|  0|   5|  0|    95 |     0|        45 |          4|  60|   3|
|  75| 95| 182|  5|  96|  1|   4|  1|    96 |     1|       123 |         78|  33|  27|
|  45| 30|  35| 53|  96|  0|   4|  0|    96 |     0|       170 |         47|  32|   1|
| 144| 99| 147| 88|  96|  0|   4|  0|    96 |     0|       144 |         26|  27|   5|
|  32| 88| 180| 33|  96|  0|   4|  0|    96 |     0|        63 |         81|  45|  18|
|  33|  1| 173|  7|  96|  0|   4|  0|    96 |     0|        60 |          3|  46|   1|
|  60| 27|   1| 28|  97|  1|   3|  1|    97 |     1|        33 |         27| 102|  56|
|  63|  3| 112| 89|  97|  0|   3|  0|    97 |     0|        32 |          1| 114|  12|
|  27| 36| 176| 64|  97|  0|   3|  0|    97 |     0|        27 |          5| 135|  21|
|  45| 18|  82| 94|  97|  0|   2|  1|    97 |     0|        45 |         18| 189|  54|
| 102| 57|  44| 38|  98|  1|   2|  0|    98 |     1|        46 |          1|  54|  65|
|  46| 56| 122| 78|  98|  0|   2|  0|    98 |     0|       102 |         56|  46|   8|
| 114| 68|  83| 39|  99|  1|   2|  0|    99 |     1|       114 |         12|  37|   9|
| 189| 75|  13| 70|  99|  0|   2|  0|    99 |     0|       135 |         21|  37|   0|
|  37| 48| 112| 99|  99|  0|   1|  1|    99 |     0|       189 |         54|  97|  60|
|  54| 17| 164| 52|  99|  0|   1|  0|    99 |     0|        54 |         65| 145|  48|
| 135| 81| 150| 14|  99|  0|   1|  0|    99 |     0|        46 |          8| 149|   4|
--------------------------------------------------------------------------------------
|  254 ns|  183 ns|   56 ns|   85 ns|         73 ns|                  96 ns|    87 ns|
--------------------------------------------------------------------------------------
|   51 ns|   51 ns|    0 ns|    0 ns|          0 ns|                  31 ns|    31 ns|
--------------------------------------------------------------------------------------
|  FIFO  |  LIFO  |  SSTF  |  SCAN  |    C-SCAN    |      N-STEP-SCAN      |  FSCAN  |
--------------------------------------------------------------------------------------
