
The table is organized as such:
| Policy Name |
| Starting Track |
| Next track | Tracks Moved |
| ... |
| Average Seek Length |
| Average Seek Time |
--------------------------------------------------------------------------------------
|  FIFO  |  LIFO  |  SSTF  |  SCAN  |    C-SCAN    |      N-STEP-SCAN      |  FSCAN  |
--------------------------------------------------------------------------------------
|   100  |   100  |   100  |   100  |       100    |              100      |    100  |
--------------------------------------------------------------------------------------
|  18| 82| 189| 89| 100|  0| 100|  0|   100 |     0|        67 |         33|  67|  33|
| 199| 19| 153| 36| 100|  0| 100|  0|   100 |     0|        18 |         49|  18|  49|
| 141| 58|  89| 64| 100|  0| 100|  0|   100 |     0|       116 |         98| 116|  98|
| 116| 25| 153| 64| 100|  0| 100|  0|   100 |     0|       141 |         25| 141|  25|
|  67| 49| 180| 27|  99|  1|  99|  1|    99 |     1|       199 |         58| 199|  58|
|  40| 27|  32| 52|  99|  0|  99|  0|    99 |     0|       152 |         47| 180|  19|
|  75| 35|  57| 25|  99|  0|  99|  0|    99 |     0|        78 |         74| 151|  29|
| 152| 77|  83| 26|  99|  0|  99|  0|    99 |     0|        75 |          3| 116|  35|
|  78| 74|   2| 81|  99|  0|  99|  0|    99 |     0|        43 |         32| 110|   6|
|  43| 35|  23| 21|  99|  0|  99|  0|    99 |     0|        40 |          3|  24|  86|
|  24| 19|  54| 31|  99|  0|  99|  0|    99 |     0|        24 |         16|  30|   6|
| 110| 86| 153| 99|  99|  0|  99|  0|    99 |     0|       110 |         86|  50|  20|
| 116|  6|  25| 72|  99|  0|  99|  0|    99 |     0|       116 |          6|  79|  29|
| 151| 35|  68| 43|  99|  0|  99|  0|    99 |     0|       151 |         35|  84|   5|
| 180| 29|  20| 48|  98|  1|  98|  1|    98 |     1|       180 |         29| 150|  66|
|  30| 50|  70| 50|  98|  0|  98|  0|    98 |     0|       150 |         30| 121|  29|
| 150| 80| 149| 79|  98|  0|  98|  0|    98 |     0|        84 |         66|  20|  99|
|  50|100|  38| 89|  98|  0|  98|  0|    98 |     0|        79 |          5|  11|   9|
|  79| 29|  58| 20|  98|  0|  98|  0|    98 |     0|        50 |         29|   7|   4|
|  84|  5| 170| 88|  98|  0|  98|  0|    98 |     0|        30 |         20|   1|   6|
| 121| 37| 120| 50|  98|  0|  98|  0|    98 |     0|       121 |         91|  63|  62|
|   7| 86|  70| 50|  97|  1|  97|  1|    97 |     1|        20 |         99| 106|  43|
|  11|  4| 103| 33|  97|  0|  97|  0|    97 |     0|        11 |          9| 158|  52|
|  20|  9|  54| 49|  97|  0|  97|  0|    97 |     0|         7 |          4| 175|  17|
|   1| 19| 111| 57|  97|  0|  97|  0|    97 |     0|         1 |          6| 200|  25|
| 175| 26| 145| 34|  97|  0|  97|  0|    97 |     0|        63 |         62| 188|  12|
| 200| 25|  88| 57|  97|  0|  97|  0|    97 |     0|       106 |         43| 136|  52|
| 158| 42| 131| 43|  96|  1|  96|  1|    96 |     1|       158 |         52| 131|   5|
| 106| 52|  19| 88|  96|  0|  96|  0|    96 |     0|       175 |         17| 125|   6|
|  63| 43| 186| 33|  96|  0|  96|  0|    96 |     0|       200 |         25|  72|  53|
| 136| 73| 139| 47|  96|  0|  96|  0|    96 |     0|       188 |         12|  74|   2|
| 188| 52| 188| 49|  96|  0|  96|  0|    96 |     0|       136 |         52| 119|  45|
| 125| 63|  67| 79|  95|  1|  95|  1|    95 |     1|       131 |          5| 142|  23|
| 131|  6|   2| 65|  95|  0|  95|  0|    95 |     0|       125 |          6| 147|   5|
|  72| 59| 102|100|  95|  0|  95|  0|    95 |     0|        72 |         53| 181|  34|
| 119| 47| 165| 63|  95|  0|  95|  0|    95 |     0|        74 |          2|  92|  89|
|  74| 45|  45| 80|  95|  0|  95|  0|    95 |     0|       119 |         45|  87|   5|
| 147| 73|  21| 24|  95|  0|  95|  0|    95 |     0|       142 |         23|  86|   1|
| 142|  5| 122| 99|  95|  0|  95|  0|    95 |     0|       147 |          5|  86|   0|
| 181| 39|  28| 94|  95|  0|  95|  0|    95 |     0|       181 |         34|   7|  79|
|  87| 94| 170| 58|  94|  1|  94|  1|    94 |     1|        92 |         89|  74|  67|
|  92|  5| 105| 65|  94|  0|  94|  0|    94 |     0|        87 |          5| 112|  38|
|   7| 85|  34| 71|  93|  1|  93|  1|    93 |     1|        86 |          1| 129|  17|
|  86| 79| 167| 67|  93|  0|  93|  0|    93 |     0|        86 |          0| 141|  12|
|  86|  0|  82| 85|  93|  0|  93|  0|    93 |     0|         7 |         79| 185|  44|
| 112| 26| 156| 74|  92|  1|  92|  1|    92 |     1|        74 |         67| 110|  75|
|  74| 38| 136| 20|  92|  0|  92|  0|    92 |     0|       112 |         38|  59|  51|
| 185| 89| 159| 23|  92|  0|  92|  0|    92 |     0|       129 |         17|  50|   9|
| 141| 44| 143| 16|  92|  0|  92|  0|    92 |     0|       141 |         12|  47|   3|
| 129| 12| 105| 38|  92|  0|  92|  0|    92 |     0|       185 |         44|  28|  19|
|  50| 79| 129| 24|  92|  0|  92|  0|    92 |     0|       110 |         75|  36|   8|
|  28| 22| 166| 37|  91|  1|  91|  1|    91 |     1|        59 |         51|  48|  12|
| 110| 82| 136| 30|  91|  0|  91|  0|    91 |     0|        50 |          9|  58|  10|
|  47| 63|  71| 65|  91|  0|  91|  0|    91 |     0|        47 |          3|  68|  10|
|  59| 12|  72|  1|  91|  0|  91|  0|    91 |     0|        28 |         19| 200|  68|
|  48| 11| 101| 29|  90|  1|  90|  1|    90 |     1|        36 |          8| 189|  11|
|  68| 20|  63| 38|  90|  0|  90|  0|    90 |     0|        48 |         12| 122|  67|
|  36| 32| 146| 83|  90|  0|  90|  0|    90 |     0|        58 |         10|  51|  71|
| 200| 36| 104| 42|  90|  0|  90|  0|    90 |     0|        68 |         10|   9|  42|
|  58| 58| 150| 46|  90|  0|  90|  0|    90 |     0|       200 |         68|   9|   0|
|   9| 49|  97| 53|  90|  0|  90|  0|    90 |     0|       189 |         11|  17|   8|
|   9|  0| 114| 17|  90|  0|  90|  0|    90 |     0|       122 |         67|  71|  54|
|  51| 42| 143| 29|  89|  1|  89|  1|    89 |     1|        51 |         71| 102|  31|
| 189| 62| 172| 29|  89|  0|  89|  0|    89 |     0|         9 |         42| 102|   0|
| 122| 67| 156| 16|  89|  0|  89|  0|    89 |     0|         9 |          0| 196|  94|
| 196| 74| 175| 19|  89|  0|  89|  0|    89 |     0|        17 |          8| 192|   4|
| 102| 94| 152| 23|  89|  0|  89|  0|    89 |     0|        71 |         54| 188|   4|
| 102|  0| 151|  1|  89|  0|  89|  0|    89 |     0|       102 |         31|  89|  99|
|  17| 85| 121| 30|  89|  0|  89|  0|    89 |     0|       102 |          0|  14|  75|
|  71| 54| 131| 10|  89|  0|  89|  0|    89 |     0|       196 |         94|   8|   6|
|  14| 57| 187| 56|  89|  0|  89|  0|    89 |     0|       192 |          4|  11|   3|
|   8|  6| 193|  6|  88|  1|  88|  1|    88 |     1|       188 |          4|  44|  33|
| 192| 16|   1|  8|  88|  0|  88|  0|    88 |     0|        89 |         99|  60|  16|
|  89| 97| 184| 17|  88|  0|  88|  0|    88 |     0|        14 |         75|  65|   5|
| 188| 99| 117| 67|  88|  0|  88|  0|    88 |     0|         8 |          6|  85|  20|
|  44| 56|  76| 41|  87|  1|  87|  1|    87 |     1|        11 |          3| 142|  57|
|  60| 16| 189| 87|  87|  0|  87|  0|    87 |     0|        44 |         33| 176|  34|
|  85| 25| 198|  9|  87|  0|  87|  0|    87 |     0|        60 |         16| 181|   5|
|  11| 74|  63| 65|  87|  0|  87|  0|    87 |     0|        65 |          5|  62|  81|
|  65| 54|  48| 15|  87|  0|  87|  0|    87 |     0|        85 |         20|  57|   5|
| 176| 89|  15| 33|  87|  0|  87|  0|    87 |     0|       142 |         57|  15|  42|
|  62| 86| 183| 32|  87|  0|  87|  0|    87 |     0|       176 |         34|  13|   2|
|  57|  5|  99| 84|  87|  0|  87|  0|    87 |     0|       181 |          5| 128|  85|
| 142| 85|  90|  9|  87|  0|  87|  0|    87 |     0|        62 |         81| 158|  30|
| 181| 39| 199| 91|  87|  0|  87|  0|    87 |     0|        57 |          5| 172|  14|
|  13| 32| 165| 34|  86|  1|  86|  1|    86 |     1|        15 |         42| 129|  43|
| 158| 55|  32| 67|  86|  0|  86|  0|    86 |     0|        13 |          2|  74|  55|
|  15| 57| 156| 76|  86|  0|  86|  0|    86 |     0|       128 |         85|  71|   3|
| 172| 43| 184| 28|  85|  1|  85|  1|    85 |     1|       158 |         30|  63|   8|
| 128| 44|  93| 91|  85|  0|  85|  0|    85 |     0|       172 |         14|  40|  23|
| 129|  1|  81| 12|  85|  0|  85|  0|    85 |     0|       129 |         43|  44|   4|
|  63| 66|  87|  6|  85|  0|  85|  0|    85 |     0|        74 |         55|  51|   7|
|  40| 23| 129| 42|  84|  1|  84|  1|    84 |     1|        71 |          3| 142|  91|
|  74| 34|  66| 63|  84|  0|  84|  0|    84 |     0|        63 |          8| 182|  40|
|  71|  3|  59|  7|  84|  0|  84|  0|    84 |     0|        40 |         23| 185|   3|
| 185| 86|  43| 16|  84|  0|  84|  0|    84 |     0|        44 |          4| 152|  33|
| 142| 43|  19| 24|  83|  1|  83|  1|    83 |     1|        51 |          7|  78|  74|
| 182| 40|  78| 59|  83|  0|  83|  0|    83 |     0|       142 |         91|  75|   3|
|  44| 62| 144| 66|  83|  0|  83|  0|    83 |     0|       182 |         40|  43|  32|
|  51|  7| 139|  5|  83|  0|  83|  0|    83 |     0|       185 |          3|  40|   3|
|  95| 44|   7| 68|  83|  0|  83|  0|    83 |     0|        97 |         88|  70|  30|
|  35| 60|  37| 30|  82|  1|  82|  1|    82 |     1|        95 |          2|  95|  25|
| 194| 41|  27| 10|  82|  0|  82|  0|    82 |     0|        70 |         25|  97|   2|
|  97| 97|  38| 11|  82|  0|  82|  0|    82 |     0|        35 |         35| 194|  97|
|  70| 27|  95| 57|  82|  0|  82|  0|    82 |     0|       194 |         41|  35|  41|
|  17| 53| 138| 43|  81|  1|  81|  1|    81 |     1|       159 |         35|  17|  18|
|  77| 60| 117| 21|  81|  0|  81|  0|    81 |     0|        86 |         73|  77|  60|
|  78|  1|  75| 42|  81|  0|  81|  0|    81 |     0|        78 |          8|  78|   1|
|  86|  8|  58| 17|  81|  0|  81|  0|    81 |     0|        77 |          1|  86|   8|
| 159| 73|   4| 54|  81|  0|  81|  0|    81 |     0|        17 |         60| 159|  73|
| 186| 27|  54| 50|  81|  0|  81|  0|    81 |     0|        61 |         44| 188|  29|
| 194|  8| 130| 76|  81|  0|  81|  0|    81 |     0|       165 |         96| 191|   3|
| 165| 29|  39| 91|  81|  0|  81|  0|    81 |     0|       168 |          3|  99|  92|
| 168|  3| 152| 87|  80|  1|  80|  1|    80 |     1|       186 |         18|  32|  67|
|  61| 93|  97| 55|  79|  1|  79|  1|    79 |     1|       194 |          8|  27|   5|
| 188| 73|  28| 69|  78|  1|  78|  1|    78 |     1|       191 |          3|  48|  21|
|  99| 89|  38| 10|  78|  0|  78|  0|    78 |     0|       188 |          3|  96|  48|
| 191| 92| 185| 53|  78|  0|  78|  0|    78 |     0|        99 |         89| 112|  16|
|  27| 36|  19| 34|  78|  0|  78|  0|    78 |     0|        32 |         67| 125|  13|
|  32|  5| 155| 64|  78|  0|  78|  0|    78 |     0|        27 |          5| 199|  74|
| 112| 80|  82| 73|  77|  1|  77|  1|    77 |     1|        48 |         21| 199|   0|
|  48| 64| 165| 83|  77|  0|  77|  0|    77 |     0|        96 |         48| 109|  90|
|  96| 48|  48| 83|  77|  0|  77|  0|    77 |     0|       112 |         16|  99|  10|
| 125| 29|  71| 23|  77|  0|  77|  0|    77 |     0|       125 |         13|  89|  10|
| 199| 74| 180| 91|  77|  0|  77|  0|    77 |     0|       199 |         74|  53|  36|
|  89| 90| 135| 45|  77|  0|  77|  0|    77 |     0|       199 |          0| 143|  90|
| 109| 20|  57| 78|  77|  0|  77|  0|    77 |     0|       109 |         90| 170|  27|
|  99| 10|  43| 14|  76|  1|  76|  1|    76 |     1|        99 |         10| 171|   1|
| 199|100| 148| 95|  76|  0|  76|  0|    76 |     0|        89 |         10| 177|   6|
|  53| 54|  45| 97|  76|  0|  76|  0|    76 |     0|        53 |         36|  31|  54|
| 177| 76| 198| 47|  76|  0|  76|  0|    76 |     0|       143 |         90| 158|  73|
|  31| 54| 188| 10|  75|  1|  75|  1|    75 |     1|       170 |         27| 162|   4|
| 170| 61|  29| 41|  75|  0|  75|  0|    75 |     0|       171 |          1| 188|  26|
| 171|  1| 191| 38|  75|  0|  75|  0|    75 |     0|       177 |          6|  30|  42|
| 143| 28|  70| 79|  75|  0|  75|  0|    75 |     0|        31 |         54|  12|  18|
| 188| 45|  36| 34|  75|  0|  75|  0|    75 |     0|       158 |         73|   6|   6|
|  30| 42| 176| 60|  75|  0|  75|  0|    75 |     0|       162 |          4|  83|  77|
| 162| 68|  77| 99|  75|  0|  75|  0|    75 |     0|       188 |         26| 159|  76|
| 158|  4|  95| 18|  74|  1|  74|  1|    74 |     1|        30 |         42| 168|   9|
|  12| 54| 179| 84|  74|  0|  74|  0|    74 |     0|        12 |         18| 183|  15|
|   6|  6| 112| 67|  74|  0|  74|  0|    74 |     0|         6 |          6| 148|  35|
| 159| 47| 135| 23|  74|  0|  74|  0|    74 |     0|        83 |         77|  93|  55|
| 183| 24| 182| 47|  73|  1|  73|  1|    73 |     1|       159 |         76|  56|  37|
|  83|100|  92| 90|  73|  0|  73|  0|    73 |     0|       168 |          9|   7|  49|
| 168| 85| 111| 19|  73|  0|  73|  0|    73 |     0|       183 |         15|   5|   2|
|   5| 37|  28| 83|  72|  1|  72|  1|    72 |     1|       148 |         35|  85|  80|
|  93| 88| 183| 45|  72|  0|  72|  0|    72 |     0|        93 |         55| 126|  41|
| 148| 55| 149| 34|  72|  0|  72|  0|    72 |     0|        56 |         37| 143|  17|
|  56| 92|  38| 89|  72|  0|  72|  0|    72 |     0|         7 |         49| 172|  29|
|   7| 49|  99| 61|  71|  1|  71|  1|    71 |     1|         5 |          2| 184|  12|
| 126| 81|  70| 29|  71|  0|  71|  0|    71 |     0|        85 |         80| 169|  15|
| 143| 17|   4| 66|  71|  0|  71|  0|    71 |     0|       126 |         41| 148|  21|
| 172| 29| 185| 19|  71|  0|  71|  0|    71 |     0|       143 |         17|  87|  61|
| 184| 12|   4| 19|  71|  0|  71|  0|    71 |     0|       172 |         29|  65|  22|
|  85| 99|  96| 92|  71|  0|  71|  0|    71 |     0|       184 |         12|  31|  34|
|  87|  2|  90|  6|  71|  0|  71|  0|    71 |     0|       169 |         15|  39|   8|
|  31| 56|   6| 84|  71|  0|  71|  0|    71 |     0|       148 |         21|  67|  28|
| 169| 62| 125| 81|  71|  0|  71|  0|    71 |     0|        87 |         61| 112|  45|
| 148| 21|  77| 48|  71|  0|  71|  0|    71 |     0|        65 |         22| 155|  43|
|  65| 83|   2| 75|  71|  0|  71|  0|    71 |     0|        31 |         34| 187|  32|
| 187| 78| 145| 57|  70|  1|  70|  1|    70 |     1|        39 |          8| 164|  23|
| 155| 32|  35| 90|  70|  0|  70|  0|    70 |     0|        67 |         28| 103|  61|
|  39| 84|  81| 46|  70|  0|  70|  0|    70 |     0|       112 |         45|  96|   7|
| 112| 73| 148| 67|  70|  0|  70|  0|    70 |     0|       155 |         43|  81|  15|
|  67| 45|  56| 92|  70|  0|  70|  0|    70 |     0|       187 |         32|  48|  33|
|  81| 14|  44| 12|  70|  0|  70|  0|    70 |     0|       164 |         23|  98|  50|
|  96| 15|  64| 20|  70|  0|  70|  0|    70 |     0|       103 |         61| 129|  31|
|  48| 48| 143| 79|  69|  1|  69|  1|    69 |     1|        96 |          7| 149|  20|
| 164| 84| 104| 39|  69|  0|  69|  0|    69 |     0|        81 |         15| 152|   3|
| 103| 61|  76| 28|  68|  1|  68|  1|    68 |     1|        48 |         33|   3|  51|
| 152| 49|  97| 21|  68|  0|  68|  0|    68 |     0|        98 |         50| 135|  68|
| 129| 23|  14| 83|  68|  0|  68|  0|    68 |     0|       129 |         31| 150|  15|
| 149| 20|  96| 82|  68|  0|  68|  0|    68 |     0|       149 |         20| 175|  25|
|   3| 54|  70| 26|  68|  0|  68|  0|    68 |     0|       152 |          3| 175|   0|
|  98| 95|  81| 11|  67|  1|  67|  1|    67 |     1|         3 |         51| 193|  18|
| 193| 95| 119| 38|  67|  0|  67|  0|    67 |     0|       135 |         68| 151|  42|
| 175| 18|  61| 58|  67|  0|  67|  0|    67 |     0|       150 |         15|  80|  71|
| 150| 25|  71| 10|  67|  0|  67|  0|    67 |     0|       175 |         25|  62|  18|
| 135| 15|  77|  6|  67|  0|  67|  0|    67 |     0|       175 |          0|  27|  35|
| 175| 40|  63| 14|  67|  0|  67|  0|    67 |     0|       193 |         18|   5|  22|
|  27| 52| 158| 95|  66|  1|  66|  1|    66 |     1|       151 |         42|  37|  32|
| 151| 76| 139| 19|  66|  0|  66|  0|    66 |     0|        80 |         71| 149|  88|
|   5| 54|  87| 52|  66|  0|  66|  0|    66 |     0|        62 |         18| 153|   4|
|  80| 75| 200| 87|  66|  0|  66|  0|    66 |     0|        27 |         35| 165|  12|
|  62| 18| 181| 19|  65|  1|  65|  1|    65 |     1|         5 |         22| 178|  13|
| 178| 84| 168| 13|  65|  0|  65|  0|    65 |     0|        37 |         32| 120|  58|
|  37| 59| 146| 22|  65|  0|  65|  0|    65 |     0|       149 |         88| 105|  15|
| 165| 72|  61| 85|  65|  0|  65|  0|    65 |     0|       153 |          4|  91|  14|
| 153| 12| 159| 98|  64|  1|  64|  1|    64 |     1|       165 |         12|   6|  85|
| 149|  4| 193| 34|  64|  0|  64|  0|    64 |     0|       178 |         13| 184|  22|
| 105| 44| 116| 77|  64|  0|  64|  0|    64 |     0|       120 |         58| 149|  35|
|  91| 14|  95| 21|  64|  0|  64|  0|    64 |     0|       105 |         15|  91|  58|
| 120| 29| 104|  9|  63|  1|  63|  1|    63 |     1|        91 |         14|  58|  33|
| 184| 64|  61| 43|  63|  0|  63|  0|    63 |     0|         6 |         85|  16|  42|
|   6| 22| 120| 59|  63|  0|  63|  0|    63 |     0|       184 |         22|   6|  10|
| 149| 57| 148| 28|  63|  0|  63|  0|    63 |     0|       149 |         35|  61|  55|
|  16| 67| 158| 10|  63|  0|  63|  0|    63 |     0|        91 |         58| 165|  96|
|  58| 42| 120| 38|  63|  0|  63|  0|    63 |     0|        58 |         33| 168|   3|
|  91| 33| 150| 30|  63|  0|  63|  0|    63 |     0|        16 |         42| 186|  18|
|   6| 85| 139| 11|  62|  1|  62|  1|    62 |     1|         6 |         10| 194|   8|
| 141| 65|  83| 56|  62|  0|  62|  0|    62 |     0|        16 |         10| 144|  50|
| 144|  3|  21| 62|  62|  0|  62|  0|    62 |     0|        47 |         31| 141|   3|
|  16| 72|  97| 76|  62|  0|  62|  0|    62 |     0|        63 |         16|  63|  78|
|  63| 47| 118| 21|  62|  0|  62|  0|    62 |     0|       141 |         78|  47|  16|
|  47| 16| 179| 61|  62|  0|  62|  0|    62 |     0|       144 |          3|  16|  31|
| 200| 47| 124| 55|  61|  1|  61|  1|    61 |     1|       200 |         56|  17|   1|
| 127| 73| 175| 51|  61|  0|  61|  0|    61 |     0|       127 |         73|  43|  26|
|  43| 84| 156| 19|  61|  0|  61|  0|    61 |     0|        53 |         74|  53|  10|
|  17| 26|  78| 78|  61|  0|  61|  0|    61 |     0|        43 |         10| 127|  74|
|  53| 36|  28| 50|  61|  0|  61|  0|    61 |     0|        17 |         26| 200|  73|
| 198| 55| 174| 54|  61|  0|  61|  0|    61 |     0|        57 |         40| 171|  29|
| 177| 21| 146| 28|  60|  1|  60|  1|    60 |     1|       145 |         88| 159|  12|
| 182|  5|  36| 90|  60|  0|  60|  0|    60 |     0|       177 |         32| 153|   6|
| 145| 37|  13| 23|  60|  0|  60|  0|    60 |     0|       182 |          5| 151|   2|
|  57| 88|  21|  8|  60|  0|  60|  0|    60 |     0|       198 |         16|  53|  98|
| 171| 86|  89| 68|  60|  0|  60|  0|    60 |     0|       171 |         27|  57|   4|
| 159| 12| 139| 50|  59|  1|  59|  1|    59 |     1|       159 |         12| 145|  88|
| 151|  8| 107| 32|  59|  0|  59|  0|    59 |     0|       153 |          6| 177|  32|
| 153|  2|  41| 66|  59|  0|  59|  0|    59 |     0|       151 |          2| 182|   5|
|  53|100| 145| 96|  59|  0|  59|  0|    59 |     0|        53 |         98| 198|  16|
|  16| 37|  70| 75|  59|  0|  59|  0|    59 |     0|        43 |         10| 179|  19|
|  58| 42| 186| 84|  58|  1|  58|  1|    58 |     1|        16 |         27| 159|  20|
|  43| 15|  89| 97|  58|  0|  58|  0|    58 |     0|        58 |         42| 121|  38|
| 191| 52|  36| 53|  58|  0|  58|  0|    58 |     0|       178 |         80| 106|  15|
| 178| 13|  40|  4|  58|  0|  58|  0|    58 |     0|       191 |         13| 100|   6|
| 106| 72|   6| 34|  58|  0|  58|  0|    58 |     0|       179 |         12|  58|  42|
| 121| 15| 180| 26|  58|  0|  58|  0|    58 |     0|       159 |         20|  43|  15|
| 100| 21| 200| 20|  58|  0|  58|  0|    58 |     0|       121 |         38|  16|  27|
| 179| 79|  81| 81|  58|  0|  58|  0|    58 |     0|       106 |         15| 178|  38|
| 159| 20|  61| 20|  58|  0|  58|  0|    58 |     0|       100 |          6| 191|  13|
| 102| 57| 151| 90|  57|  1|  57|  1|    57 |     1|       102 |          2| 182|   9|
| 121| 19| 185| 34|  57|  0|  57|  0|    57 |     0|       121 |         19| 121|  61|
|  45| 76| 100| 85|  57|  0|  57|  0|    57 |     0|       182 |         61| 102|  19|
|  71| 26|  96|  4|  57|  0|  57|  0|    57 |     0|        71 |         89|  71|  31|
| 182| 89| 102|  6|  57|  0|  57|  0|    57 |     0|        45 |         26|  45|  26|
| 134| 48|  41| 61|  57|  0|  57|  0|    57 |     0|        84 |         39|  84|  39|
| 104| 30| 119| 78|  57|  0|  57|  0|    57 |     0|       104 |         20| 104|  20|
| 122| 18|   1| 82|  56|  1|  56|  1|    56 |     1|       122 |         18| 122|  18|
|  84| 38|  85| 84|  56|  0|  56|  0|    56 |     0|       134 |         12| 134|  12|
| 157| 73| 110| 25|  55|  1|  55|  1|    55 |     1|       157 |         23| 157|  23|
|  46| 89|  98| 12|  55|  0|  55|  0|    55 |     0|       154 |          3| 154|   3|
| 154| 92|  84| 14|  55|  0|  55|  0|    55 |     0|       119 |         35| 119|  35|
| 119| 35| 142| 58|  54|  1|  54|  1|    54 |     1|        46 |         73|  46|  73|
|  17| 98| 195| 53|  54|  0|  54|  0|    54 |     0|        17 |         29|  17|  29|
|   2| 15|  22| 27|  54|  0|  54|  0|    54 |     0|         2 |         15|   2|  15|
| 140| 62| 119| 97|  54|  0|  54|  0|    54 |     0|         7 |          5|  45|  43|
|  38| 98| 193| 74|  53|  1|  53|  1|    53 |     1|        38 |         31|  88|  43|
| 176| 62|  57| 64|  53|  0|  53|  0|    53 |     0|       140 |         98| 159|  71|
|   7| 31|  78| 21|  53|  0|  53|  0|    53 |     0|       176 |         36| 168|   9|
| 198|  9|  90| 12|  53|  0|  53|  0|    53 |     0|       198 |         22| 180|  12|
| 159| 39|  52| 38|  53|  0|  53|  0|    53 |     0|       180 |         18| 176|   4|
| 180| 21| 157| 95|  52|  1|  52|  1|    52 |     1|       168 |         12| 140|  36|
| 168| 12|  91| 66|  51|  1|  51|  1|    51 |     1|       159 |          9|  38|  98|
|  45| 77|  38| 53|  51|  0|  51|  0|    51 |     0|        88 |         71|   7|  31|
|  88| 43| 146| 92|  51|  0|  51|  0|    51 |     0|        45 |         43| 198|   9|
| 105| 17|  98| 48|  51|  0|  51|  0|    51 |     0|        48 |          3| 164|  34|
| 164| 59| 137| 39|  50|  1|  50|  1|    50 |     1|        55 |          7| 105|  59|
|  55| 91|  18| 81|  50|  0|  50|  0|    50 |     0|       105 |         50|  55|  50|
|  25| 30| 195| 23|  50|  0|  50|  0|    50 |     0|       164 |         59|  48|   7|
|  48| 23|  61| 66|  50|  0|  50|  0|    50 |     0|        25 |         61|  25|  23|
|  71| 23|  31| 30|  50|  0|  50|  0|    50 |     0|        71 |         46|  71|  46|
|  71|  0| 163| 68|  50|  0|  50|  0|    50 |     0|        71 |          0|  71|   0|
| 181| 90|  33| 70|  49|  1|  49|  1|    49 |     1|       146 |         75| 146|  75|
| 147| 34| 105| 72|  49|  0|  49|  0|    49 |     0|       147 |          1| 147|   1|
| 146|  1| 132| 27|  48|  1|  48|  1|    48 |     1|       181 |         34| 181|  34|
| 137|  9|  64| 68|  48|  0|  48|  0|    48 |     0|       158 |         23| 126|  55|
| 158| 21| 159| 95|  48|  0|  48|  0|    48 |     0|       137 |         21| 100|  26|
|  35| 77| 158|  1|  48|  0|  48|  0|    48 |     0|        35 |         98|  65|  35|
| 196| 39|  65| 93|  48|  0|  48|  0|    48 |     0|       182 |         53|   9|  56|
| 182| 14|  87| 22|  48|  0|  48|  0|    48 |     0|       196 |         14| 188|  21|
| 100| 82| 196| 91|  48|  0|  48|  0|    48 |     0|       188 |          8| 126|  62|
| 126| 26| 122| 74|  48|  0|  48|  0|    48 |     0|       126 |         62| 114|  12|
|  65| 61|  21| 99|  48|  0|  48|  0|    48 |     0|       100 |         26|  95|  19|
|   9| 56| 168| 53|  48|  0|  48|  0|    48 |     0|        65 |         35|  31|  64|
| 188| 21| 101| 67|  48|  0|  48|  0|    48 |     0|         9 |         56|  19|  12|
| 126| 62| 115| 14|  48|  0|  48|  0|    48 |     0|        19 |         10|  58|  39|
|  95| 31|  66| 49|  47|  1|  47|  1|    47 |     1|        31 |         12| 109|  51|
|  19| 76|  84| 18|  47|  0|  47|  0|    47 |     0|        95 |         64| 111|   2|
| 114| 95| 164| 80|  47|  0|  47|  0|    47 |     0|       114 |         19| 114|   3|
|  31| 83|  98| 66|  46|  1|  46|  1|    46 |     1|       126 |         12|   7|  93|
|  58| 27| 175| 77|  46|  0|  46|  0|    46 |     0|       114 |         12|  31|  24|
| 114| 56|  60| 85|  46|  0|  46|  0|    46 |     0|       111 |          3|  48|  17|
|   7| 93| 195| 65|  46|  0|  46|  0|    46 |     0|       109 |          2| 115|  67|
| 111| 96| 175| 20|  45|  1|  45|  1|    45 |     1|        58 |         51| 196|  81|
| 109|  2|  36| 61|  45|  0|  45|  0|    45 |     0|         7 |         51|   4|   8|
|  31| 78|  25| 11|  45|  0|  45|  0|    45 |     0|        31 |         24|  20|  16|
|   4| 27| 129| 96|  45|  0|  45|  0|    45 |     0|        48 |         17|  50|  30|
|  48| 44|  23| 94|  45|  0|  45|  0|    45 |     0|       115 |         67|  75|  25|
| 196| 52|  72| 49|  44|  1|  44|  1|    44 |     1|       196 |         81| 176|  99|
| 115| 81|  37| 35|  44|  0|  44|  0|    44 |     0|         4 |          8| 178|   2|
| 176| 61|   7| 30|  44|  0|  44|  0|    44 |     0|        20 |         16| 178|   0|
|  75| 99|  62| 55|  44|  0|  44|  0|    44 |     0|        50 |         30| 170|   8|
|  20| 55| 131| 69|  44|  0|  44|  0|    44 |     0|        75 |         25| 154|  16|
|  50| 30| 132|  1|  44|  0|  44|  0|    44 |     0|       176 |         99| 103|  51|
| 178| 72| 173| 41|  43|  1|  43|  1|    43 |     1|       178 |          2|  30|  73|
| 170|  8|  90| 83|  43|  0|  43|  0|    43 |     0|       178 |          0|  29|   1|
|  30| 60| 184| 94|  43|  0|  43|  0|    43 |     0|       170 |          8|  25|   4|
| 178| 52|  73| 89|  43|  0|  43|  0|    43 |     0|       154 |         16|  14|  11|
| 103| 75|  49| 24|  43|  0|  43|  0|    43 |     0|       103 |         51| 101|  87|
| 154| 51| 102| 53|  43|  0|  43|  0|    43 |     0|        30 |         73| 176|  75|
|  14| 60| 146| 44|  43|  0|  43|  0|    43 |     0|        29 |          1|  95|  81|
| 101| 87|  29| 83|  43|  0|  43|  0|    43 |     0|        25 |          4|  26|  69|
| 176| 75| 172| 57|  42|  1|  42|  1|    42 |     1|        14 |         11|  22|   4|
|  29| 53|  11| 39|  42|  0|  42|  0|    42 |     0|       101 |         87| 193|  29|
|  25|  4|  89| 78|  42|  0|  42|  0|    42 |     0|       176 |         75| 195|   2|
|  95| 70| 197| 92|  42|  0|  42|  0|    42 |     0|        95 |         81| 133|  62|
| 193| 98| 140| 57|  41|  1|  41|  1|    41 |     1|        26 |         69|  98|  35|
| 195|  2|  23| 83|  41|  0|  41|  0|    41 |     0|        22 |          4|  87|  11|
|  22| 27| 156| 67|  41|  0|  41|  0|    41 |     0|       193 |         29|  57|  30|
|  26|  4| 149|  7|  41|  0|  41|  0|    41 |     0|       195 |          2|  38|  19|
|  57| 31| 163| 14|  40|  1|  40|  1|    40 |     1|       133 |         62|  11|  27|
|  87| 30| 153| 10|  40|  0|  40|  0|    40 |     0|        98 |         35|   8|   3|
|  38| 49| 117| 36|  40|  0|  40|  0|    40 |     0|        87 |         11|  48|  40|
|  98| 60|  26| 91|  40|  0|  40|  0|    40 |     0|        57 |         30| 128|  80|
| 133| 35| 126|100|  40|  0|  40|  0|    40 |     0|        38 |         19| 161|  33|
|   8| 75|  73| 53|  40|  0|  40|  0|    40 |     0|        11 |         27| 176|  15|
|  48| 40|  18| 55|  40|  0|  40|  0|    40 |     0|         8 |          3| 129|  47|
|  11| 37| 177| 41|  39|  1|  39|  1|    39 |     1|        48 |         40|  60|  69|
| 161| 50|  99| 78|  39|  0|  39|  0|    39 |     0|       128 |         80|   8|  52|
| 128| 33| 127| 28|  39|  0|  39|  0|    39 |     0|       161 |         33|   1|   7|
| 176| 48|  44| 83|  38|  1|  38|  1|    38 |     1|       176 |         15|  11|  10|
|   8| 32|  64| 20|  38|  0|  38|  0|    38 |     0|       129 |         47|  46|  35|
|  60| 52|  75| 11|  38|  0|  38|  0|    38 |     0|        60 |         69|  51|   5|
| 129| 69|  93| 18|  38|  0|  38|  0|    38 |     0|         8 |         52| 119|  68|
|   1| 72|  90|  3|  38|  0|  38|  0|    38 |     0|         1 |          7| 162|  43|
|  11| 10|  89|  1|  38|  0|  38|  0|    38 |     0|        11 |         10| 158|   4|
| 162| 49| 181| 92|  38|  0|  38|  0|    38 |     0|        46 |         35| 137|  21|
|  46| 84|  92| 89|  38|  0|  38|  0|    38 |     0|        51 |          5|  35|  98|
|  51|  5|  92|  0|  37|  1|  37|  1|    37 |     1|       119 |         68| 182|  53|
| 119| 68|  25| 67|  37|  0|  37|  0|    37 |     0|       162 |         43| 196|  14|
|  50| 69|  77| 52|  37|  0|  37|  0|    37 |     0|       160 |          2| 160|  36|
| 144| 94| 184| 93|  37|  0|  37|  0|    37 |     0|       146 |         14| 146|  14|
| 146|  2| 119| 65|  37|  0|  37|  0|    37 |     0|       144 |          2| 144|   2|
| 126| 20| 191| 72|  36|  1|  36|  1|    36 |     1|       126 |         18| 126|  18|
| 160| 34|  15| 24|  36|  0|  36|  0|    36 |     0|        50 |         76|  50|  76|
|  50| 90|  20|  5|  36|  0|  36|  0|    36 |     0|        50 |          0|  69|  19|
|  63| 13| 117| 97|  36|  0|  36|  0|    36 |     0|        13 |         37|  71|   2|
| 149| 86| 196| 79|  36|  0|  36|  0|    36 |     0|        63 |         50|  83|  12|
| 163| 14| 187|  9|  35|  1|  35|  1|    35 |     1|       149 |         86| 106|  23|
|  13| 50|   4| 17|  35|  0|  35|  0|    35 |     0|       163 |         14| 121|  15|
| 106| 93|  81| 77|  35|  0|  35|  0|    35 |     0|       121 |         42| 116|   5|
|  83| 23|  28| 53|  35|  0|  35|  0|    35 |     0|       106 |         15| 107|   9|
|  71| 12|  14| 14|  35|  0|  35|  0|    35 |     0|        83 |         23|  81|  26|
|  69|  2|  31| 17|  35|  0|  35|  0|    35 |     0|        71 |         12|  35|  46|
| 121| 52| 196| 35|  34|  1|  34|  1|    34 |     1|        69 |          2| 199|  36|
| 116|  5|  87| 91|  33|  1|  33|  1|    33 |     1|        81 |         12| 197|   2|
|  81| 35| 128| 41|  33|  0|  33|  0|    33 |     0|       107 |         26| 137|  60|
| 199| 82|   9| 81|  32|  1|  32|  1|    32 |     1|       116 |          9| 136|   1|
|  35| 36| 115| 94|  32|  0|  32|  0|    32 |     0|       199 |         83|  87|  49|
| 107| 72|  72| 43|  32|  0|  32|  0|    32 |     0|        35 |         36|  66|  21|
|  87| 20|   8| 64|  32|  0|  32|  0|    32 |     0|        66 |         31|  60|   6|
| 137| 50|  48| 40|  32|  0|  32|  0|    32 |     0|        87 |         21|  48|  12|
| 197| 60|   1| 47|  32|  0|  32|  0|    32 |     0|       136 |         49|   7|  41|
|  66| 69| 181| 20|  31|  1|  31|  1|    31 |     1|       137 |          1| 122|  85|
| 136| 70|  99| 82|  31|  0|  31|  0|    31 |     0|       197 |         60| 160|  38|
|  60| 76|  44| 55|  31|  0|  31|  0|    31 |     0|       160 |         37| 157|   3|
|  48| 12| 108| 64|  31|  0|  31|  0|    31 |     0|       122 |         38| 155|   2|
|   7| 41|  97| 11|  31|  0|  31|  0|    31 |     0|        60 |         62| 148|   7|
| 122| 85| 105|  8|  31|  0|  31|  0|    31 |     0|        48 |         12|  71|  77|
| 160| 38| 189| 84|  31|  0|  31|  0|    31 |     0|         7 |         41|  37|  34|
| 148| 12|  12| 23|  30|  1|  30|  1|    30 |     1|        37 |         30|  42|   5|
|  37| 89|  17|  5|  30|  0|  30|  0|    30 |     0|        71 |         34|  45|   3|
|  71| 34| 132| 85|  30|  0|  30|  0|    30 |     0|       148 |         77| 149|  96|
| 155| 84| 120| 12|  29|  1|  29|  1|    29 |     1|       155 |          7|  18|  69|
| 157|  2|  14| 94|  29|  0|  29|  0|    29 |     0|       157 |          2|   5|  13|
|  42| 85| 136| 78|  29|  0|  29|  0|    29 |     0|       149 |          8|  13|   8|
| 149| 93|  66| 70|  29|  0|  29|  0|    29 |     0|        45 |         96|  50|  37|
|  18| 69| 139| 73|  29|  0|  29|  0|    29 |     0|        42 |          3|  63|  13|
|  45| 27| 123| 16|  28|  1|  28|  1|    28 |     1|        18 |         24| 149|  86|
|   5| 40| 134| 11|  28|  0|  28|  0|    28 |     0|         5 |         13| 163|  14|
| 118| 87| 150| 16|  28|  0|  28|  0|    28 |     0|        22 |         17| 118|  45|
|  22| 96|  40| 90|  28|  0|  28|  0|    28 |     0|        40 |         18| 111|   7|
|  82| 60|  53| 13|  28|  0|  28|  0|    28 |     0|        82 |         42|  82|  29|
|  40| 42|  27| 26|  28|  0|  28|  0|    28 |     0|       111 |         29|  40|  42|
| 111| 71|  19|  8|  28|  0|  28|  0|    28 |     0|       118 |          7|  22|  18|
| 167| 56| 115| 96|  27|  1|  27|  1|    27 |     1|       124 |          6|  42|  20|
| 124| 43| 105| 10|  27|  0|  27|  0|    27 |     0|       167 |         43|  58|  16|
|  11| 87|  22| 83|  27|  0|  27|  0|    27 |     0|        58 |         91| 124|  66|
|  58| 47|  92| 70|  27|  0|  27|  0|    27 |     0|        42 |         16| 167|  43|
|  42| 16|  58| 34|  27|  0|  27|  0|    27 |     0|        11 |         31|  11|  44|
| 101| 59|  14| 44|  27|  0|  27|  0|    27 |     0|        22 |         11|  44|  33|
| 156| 55| 134| 80|  26|  1|  26|  1|    26 |     1|        71 |         49|  53|   9|
| 118| 38|  81| 53|  26|  0|  26|  0|    26 |     0|       101 |         30| 160|  93|
|  71| 47| 169| 88|  26|  0|  26|  0|    26 |     0|       118 |         17| 176|  16|
|  22| 49| 195| 26|  25|  1|  25|  1|    25 |     1|       156 |         38| 187|  11|
| 187| 35|  27| 32|  25|  0|  25|  0|    25 |     0|       160 |          4| 114|  73|
| 160| 27|  38| 11|  25|  0|  25|  0|    25 |     0|       176 |         16|  89|  25|
| 176| 16| 119| 81|  25|  0|  25|  0|    25 |     0|       187 |         11|  26|  63|
|  44| 68| 198| 79|  25|  0|  25|  0|    25 |     0|        53 |         66|  14|  12|
|  53|  9| 105| 93|  25|  0|  25|  0|    25 |     0|        44 |          9| 195|  19|
| 114| 61|   9| 96|  25|  0|  25|  0|    25 |     0|        89 |         45| 191|   4|
| 195| 81| 182| 27|  24|  1|  24|  1|    24 |     1|       114 |         25| 171|  20|
|  89| 94|  32| 50|  23|  1|  23|  1|    23 |     1|       195 |         81| 130|  41|
|  14| 75|   3| 29|  23|  0|  23|  0|    23 |     0|        26 |         31| 122|   8|
|  26| 12| 172| 31|  23|  0|  23|  0|    23 |     0|        14 |         12|  98|  24|
| 191| 35|   7| 35|  23|  0|  23|  0|    23 |     0|        98 |         84|  55|  43|
| 130| 61| 183| 24|  22|  1|  22|  1|    22 |     1|       122 |         24|  32|  23|
| 122|  8|  99| 84|  22|  0|  22|  0|    22 |     0|       130 |          8|  13|  19|
| 171| 49|  22| 77|  22|  0|  22|  0|    22 |     0|       171 |         41| 169|  44|
|  98| 73| 132| 90|  22|  0|  22|  0|    22 |     0|       191 |         20| 185|  16|
|  32| 66| 129|  3|  22|  0|  22|  0|    22 |     0|       185 |          6| 166|  19|
|  55| 23|  51| 78|  22|  0|  22|  0|    22 |     0|       169 |         16| 132|  34|
|  13| 42|  77| 26|  22|  0|  22|  0|    22 |     0|        55 |         86| 100|  32|
| 185| 28| 134| 57|  22|  0|  22|  0|    22 |     0|        32 |         23|  91|   9|
| 169| 16|  17| 83|  21|  1|  21|  1|    21 |     1|        13 |         19|  19|  72|
| 166|  3| 191| 26|  21|  0|  21|  0|    21 |     0|        19 |          6|  75|  56|
| 100| 66|  42| 51|  21|  0|  21|  0|    21 |     0|        91 |         72| 127|  52|
|  19| 81|  92| 50|  21|  0|  21|  0|    21 |     0|       100 |          9| 172|  45|
|  91| 72|  89|  3|  20|  1|  20|  1|    20 |     1|       132 |         32| 184|  12|
| 132| 41|  87|  2|  20|  0|  20|  0|    20 |     0|       166 |         34|  18|  34|
| 172| 40|  68| 19|  20|  0|  20|  0|    20 |     0|       172 |          6| 120|  98|
| 184| 12|  20| 48|  20|  0|  20|  0|    20 |     0|       184 |         12| 127|   7|
|  75| 91|  25|  5|  20|  0|  20|  0|    20 |     0|       127 |         57| 186|  59|
| 127| 52|  31|  6|  20|  0|  20|  0|    20 |     0|        75 |         52| 186|   0|
|  18| 91| 184| 47|  19|  1|  19|  1|    19 |     1|        18 |         57| 195|   9|
| 186| 32|  76| 92|  19|  0|  19|  0|    19 |     0|       120 |         98| 193|   2|
| 186|  0| 124| 48|  19|  0|  19|  0|    19 |     0|       127 |          7| 141|  52|
| 195|  9| 115|  9|  19|  0|  19|  0|    19 |     0|       186 |         59|  43|  98|
| 127| 68|  69| 46|  19|  0|  19|  0|    19 |     0|       186 |          0|  43|   0|
| 120|  7|  14| 55|  19|  0|  19|  0|    19 |     0|       195 |          9|  41|   2|
| 141| 21|  39| 25|  19|  0|  19|  0|    19 |     0|       193 |          2|  49|   8|
|  41|100|  68| 29|  18|  1|  18|  1|    18 |     1|       141 |         52|  98|  49|
| 193| 48| 194| 74|  18|  0|  18|  0|    18 |     0|        43 |         98|  99|   1|
|  43| 50| 183| 11|  18|  0|  18|  0|    18 |     0|        43 |          0| 124|  25|
|  43|  0|  47| 64|  18|  0|  18|  0|    18 |     0|        41 |          2| 187|  63|
| 124| 81| 189| 58|  18|  0|  18|  0|    18 |     0|        49 |          8| 155|  32|
|  98| 26| 140| 49|  17|  1|  17|  1|    17 |     1|        98 |         49|  90|  65|
|  99|  1| 144|  4|  17|  0|  17|  0|    17 |     0|        99 |          1|  75|  15|
| 187| 88|   9| 65|  17|  0|  17|  0|    17 |     0|       124 |         25|  20|  55|
|  49| 62|  99| 90|  17|  0|  17|  0|    17 |     0|       187 |         63| 200|  20|
| 155| 94| 106|  7|  17|  0|  17|  0|    17 |     0|       155 |         32| 148|  52|
|  75| 80| 132| 26|  17|  0|  17|  0|    17 |     0|        90 |         65| 141|   7|
|  90| 15| 198| 66|  17|  0|  17|  0|    17 |     0|        75 |         15| 104|  37|
| 200| 90|  11| 13|  17|  0|  17|  0|    17 |     0|        20 |         55|  94|  10|
|  20| 20|  99| 88|  16|  1|  16|  1|    16 |     1|       200 |         20|  40|  54|
|  94| 74|  62| 37|  16|  0|  16|  0|    16 |     0|       148 |         52|  59|  19|
|  40| 54|  40| 22|  16|  0|  16|  0|    16 |     0|       141 |          7| 103|  44|
| 104| 64| 178| 62|  16|  0|  16|  0|    16 |     0|       104 |         37| 156|  53|
| 148| 44|  88| 90|  15|  1|  15|  1|    15 |     1|        94 |         10| 158|   2|
| 141|  7| 173| 85|  15|  0|  15|  0|    15 |     0|        40 |         54|  28|  70|
| 103| 38| 132| 41|  15|  0|  15|  0|    15 |     0|        59 |         19|  60|  32|
| 158| 55| 138|  6|  15|  0|  15|  0|    15 |     0|       103 |         44| 104|  44|
|  28| 70| 153| 15|  14|  1|  14|  1|    14 |     1|       156 |         53| 108|   4|
|  59| 31|  16| 63|  14|  0|  14|  0|    14 |     0|       158 |          2| 131|  23|
| 156| 97| 146| 70|  14|  0|  14|  0|    14 |     0|        28 |         70| 200|  69|
| 200| 44|  73| 73|  14|  0|  14|  0|    14 |     0|        60 |         32| 117|  83|
| 108| 92|  32| 41|  14|  0|  14|  0|    14 |     0|       104 |         44|  64|  53|
| 131| 23|  15| 17|  14|  0|  14|  0|    14 |     0|       108 |          4|  59|   5|
| 104| 27|  67| 52|  14|  0|  14|  0|    14 |     0|       131 |         23|  29|  30|
|  60| 44|  77| 10|  14|  0|  14|  0|    14 |     0|       200 |         69|  25|   4|
|  59|  1|  62| 15|  13|  1|  13|  1|    13 |     1|       117 |         83|  48|  23|
|  25| 34|  46| 16|  13|  0|  13|  0|    13 |     0|        64 |         53|  90|  42|
| 117| 92| 116| 70|  13|  0|  13|  0|    13 |     0|        59 |          5|  94|   4|
|  64| 53| 200| 84|  13|  0|  13|  0|    13 |     0|        29 |         30| 176|  82|
|  29| 35|  82| 82|  12|  1|  12|  1|    12 |     1|        25 |          4| 177|   1|
| 176| 53| 150| 68|  12|  0|  12|  0|    12 |     0|        48 |         23|  83|  94|
| 177|  1|  68| 82|  12|  0|  12|  0|    12 |     0|        90 |         42|  48|  35|
|  48| 71| 120| 52|  12|  0|  12|  0|    12 |     0|        94 |          4|  37|  11|
|  90| 42|  12| 92|  12|  0|  12|  0|    12 |     0|       176 |         82| 195|  42|
|  94|  4|  55| 43|  11|  1|  11|  1|    11 |     1|       177 |          1| 197|   2|
|  48| 46| 139| 84|  11|  0|  11|  0|    11 |     0|        83 |         94| 197|   0|
| 197| 51| 146|  7|  11|  0|  11|  0|    11 |     0|        48 |         35| 105|  92|
|  37| 40| 134| 12|  11|  0|  11|  0|    11 |     0|        37 |         11|  74|  31|
|  83| 46| 145| 11|  11|  0|  11|  0|    11 |     0|       195 |         42|   6|  68|
| 195| 88| 173| 28|  11|  0|  11|  0|    11 |     0|       197 |          2|   6|   0|
|  74| 79|  17| 44|  11|  0|  11|  0|    11 |     0|       197 |          0|  23|  17|
|   6| 68| 147| 70|   9|  2|   9|  2|     9 |     2|       105 |         92| 110|  87|
|   6|  0|  42| 95|   9|  0|   9|  0|     9 |     0|        74 |         31| 140|  30|
| 197|  9| 115| 73|   9|  0|   9|  0|     9 |     0|         6 |         68| 154|  14|
| 105| 92| 142| 27|   9|  0|   9|  0|     9 |     0|         6 |          0| 174|  20|
|  23| 82| 141|  1|   9|  0|   9|  0|     9 |     0|        23 |         17| 143|  31|
| 140| 83| 184| 43|   9|  0|   9|  0|     9 |     0|       110 |         87| 142|   1|
| 110| 30| 132| 52|   8|  1|   8|  1|     8 |     1|       140 |         30|  87|  55|
| 154| 44|  41| 91|   8|  0|   8|  0|     8 |     0|       154 |         14|  67|  20|
| 174| 20| 121| 80|   8|  0|   8|  0|     8 |     0|       174 |         20|   3|  64|
|  67| 93|  29| 92|   8|  0|   8|  0|     8 |     0|       143 |         31|  19|  16|
| 143| 76|  33|  4|   7|  1|   7|  1|     7 |     1|       142 |          1|  43|  24|
|   3| 60|  22| 11|   7|  0|   7|  0|     7 |     0|        87 |         55|  50|   7|
|  87| 84|  76| 54|   7|  0|   7|  0|     7 |     0|        67 |         20| 119|  69|
| 142| 55|  95| 19|   7|  0|   7|  0|     7 |     0|         3 |         64| 174|  55|
|  43| 99|  27| 68|   7|  0|   7|  0|     7 |     0|        19 |         16|  95|  79|
|  50|  7|  59| 32|   7|  0|   7|  0|     7 |     0|        43 |         24|   4|  91|
| 174| 76|  35| 24|   7|  0|   7|  0|     7 |     0|        50 |          7|   1|   3|
| 119| 55| 181| 54|   7|  0|   7|  0|     7 |     0|       119 |         69| 186|  15|
|  19|100| 195| 14|   7|  0|   7|  0|     7 |     0|       174 |         55| 198|  12|
|   1| 18| 110| 85|   6|  1|   6|  1|     6 |     1|        95 |         79| 194|   4|
| 198|  3|  46| 64|   6|  0|   6|  0|     6 |     0|         4 |         91| 110|  84|
|  95| 97|  67| 21|   6|  0|   6|  0|     6 |     0|         1 |          3| 101|   9|
|   4| 91|  62|  5|   6|  0|   6|  0|     6 |     0|       186 |         15|  75|  26|
| 186| 18|  12| 50|   6|  0|   6|  0|     6 |     0|       198 |         12|  58|  17|
| 194|  8| 173| 39|   6|  0|   6|  0|     6 |     0|       194 |          4|  85|  27|
|  58| 64| 164|  9|   6|  0|   6|  0|     6 |     0|       110 |         84| 141|  56|
| 101| 43| 112| 52|   5|  1|   5|  1|     5 |     1|       101 |          9|  35|  94|
| 110|  9| 106|  6|   5|  0|   5|  0|     5 |     0|        75 |         26|  22|  13|
|  75| 35|  57| 49|   5|  0|   5|  0|     5 |     0|        58 |         17|  17|   5|
| 141| 66|  88| 31|   4|  1|   4|  1|     4 |     1|        85 |         27|  54|  37|
|  22| 81|  54| 34|   4|  0|   4|  0|     4 |     0|       141 |         56|  88|  34|
|  17|  5|  12| 42|   4|  0|   4|  0|     4 |     0|        35 |         94| 116|  28|
|  85| 68| 131| 81|   4|  0|   4|  0|     4 |     0|        22 |         13| 131|  15|
|  35| 50| 116| 15|   4|  0|   4|  0|     4 |     0|        17 |          5|  12|  81|
| 116| 81|  35| 81|   4|  0|   4|  0|     4 |     0|        54 |         37|  57|  45|
| 131| 15|  85| 50|   3|  1|   3|  1|     3 |     1|        88 |         34| 106|  49|
|  12| 81|  17| 68|   3|  0|   3|  0|     3 |     0|       116 |         28| 112|   6|
|  54| 42|  22|  5|   3|  0|   3|  0|     3 |     0|       131 |         15| 164|  52|
|  88| 34| 141| 81|   2|  1|   2|  1|     2 |     1|        12 |         81| 173|   9|
|  57| 31|  75| 66|   2|  0|   2|  0|     2 |     0|        57 |         45| 110|  63|
| 106| 49| 110| 35|   2|  0|   2|  0|     2 |     0|       106 |         49|  67|  43|
| 112|  6| 101|  9|   2|  0|   2|  0|     2 |     0|       112 |          6|  62|   5|
| 164| 52|  58| 43|   1|  1|   1|  1|     1 |     1|       164 |         52|  46|  16|
| 173|  9| 194| 64|   1|  0|   1|  0|     1 |     0|       173 |          9|  12|  34|
|  12| 39| 186|  8|   1|  0|   1|  0|     1 |     0|       110 |         63|  27|  15|
|  62| 50|   4| 18|   1|  0|   1|  0|     1 |     0|        67 |         43|  35|   8|
|  67|  5|  95| 91|   1|  0|   1|  0|     1 |     0|        62 |          5|  59|  24|
|  46| 21| 198| 97|   1|  0|   1|  0|     1 |     0|        46 |         16| 181|  78|
| 110| 64|   1|  3| 200|  1| 101|100|   200 |     1|        12 |         34| 195|  14|
| 195| 85|  19| 18| 200|  0| 101|  0|   200 |     0|        27 |         15|  95| 100|
| 181| 14| 119|100| 200|  0| 101|  0|   200 |     0|        35 |          8|  76|  19|
|  35| 54| 174| 55| 200|  0| 101|  0|   200 |     0|        59 |         24|  33|  43|
|  59| 24|  50| 76| 200|  0| 101|  0|   200 |     0|       181 |         78|  29|   4|
|  27| 32|  43|  7| 200|  0| 102|  1|   200 |     0|       195 |         14|  22|   7|
|  95| 68| 142| 99| 200|  0| 102|  0|   200 |     0|        95 |        100|  41|  19|
|  76| 19|  87| 55| 200|  0| 102|  0|   200 |     0|        76 |         19| 121|  80|
|  22| 54|   3| 84| 199|  1| 102|  0|   199 |     1|        33 |         43| 132|  11|
|  33| 11| 143| 60| 199|  0| 102|  0|   199 |     0|        29 |          4| 141|   9|
|  29|  4|  67| 76| 199|  0| 102|  0|   199 |     0|        22 |          7| 184|  43|
| 121| 92| 174| 93| 199|  0| 103|  1|   199 |     0|        41 |         19| 147|  37|
|  41| 80| 154| 20| 199|  0| 103|  0|   199 |     0|       121 |         80| 142|   5|
| 132| 91| 110| 44| 198|  1| 103|  0|   198 |     1|       132 |         11| 115|  27|
| 184| 52| 140| 30| 198|  0| 103|  0|   198 |     0|       141 |          9|  42|  73|
| 141| 43|  23| 83| 198|  0| 104|  1|   198 |     0|       184 |         43|  17|  25|
| 142|  1| 105| 82| 198|  0| 104|  0|   198 |     0|       147 |         37| 134|  83|
| 115| 27| 197| 92| 198|  0| 104|  0|   198 |     0|       142 |          5| 139|   5|
|  42| 73|   6|  9| 198|  0| 104|  0|   198 |     0|       115 |         27| 145|   6|
| 147| 95|   6|  0| 198|  0| 104|  0|   198 |     0|        42 |         73| 146|   1|
|  17| 70|  74| 68| 197|  1| 104|  0|   197 |     1|        17 |         25| 173|  27|
| 173| 44| 195| 79| 197|  0| 105|  1|   197 |     0|       134 |         83| 150|  23|
| 145| 28|  83| 88| 197|  0| 105|  0|   197 |     0|       139 |          5| 120|  30|
| 134| 11|  37| 46| 197|  0| 105|  0|   197 |     0|       145 |          6|  68|  52|
| 146| 12| 197| 40| 196|  1| 105|  0|   196 |     1|       146 |          1|  55|  13|
| 139|  7|  48| 51| 196|  0| 105|  0|   196 |     0|       173 |         27|  12|  43|
|  55| 84|  94| 46| 196|  0| 105|  0|   196 |     0|       150 |         23|  46|  34|
|  12| 43|  90|  4| 196|  0| 105|  0|   196 |     0|       120 |         30|  62|  16|
| 120| 92|  48| 42| 196|  0| 105|  0|   196 |     0|        68 |         52|  82|  20|
|  68| 52| 177| 71| 196|  0| 105|  0|   196 |     0|        55 |         13| 116|  34|
| 150| 82| 176|  1| 195|  1| 106|  1|   195 |     1|        12 |         43| 200|  84|
|  82| 68|  29| 53| 195|  0| 106|  0|   195 |     0|        46 |         34|  77|  77|
| 200| 82|  64| 35| 195|  0| 106|  0|   195 |     0|        62 |         16|  73|   4|
| 116| 84| 117| 53| 195|  0| 106|  0|   195 |     0|        82 |         20|  67|   6|
|  46| 70|  25| 92| 195|  0| 106|  0|   195 |     0|       116 |         34|  32|  35|
|  62| 16|  59| 34| 195|  0| 107|  1|   195 |     0|       200 |         84|  15|  17|
|  77| 15|  60|  1| 195|  0| 107|  0|   195 |     0|        77 |         77|  16|   1|
|  67| 10| 104| 44| 195|  0| 108|  1|   195 |     0|        73 |          4| 132|  84|
|  15| 52| 131| 27| 195|  0| 108|  0|   195 |     0|        67 |          6| 138|   6|
|  32| 17| 108| 23| 194|  1| 109|  1|   194 |     1|        32 |         35| 146|   8|
|  73| 41| 200| 92| 194|  0| 109|  0|   194 |     0|        15 |         17| 153|   7|
| 146| 73| 156| 44| 194|  0| 110|  1|   194 |     0|        16 |          1| 173|  20|
|  16| 70|  59| 97| 194|  0| 110|  0|   194 |     0|       132 |         84| 178|   5|
| 153| 63|  28| 31| 193|  1| 110|  0|   193 |     1|       138 |          6|  88|  90|
| 138| 15| 158| 70| 193|  0| 110|  0|   193 |     0|       146 |          8|  62|  26|
| 132|  6| 103| 55| 193|  0| 110|  0|   193 |     0|       153 |          7|  40|  22|
| 173| 41| 141| 38| 193|  0| 110|  0|   193 |     0|       173 |         20|  99|  59|
|  88| 85| 148|  7| 193|  0| 111|  1|   193 |     0|       178 |          5| 106|   7|
| 178| 90| 104| 44| 193|  0| 111|  0|   193 |     0|        88 |         90| 132|  26|
|  40| 62|  40| 64| 192|  1| 111|  0|   192 |     1|        62 |         26| 198|  66|
|  62| 22|  94| 54| 191|  1| 111|  0|   191 |     1|        40 |         22|  11|  13|
|  99| 37|  20| 74| 191|  0| 112|  1|   191 |     0|        99 |         59|  99|  88|
|  11| 88| 200| 20| 191|  0| 112|  0|   191 |     0|       106 |          7| 140|  41|
| 198| 13|  90| 90| 191|  0| 112|  0|   191 |     0|       132 |         26| 144|   4|
| 132| 66|  75| 15| 191|  0| 112|  0|   191 |     0|       198 |         66| 189|  45|
| 106| 26| 155| 80| 191|  0| 112|  0|   191 |     0|        11 |         13|   9|  20|
|  99|  7|  49| 94| 189|  2| 114|  2|   189 |     2|        99 |         88|  39|  30|
|   9| 90| 187| 62| 189|  0| 114|  0|   189 |     0|       140 |         41|  47|   8|
| 144| 65|  99| 88| 189|  0| 114|  0|   189 |     0|       144 |          4|  68|  21|
| 140|  4|  98|  1| 189|  0| 114|  0|   189 |     0|       189 |         45| 183|  85|
| 189| 49| 124| 26| 189|  0| 115|  1|   189 |     0|         9 |         20| 194|  11|
|  47| 58|  43| 81| 188|  1| 115|  0|   188 |     1|        39 |         30| 124|  70|
| 183| 64|  43|  0| 188|  0| 115|  0|   188 |     0|        47 |          8| 115|   9|
| 194| 11| 193| 50| 188|  0| 115|  0|   188 |     0|        68 |         21|  76|  39|
|  68| 74|  41| 48| 188|  0| 115|  0|   188 |     0|       183 |         85|  69|   7|
|  39| 29| 141|100| 188|  0| 115|  0|   188 |     0|       194 |         11|  14|  55|
|  14| 25| 120| 21| 188|  0| 116|  1|   188 |     0|       124 |         70|  20|   6|
|  69| 55| 127|  7| 188|  0| 116|  0|   188 |     0|       115 |          9|  25|   5|
| 115| 46| 195| 68| 187|  1| 116|  0|   187 |     1|        76 |         39|  31|   6|
| 124|  9| 186|  9| 187|  0| 116|  0|   187 |     0|        69 |          7|  68|  37|
|  76| 48| 186|  0| 187|  0| 116|  0|   187 |     0|        14 |         55| 184|  84|
| 184| 92|  18| 32| 187|  0| 116|  0|   187 |     0|        20 |          6|  92|  92|
|  31| 47| 127| 91| 187|  0| 117|  1|   187 |     0|        25 |          5|  89|   3|
|  25|  6|  75| 52| 186|  1| 117|  0|   186 |     1|        31 |          6|  87|   2|
|  20|  5| 184| 91| 186|  0| 117|  0|   186 |     0|        68 |         37|  42|  45|
|  68| 48| 172| 12| 186|  0| 117|  0|   186 |     0|       184 |         84| 191|  51|
|  87| 19| 132| 40| 186|  0| 117|  0|   186 |     0|        92 |         92| 134|  57|
|  89|  2|  91| 41| 186|  0| 118|  1|   186 |     0|        89 |          3| 129|   5|
|  92|  3|  19| 72| 186|  0| 118|  0|   186 |     0|        87 |          2|  77|  52|
|  42| 50| 100| 81| 185|  1| 118|  0|   185 |     1|        42 |         45|  51|  26|
| 191| 51| 166| 66| 185|  0| 119|  1|   185 |     0|       191 |         51|  17|  34|
|  17| 26| 169|  3| 185|  0| 119|  0|   185 |     0|       134 |         57|  22|   5|
| 134| 83| 185| 16| 185|  0| 119|  0|   185 |     0|       129 |          5|  99|  77|
|  77| 57|  13| 28| 185|  0| 119|  0|   185 |     0|        77 |         52| 132|  33|
|  51| 26|  55| 42| 185|  0| 119|  0|   185 |     0|        51 |         26| 183|  51|
| 129| 78|  32| 23| 184|  1| 119|  0|   184 |     1|        17 |         34|   7|  24|
| 132|  3|  98| 66| 184|  0| 119|  0|   184 |     0|        22 |          5|   9|   2|
|  22| 90| 171| 73| 184|  0| 119|  0|   184 |     0|        99 |         77|  32|  23|
|  99| 77| 122| 49| 184|  0| 119|  0|   184 |     0|       132 |         33| 172|  60|
| 183| 84| 130|  8| 184|  0| 120|  1|   184 |     0|       183 |         51| 182|  10|
|   7| 24| 191| 61| 184|  0| 120|  0|   184 |     0|         7 |         24|   3|  21|
| 172| 35|  26| 35| 184|  0| 120|  0|   184 |     0|         9 |          2|  27|  24|
|   3| 31|  14| 12| 184|  0| 120|  0|   184 |     0|        32 |         23|  38|  11|
|  32| 29|  89| 75| 184|  0| 120|  0|   184 |     0|       172 |         60| 105|  67|
| 182| 50| 195| 94| 183|  1| 120|  0|   183 |     1|       182 |         10| 119|  14|
|   9| 27| 114| 81| 183|  0| 120|  0|   183 |     0|         3 |         21| 198|  79|
| 105| 96|  53| 61| 183|  0| 121|  1|   183 |     0|        27 |         24| 195|   3|
| 198| 93|  44|  9| 183|  0| 121|  0|   183 |     0|        38 |         11| 169|  26|
| 119| 79| 176| 68| 183|  0| 121|  0|   183 |     0|       105 |         67| 134|  35|
|  38| 81| 160| 16| 182|  1| 121|  0|   182 |     1|       119 |         14|  81|  53|
|  27| 11| 187| 27| 182|  0| 121|  0|   182 |     0|       198 |         79|  14|  67|
| 195| 32|  22| 35| 182|  0| 121|  0|   182 |     0|       195 |          3|  22|   8|
| 169| 26|  71| 49| 182|  0| 122|  1|   182 |     0|       169 |         26|  58|  36|
|  81| 88| 118| 47| 182|  0| 122|  0|   182 |     0|       134 |         35|  92|  34|
| 134| 53| 156| 38| 182|  0| 122|  0|   182 |     0|        81 |         53| 105|  13|
|  14| 80| 101| 55| 181|  1| 122|  0|   181 |     1|        14 |         67| 115|  10|
|  58| 44|  42| 59| 181|  0| 122|  0|   181 |     0|        22 |          8|  53|  62|
|  92| 34|  58| 16| 181|  0| 122|  0|   181 |     0|        58 |         36|  40|  13|
|  22| 70|  11| 47| 181|  0| 123|  1|   181 |     0|        92 |         34|  27|  13|
| 105| 83| 124| 87| 181|  0| 124|  1|   181 |     0|       105 |         13|  19|   8|
| 115| 10| 167| 43| 181|  0| 124|  0|   181 |     0|       115 |         10| 150|  69|
|  19| 96| 111| 56| 181|  0| 124|  0|   181 |     0|        53 |         62| 139|  11|
|  27|  8|  40| 71| 180|  1| 124|  0|   180 |     1|        40 |         13| 136|   3|
|  53| 26|  82| 42| 180|  0| 125|  1|   180 |     0|        27 |         13| 134|   2|
|  40| 13|  22| 60| 180|  0| 125|  0|   180 |     0|        19 |          8| 123|  11|
| 150| 90| 118| 96| 180|  0| 125|  0|   180 |     0|       150 |         69|  66|  57|
| 134| 16|   5| 87| 180|  0| 126|  1|   180 |     0|       139 |         11|  17|  49|
| 123| 11|  45| 40| 179|  1| 126|  0|   179 |     1|       136 |          3|  14|   3|
| 139| 16|  18| 27| 179|  0| 126|  0|   179 |     0|       134 |          2|  12|   2|
|  66| 73| 149| 69| 179|  0| 126|  0|   179 |     0|       123 |         11| 120|  92|
| 136| 70|  42| 93| 178|  1| 126|  0|   178 |     1|        66 |         57| 132|  12|
|  14| 78| 157| 85| 178|  0| 127|  1|   178 |     0|        17 |         49| 189|  57|
| 120| 94| 155|  2| 178|  0| 127|  0|   178 |     0|        14 |          3| 108|  81|
| 132| 12|  71| 84| 178|  0| 127|  0|   178 |     0|        12 |          2| 105|   3|
|  17| 85|  37| 34| 178|  0| 127|  0|   178 |     0|       120 |         92|  97|   8|
|  12|  5| 148| 89| 177|  1| 128|  1|   177 |     1|       132 |         12|  44|  53|
| 189| 23| 160| 12| 177|  0| 128|  0|   177 |     0|       189 |         57|  48|   4|
| 105| 84| 122| 38| 177|  0| 128|  0|   177 |     0|       108 |         81|  99|  51|
|  97|  8|   7| 85| 177|  0| 129|  1|   177 |     0|       105 |          3| 181|  82|
| 108| 11|  48| 41| 176|  1| 129|  0|   176 |     1|        97 |          8|   8|  27|
|  44| 64|  60| 12| 176|  0| 129|  0|   176 |     0|        44 |         53|   1|   7|
|  99| 55| 136| 76| 176|  0| 129|  0|   176 |     0|        48 |          4|   9|   8|
| 181| 82|  66| 70| 176|  0| 129|  0|   176 |     0|        99 |         51|  72|  63|
|   1| 20| 197| 69| 176|  0| 129|  0|   176 |     0|       181 |         82|  87|  15|
|  48| 47| 137| 60| 176|  0| 129|  0|   176 |     0|         8 |         27| 115|  28|
|   8| 40|  87| 50| 176|  0| 129|  0|   176 |     0|         1 |          7| 128|  13|
|  72| 64| 107| 20| 176|  0| 130|  1|   176 |     0|         9 |          8| 196|  68|
| 115| 43|  35| 72| 175|  1| 130|  0|   175 |     1|        72 |         63|  81|  85|
|   9| 94| 199| 36| 175|  0| 131|  1|   175 |     0|        87 |         15|  31|  50|
| 128| 81|  81| 82| 175|  0| 131|  0|   175 |     0|       115 |         28|  28|   3|
|  87| 41| 116| 35| 175|  0| 131|  0|   175 |     0|       128 |         13|  14|  14|
| 196| 91| 121|  5| 175|  0| 131|  0|   175 |     0|       196 |         68|   4|  10|
|  31| 35|  69| 52| 175|  0| 131|  0|   175 |     0|        81 |         85|  20|  16|
|  14| 17|  71|  2| 175|  0| 131|  0|   175 |     0|        31 |         50| 117|  97|
|  28| 14|  83| 12| 174|  1| 132|  1|   174 |     1|        28 |          3| 187|  70|
|  81| 53| 106| 23| 174|  0| 132|  0|   174 |     0|        14 |         14| 196|   9|
|   4| 77|  13| 93| 174|  0| 132|  0|   174 |     0|         4 |         10| 191|   5|
| 187| 17| 163| 50| 173|  1| 132|  0|   173 |     1|        20 |         16| 184|   7|
| 196|  9| 149| 14| 173|  0| 132|  0|   173 |     0|       117 |         97| 119|  65|
| 117| 79|  63| 86| 173|  0| 132|  0|   173 |     0|       187 |         70|  77|  42|
|  20| 97|  50| 13| 173|  0| 132|  0|   173 |     0|       196 |          9|  15|  62|
|  15|  5| 160| 90| 172|  1| 132|  0|   172 |     1|       191 |          5|  25|  10|
| 191| 24| 126| 34| 172|  0| 133|  1|   172 |     0|       184 |          7|  89|  64|
| 119| 72| 146| 20| 172|  0| 134|  1|   172 |     0|       119 |         65|  92|   3|
| 184| 65| 144|  2| 172|  0| 134|  0|   172 |     0|        77 |         42|  92|   0|
|  77| 93|  50| 94| 172|  0| 134|  0|   172 |     0|        15 |         62| 181|  89|
|  25| 52| 119| 69| 172|  0| 134|  0|   172 |     0|        25 |         10|  93|  88|
|  92| 67|  51| 68| 171|  1| 134|  0|   171 |     1|        89 |         64|  90|   3|
|  92|  0|  46|  5| 171|  0| 135|  1|   171 |     0|        92 |          3|  75|  15|
| 181| 89| 162| 84| 171|  0| 135|  0|   171 |     0|        92 |          0|  64|  11|
|  89| 92|  11| 49| 170|  1| 135|  0|   170 |     1|       181 |         89|  44|  20|
|  90|  1|   1| 10| 170|  0| 136|  1|   170 |     0|        93 |         88|  73|  29|
|  93|  3| 129| 72| 170|  0| 136|  0|   170 |     0|        90 |          3|  99|  26|
|  75| 18|  60| 69| 170|  0| 136|  0|   170 |     0|        75 |         15| 127|  28|
|  64| 11|   8| 52| 169|  1| 136|  0|   169 |     1|        64 |         11| 177|  50|
|  44| 20| 176| 32| 169|  0| 136|  0|   169 |     0|        44 |         20|  18|  41|
| 127| 83| 128| 48| 169|  0| 137|  1|   169 |     0|        73 |         29|  26|   8|
|  99| 28| 161| 33| 168|  1| 137|  0|   168 |     1|        99 |         26| 117|  91|
| 177| 78|  11| 50| 168|  0| 137|  0|   168 |     0|       127 |         28| 126|   9|
|  18| 41|  48| 37| 168|  0| 138|  1|   168 |     0|       177 |         50| 153|  27|
|  73| 55|   8| 40| 168|  0| 138|  0|   168 |     0|        18 |         41| 163|  10|
| 126| 53| 133| 75| 168|  0| 139|  1|   168 |     0|        26 |          8| 156|   7|
|  26|100|  98| 35| 167|  1| 139|  0|   167 |     1|       117 |         91| 149|   7|
| 117| 91|  38| 60| 167|  0| 139|  0|   167 |     0|       126 |          9| 140|   9|
| 153| 36|  87| 49| 166|  1| 139|  0|   166 |     1|       153 |         27|  23|  83|
| 163| 10|  57| 30| 166|  0| 139|  0|   166 |     0|       163 |         10| 197|  26|
| 149| 14|  26| 31| 165|  1| 139|  0|   165 |     1|       156 |          7| 172|  25|
| 156|  7|  22|  4| 165|  0| 139|  0|   165 |     0|       149 |          7| 146|  26|
|  23| 67| 195| 27| 165|  0| 140|  1|   165 |     0|       140 |          9|  89|  57|
| 140| 83| 193|  2| 165|  0| 140|  0|   165 |     0|        23 |         83|  29|  60|
| 197| 57|  95| 98| 165|  0| 140|  0|   165 |     0|       197 |         26|  11|  18|
|  89| 92|  25| 70| 164|  1| 140|  0|   164 |     1|       172 |         25|  49|  38|
|  11| 78|  29|  4| 164|  0| 141|  1|   164 |     0|       146 |         26|  73|  24|
| 172| 39| 176| 53| 164|  0| 141|  0|   164 |     0|        89 |         57|  90|  17|
|  29| 57| 101| 75| 164|  0| 141|  0|   164 |     0|        29 |         60| 102|  12|
| 146| 83|  14| 87| 163|  1| 141|  0|   163 |     1|        11 |         18| 184|  82|
| 102| 44| 154| 60| 163|  0| 141|  0|   163 |     0|        49 |         38| 173|  11|
|  49| 53| 103| 51| 163|  0| 141|  0|   163 |     0|        73 |         24| 132|  41|
|  73| 24| 178| 75| 162|  1| 141|  0|   162 |     1|        90 |         17| 131|   1|
| 184| 89|  30| 52| 162|  0| 142|  1|   162 |     0|       102 |         12|  62|  69|
|  90| 94| 170| 60| 161|  1| 142|  0|   161 |     1|       184 |         82|   7|  55|
| 173| 83| 178|  8| 160|  1| 142|  0|   160 |     1|       173 |         11|  23|  16|
| 132| 41|  50| 72| 160|  0| 142|  0|   160 |     0|       132 |         41|  25|   2|
| 131|  1|  20| 30| 160|  0| 142|  0|   160 |     0|       131 |          1|  37|  12|
|  62| 69|  75| 55| 159|  1| 142|  0|   159 |     1|        62 |         69|  72|  35|
|   7| 55| 176| 99| 159|  0| 143|  1|   159 |     0|         7 |         55| 129|  57|
|  37| 30| 115| 61| 159|  0| 143|  0|   159 |     0|        23 |         16|  60|  69|
|  72| 35| 196| 81| 159|  0| 143|  0|   159 |     0|        25 |          2|  36|  24|
|  23| 49|  48| 52| 159|  0| 143|  0|   159 |     0|        37 |         12| 175|  61|
| 129| 94|   4| 44| 159|  0| 143|  0|   159 |     0|        72 |         35| 175|   0|
|  25| 96|  31| 27| 159|  0| 143|  0|   159 |     0|       129 |         57| 195|  20|
|  36| 11| 109| 78| 159|  0| 144|  1|   159 |     0|        60 |         69| 164|  31|
| 175| 61| 111|  2| 158|  1| 144|  0|   158 |     1|        36 |         24| 115|  49|
| 195| 20|   7| 96| 158|  0| 144|  0|   158 |     0|       175 |         61|  98|  17|
|  60| 65| 114| 93| 158|  0| 144|  0|   158 |     0|       175 |          0|  84|  14|
| 175| 85|  58| 56| 158|  0| 145|  1|   158 |     0|       195 |         20|  66|  18|
|  98| 77|  31| 27| 158|  0| 145|  0|   158 |     0|       164 |         31| 101|  35|
| 164| 66| 114| 83| 158|  0| 145|  0|   158 |     0|       115 |         49| 122|  21|
|  84| 80|  19| 95| 158|  0| 145|  0|   158 |     0|        98 |         17| 168|  46|
|  66| 18|  95| 76| 158|  0| 145|  0|   158 |     0|        84 |         14| 196|  28|
| 115| 49| 126| 31| 157|  1| 146|  1|   157 |     1|        66 |         18|  21|  25|
| 101| 14| 188| 62| 157|  0| 146|  0|   157 |     0|       101 |         35|  64|  43|
| 168| 67|   9| 21| 157|  0| 146|  0|   157 |     0|       122 |         21|  65|   1|
|  21| 53|  65| 56| 156|  1| 146|  0|   156 |     1|       168 |         46|  87|  22|
| 122| 99| 126| 61| 156|  0| 146|  0|   156 |     0|       196 |         28| 158|  71|
| 196| 74| 100| 26| 156|  0| 146|  0|   156 |     0|        21 |         25| 159|   1|
|  87| 91| 182| 82| 156|  0| 146|  0|   156 |     0|        64 |         43| 156|   3|
|  65| 22| 196| 14| 156|  0| 146|  0|   156 |     0|        65 |          1| 118|  38|
| 158| 93|  35| 39| 156|  0| 146|  0|   156 |     0|        87 |         22| 101|  17|
| 159|  1| 158| 77| 156|  0| 147|  1|   156 |     0|       158 |         71|  71|  30|
|  64| 95| 137| 21| 155|  1| 147|  0|   155 |     1|       159 |          1|  22|  49|
| 132| 68| 146|  9| 155|  0| 147|  0|   155 |     0|       132 |         27|  31|   9|
| 105| 27| 147|  1| 155|  0| 148|  1|   155 |     0|       105 |         27|  33|   2|
|  33| 72| 181| 34| 155|  0| 148|  0|   155 |     0|        33 |         72| 105|  72|
| 163| 70|  71| 90| 154|  1| 148|  0|   154 |     1|        31 |          2| 132|  27|
|  31| 68|  71|  0| 154|  0| 148|  0|   154 |     0|       163 |         68| 163|  31|
|  61| 30|  48| 23| 154|  0| 148|  0|   154 |     0|       137 |         26| 157|   6|
| 195| 66|  25| 23| 153|  1| 148|  0|   153 |     1|        98 |         39| 146|  11|
|  18| 23|  55| 30| 153|  0| 148|  0|   153 |     0|        61 |         37|  91|  55|
| 137| 81| 164| 91| 153|  0| 149|  1|   153 |     0|        18 |         43|  52|  39|
|  98| 39| 105| 59| 153|  0| 149|  0|   153 |     0|       195 |         23|  38|  14|
| 146| 48|  88| 17| 153|  0| 149|  0|   153 |     0|       157 |         38|  57|  19|
|  38| 92|  45| 43| 153|  0| 149|  0|   153 |     0|       146 |         11|  78|  21|
|  91| 53| 168| 77| 153|  0| 149|  0|   153 |     0|        91 |         55|  90|  12|
| 157| 66| 180| 12| 152|  1| 149|  0|   152 |     1|        52 |         39| 119|  29|
|  52| 95| 159| 21| 152|  0| 149|  0|   152 |     0|        38 |         14| 193|  74|
|  90| 38| 198| 39| 152|  0| 149|  0|   152 |     0|        57 |         19| 142|  51|
|  78| 12|   7|  9| 152|  0| 150|  1|   152 |     0|        78 |         21|  98|  44|
|  57| 21| 176| 31| 151|  1| 150|  0|   151 |     1|        90 |         12|  84|  14|
| 193| 64|  38| 62| 151|  0| 150|  0|   151 |     0|       119 |         29|  22|  62|
| 119| 74| 140| 98| 151|  0| 150|  0|   151 |     0|       193 |         74| 195|  27|
|  22| 97|   2| 62| 151|  0| 150|  0|   151 |     0|       142 |         51| 119|  76|
| 195| 27|  17| 15| 151|  0| 150|  0|   151 |     0|        98 |         44| 110|   9|
| 142| 53| 119| 98| 150|  1| 151|  1|   150 |     1|        84 |         14|  85|  25|
|  84| 58| 154| 35| 150|  0| 151|  0|   150 |     0|        22 |         62|  41|  44|
|  98| 14|  46| 92| 150|  0| 151|  0|   150 |     0|       195 |         27|   1|  40|
| 110| 12| 157| 89| 150|  0| 151|  0|   150 |     0|       119 |         76|  96|  95|
|  85| 25|  84| 73| 150|  0| 151|  0|   150 |     0|       110 |          9| 100|   4|
|   1| 84| 122| 38| 150|  0| 152|  1|   150 |     0|        85 |         25| 102|   2|
| 119| 82| 104| 18| 149|  1| 152|  0|   149 |     1|        41 |         44| 151|  49|
|  41| 78| 134| 30| 149|  0| 152|  0|   149 |     0|         1 |         40| 185|  34|
| 102| 61| 182| 48| 149|  0| 152|  0|   149 |     0|        96 |         95| 180|   5|
|  96|  6|  71| 89| 149|  0| 153|  1|   149 |     0|       100 |          4|  81|  99|
| 100|  4|  45| 26| 149|  0| 153|  0|   149 |     0|       102 |          2|  61|  20|
| 185| 85| 121| 76| 149|  0| 153|  0|   149 |     0|       151 |         49|   6|  55|
| 151| 34| 102| 19| 149|  0| 153|  0|   149 |     0|       185 |         34| 200|   6|
|  61| 90| 159| 57| 149|  0| 153|  0|   149 |     0|       180 |          5| 186|  14|
|  81| 20| 179| 20| 148|  1| 153|  0|   148 |     1|        81 |         99|  89|  97|
| 200| 81| 100| 79| 148|  0| 153|  0|   148 |     0|        61 |         20|  70|  19|
| 180| 20| 121| 21| 148|  0| 154|  1|   148 |     0|         6 |         55|  40|  30|
|   6| 26| 106| 15| 148|  0| 154|  0|   148 |     0|       200 |          6|  36|   4|
|  40| 34| 178| 72| 148|  0| 154|  0|   148 |     0|       186 |         14|  41|   5|
|  36|  4| 191| 13| 148|  0| 155|  1|   148 |     0|        89 |         97|  89|  48|
|  89| 53|  43| 52| 148|  0| 155|  0|   148 |     0|        70 |         19| 107|  18|
| 186| 97|  58| 15| 147|  1| 155|  0|   147 |     1|        40 |         30| 139|  32|
|  70| 84|  16| 42| 147|  0| 155|  0|   147 |     0|        36 |          4| 145|   6|
| 145| 75|  53| 37| 147|  0| 156|  1|   147 |     0|        41 |          5|  36|  91|
|  41| 96| 153|100| 146|  1| 156|  0|   146 |     1|        89 |         48|  21|  15|
| 107| 66| 151|  2| 146|  0| 156|  0|   146 |     0|       107 |         18|  13|   8|
| 139| 32| 159|  8| 146|  0| 156|  0|   146 |     0|       139 |         32| 146|  67|
|  89| 50| 171| 12| 146|  0| 156|  0|   146 |     0|       145 |          6| 174|  28|
|  21| 68|  57| 86| 146|  0| 156|  0|   146 |     0|        36 |         91| 156|  18|
|  13|  8| 145| 88| 146|  0| 156|  0|   146 |     0|        21 |         15| 124|  32|
|  36| 23| 182| 37| 146|  0| 157|  1|   146 |     0|        13 |          8|  78|  46|
| 146| 90| 177|  5| 146|  0| 157|  0|   146 |     0|       146 |         67|  28|  50|
| 174| 28| 198| 21| 146|  0| 157|  0|   146 |     0|       174 |         28| 175|  53|
|  28| 54|  53| 55| 145|  1| 158|  1|   145 |     1|       156 |         18| 179|   4|
|  78| 50|  17| 36| 145|  0| 158|  0|   145 |     0|       124 |         32| 118|  61|
| 156| 78|  43| 26| 145|  0| 158|  0|   145 |     0|        78 |         46|  97|  21|
| 175| 19| 127| 84| 145|  0| 158|  0|   145 |     0|        28 |         50|  83|  14|
| 124| 51| 200| 73| 145|  0| 158|  0|   145 |     0|       175 |         53|  21|  62|
| 179| 55|  47| 47| 144|  1| 158|  0|   144 |     1|       179 |          4| 120|  99|
| 118| 61|  63| 16| 144|  0| 158|  0|   144 |     0|       118 |         61| 139|  19|
|  97| 21|  16| 47| 144|  0| 158|  0|   144 |     0|        97 |         21| 148|   9|
|  21| 76| 144| 72| 144|  0| 159|  1|   144 |     0|        83 |         14| 150|   2|
|  83| 62| 141|  3| 143|  1| 159|  0|   143 |     1|        21 |         62| 158|   8|
| 139| 56|   6| 65| 143|  0| 159|  0|   143 |     0|       120 |         99| 120|  38|
| 150| 11|  91| 85| 143|  0| 159|  0|   143 |     0|       139 |         19| 116|   4|
| 120| 30|  58| 33| 143|  0| 159|  0|   143 |     0|       148 |          9| 104|  12|
| 158| 38|  16| 42| 143|  0| 159|  0|   143 |     0|       150 |          2|  95|   9|
| 148| 10| 149| 67| 143|  0| 159|  0|   143 |     0|       158 |          8|  61|  34|
| 120| 28|   6| 57| 142|  1| 159|  0|   142 |     1|       120 |         38|  61|   0|
|  61| 59| 184| 22| 142|  0| 160|  1|   142 |     0|       116 |          4| 146|  85|
| 104| 43| 120| 64| 142|  0| 160|  0|   142 |     0|       104 |         12| 159|  13|
|  95|  9|  91| 29| 142|  0| 160|  0|   142 |     0|        95 |          9| 168|   9|
| 116| 21| 105| 14| 142|  0| 161|  1|   142 |     0|        61 |         34| 193|  25|
| 193| 77| 149| 44| 142|  0| 162|  1|   142 |     0|        61 |          0| 137|  56|
| 159| 34| 153|  4| 141|  1| 162|  0|   141 |     1|       146 |         85|  98|  39|
|  61| 98| 165| 12| 141|  0| 163|  1|   141 |     0|       159 |         13|  61|  37|
| 146| 85|  37| 72| 141|  0| 163|  0|   141 |     0|       168 |          9|  18|  43|
| 168| 22| 178| 59| 141|  0| 163|  0|   141 |     0|       193 |         25| 195|  23|
| 181| 13|  62| 84| 141|  0| 164|  1|   141 |     0|       181 |         12| 181|  14|
| 200| 19|  80| 18| 141|  0| 164|  0|   141 |     0|       158 |         23| 158|  23|
|  87| 87|   5| 75| 141|  0| 164|  0|   141 |     0|       139 |         19| 139|  19|
| 139| 52| 151| 54| 140|  1| 164|  0|   140 |     1|        87 |         52|  87|  52|
| 158| 19|  27| 76| 140|  0| 165|  1|   140 |     0|       200 |         87| 200|  87|
|  63| 95| 175| 52| 140|  0| 165|  0|   140 |     0|       119 |         81| 119|  81|
|  77| 14| 135| 40| 140|  0| 165|  0|   140 |     0|        77 |         42|  77|  42|
|  71|  6| 150| 15| 139|  1| 165|  0|   139 |     1|        71 |          6|  71|   6|
|  61| 10| 175| 25| 139|  0| 165|  0|   139 |     0|        63 |          8|  63|   8|
| 119| 58| 193| 18| 139|  0| 166|  1|   139 |     0|        61 |          2|  61|   2|
|  81| 38|  98| 95| 139|  0| 166|  0|   139 |     0|        70 |          9|  70|   9|
|  70| 11|   3| 95| 139|  0| 167|  1|   139 |     0|        81 |         11|  81|  11|
|  96| 26| 149| 54| 139|  0| 167|  0|   139 |     0|        96 |         15|  96|  15|
|  14| 82| 129| 20| 139|  0| 168|  1|   139 |     0|        97 |          1|  97|   1|
|  97| 83| 152| 23| 138|  1| 168|  0|   138 |     1|        14 |         83|  14|  83|
|  76| 21| 103| 49| 138|  0| 168|  0|   138 |     0|        44 |         30|  44|  30|
| 104| 28| 164| 61| 137|  1| 168|  0|   137 |     1|        64 |         20|  64|  20|
| 143| 39|  48| 84| 137|  0| 168|  0|   137 |     0|        76 |         12|  76|  12|
|  64| 79|  96| 48| 137|  0| 169|  1|   137 |     0|       104 |         28| 104|  28|
|  44| 20|  81| 15| 136|  1| 169|  0|   136 |     1|       143 |         39| 143|  39|
|  56| 12|  67| 14| 136|  0| 169|  0|   136 |     0|        81 |         62|  81|  62|
| 148| 92| 112| 45| 136|  0| 170|  1|   136 |     0|        56 |         25|  56|  25|
|  81| 67|  39| 73| 136|  0| 170|  0|   136 |     0|        35 |         21|  35|  21|
|  35| 46| 155| 84| 136|  0| 170|  0|   136 |     0|       145 |         90| 145|  90|
| 145| 90| 187| 32| 135|  1| 170|  0|   135 |     1|       148 |          3| 148|   3|
|   2| 57|  65| 78| 135|  0| 171|  1|   135 |     0|       125 |         23| 125|  23|
|  77| 75| 148| 83| 135|  0| 171|  0|   135 |     0|        90 |         35|  90|  35|
| 125| 48| 169| 21| 134|  1| 171|  0|   134 |     1|        77 |         13|  77|  13|
|   6| 81|  31| 62| 134|  0| 172|  1|   134 |     0|         6 |         71|   6|  71|
|  90| 84|  87| 56| 134|  0| 172|  0|   134 |     0|         2 |          4|   2|   4|
|  96|  6|  85|  2| 134|  0| 172|  0|   134 |     0|         4 |          2|   4|   2|
|   4| 92| 184| 99| 134|  0| 172|  0|   134 |     0|         4 |          0|   4|   0|
| 185| 19| 172| 12| 133|  1| 172|  0|   133 |     1|        70 |         66|  70|  66|
|   4| 19| 143| 29| 132|  1| 172|  0|   132 |     1|        96 |         26|  96|  26|
|  70| 66| 126| 17| 132|  0| 173|  1|   132 |     0|       185 |         89| 185|  89|
|  99| 29|   7| 81| 132|  0| 173|  0|   132 |     0|       183 |          2| 182|   3|
|  38| 61|  56| 49| 132|  0| 173|  0|   132 |     0|       149 |         34| 135|  47|
| 149| 89| 148| 92| 132|  0| 173|  0|   132 |     0|        99 |         50| 112|  23|
| 183| 34|  93| 55| 132|  0| 174|  1|   132 |     0|        38 |         61| 111|   1|
|  28| 45|   5| 88| 132|  0| 174|  0|   132 |     0|        28 |         10|  92|  19|
| 111| 83| 168| 37| 132|  0| 174|  0|   132 |     0|        92 |         64|  95|   3|
|  92| 19|  83| 85| 131|  1| 175|  1|   131 |     1|       111 |         19| 176|  81|
| 182| 90| 183|100| 131|  0| 175|  0|   131 |     0|       112 |          1| 179|   3|
| 135| 47| 159| 24| 131|  0| 175|  0|   131 |     0|       135 |         23|  77|  98|
| 112| 23|   6| 47| 131|  0| 175|  0|   131 |     0|       182 |         47|  36|  41|
| 179| 67|  12|  6| 131|  0| 175|  0|   131 |     0|       179 |          3|  70|  34|
|  95| 84| 158| 54| 131|  0| 175|  0|   131 |     0|       176 |          3| 188|  82|
|  77| 18| 162|  4| 130|  1| 175|  0|   130 |     1|        95 |         81| 191|   3|
| 176| 99|  30| 68| 130|  0| 176|  1|   130 |     0|        77 |         18| 198|   7|
|  36| 60| 188| 42| 129|  1| 176|  0|   129 |     1|        36 |         41|  29|  31|
|  70| 34| 143| 45| 129|  0| 176|  0|   129 |     0|        70 |         34|  43|  14|
| 191| 79| 171| 28| 129|  0| 176|  0|   129 |     0|       188 |         82|  45|   2|
|  29| 38| 170|  1| 129|  0| 176|  0|   129 |     0|       191 |          3|  57|  12|
| 188| 41|  31| 61| 129|  0| 176|  0|   129 |     0|       198 |          7| 135|  78|
| 198| 10| 177| 54| 129|  0| 176|  0|   129 |     0|        29 |         31| 148|  13|
|  45| 47|  53| 76| 129|  0| 176|  0|   129 |     0|        43 |         14| 165|  17|
| 148| 97| 199| 54| 129|  0| 177|  1|   129 |     0|        45 |          2| 180|  15|
|  43| 95|  99|100| 128|  1| 177|  0|   128 |     1|        57 |         12|  82|  98|
|  57| 14| 109| 10| 128|  0| 177|  0|   128 |     0|       135 |         78|  71|  11|
| 135| 78|  89| 20| 128|  0| 177|  0|   128 |     0|       148 |         13|  48|  23|
| 180| 45| 199| 90| 127|  1| 178|  1|   127 |     1|       165 |         17| 155|  93|
|  71| 91| 125| 74| 127|  0| 178|  0|   127 |     0|       180 |         15| 185|  30|
|  48| 23|  96| 29| 127|  0| 178|  0|   127 |     0|        82 |         98|  38|  53|
| 165| 83|  48| 48| 127|  0| 178|  0|   127 |     0|        71 |         11|  28|  10|
|  82| 83| 112| 64| 126|  1| 178|  0|   126 |     1|        48 |         23|  19|   9|
| 155| 73|  32| 80| 126|  0| 179|  1|   126 |     0|       155 |         93|  39|  20|
|  19| 64|  27|  5| 126|  0| 179|  0|   126 |     0|       185 |         30|  54|  15|
| 185| 34| 191| 36| 126|  0| 179|  0|   126 |     0|        38 |         53|  97|  43|
|  38| 53|  99| 92| 126|  0| 180|  1|   126 |     0|        28 |         10| 130|  33|
|  28| 10| 188| 89| 125|  1| 180|  0|   125 |     1|        19 |          9| 152|  22|
|  97| 69|  61| 73| 125|  0| 180|  0|   125 |     0|        39 |         20| 149|   3|
| 152| 55| 168| 93| 125|  0| 180|  0|   125 |     0|        54 |         15|  99|  50|
|  39| 87| 165|  3| 124|  1| 180|  0|   124 |     1|        97 |         43|  38|  61|
| 130| 91| 194| 29| 124|  0| 181|  1|   124 |     0|       130 |         33|  28|  10|
|  54| 76| 186|  8| 124|  0| 181|  0|   124 |     0|       152 |         22| 183|  45|
|   4| 50| 159| 27| 124|  0| 181|  0|   124 |     0|       138 |         14| 138|  45|
|  58| 54|  86| 73| 123|  1| 181|  0|   123 |     1|       117 |         21| 117|  21|
|  75| 17|  78|  8| 122|  1| 181|  0|   122 |     1|        75 |         42|  75|  42|
| 117| 42|  77|  1| 122|  0| 181|  0|   122 |     0|        58 |         17|  58|  17|
| 138| 21|  17| 60| 122|  0| 181|  0|   122 |     0|         4 |         54|   4|  54|
|  95| 43|  70| 53| 122|  0| 182|  1|   122 |     0|         7 |          3|  19|  15|
|  38| 57|  97| 27| 122|  0| 182|  0|   122 |     0|        27 |         20|  43|  24|
|  27| 11| 194| 97| 122|  0| 182|  0|   122 |     0|        37 |         10|  78|  35|
|  37| 10|  35| 41| 121|  1| 182|  0|   121 |     1|        38 |          1| 139|  61|
|   7| 30|  95| 60| 121|  0| 182|  0|   121 |     0|        95 |         57| 144|   5|
| 139| 68|  51| 44| 121|  0| 182|  0|   121 |     0|       139 |         44| 129|  15|
| 144|  5|  44|  7| 121|  0| 183|  1|   121 |     0|       144 |          5|  87|  42|
|  78| 66| 182| 62| 121|  0| 183|  0|   121 |     0|        78 |         66|  81|   6|
|  19| 59| 142| 40| 121|  0| 183|  0|   121 |     0|        43 |         35|  66|  15|
|  43| 24| 185| 43| 120|  1| 183|  0|   120 |     1|        19 |         24|  59|   7|
|  59| 16|  71| 86| 120|  0| 183|  0|   120 |     0|        59 |         40|  93|  34|
|  66|  7|  74|  3| 120|  0| 184|  1|   120 |     0|        66 |          7| 156|  63|
| 129| 63|  40| 34| 120|  0| 184|  0|   120 |     0|        81 |         15| 165|   9|
|  87| 42|  63| 23| 120|  0| 184|  0|   120 |     0|        87 |          6| 184|  19|
|  81|  6| 129| 66| 120|  0| 184|  0|   120 |     0|       129 |         42|  32|  48|
|  93| 12| 128|  1| 120|  0| 184|  0|   120 |     0|        93 |         36|  90|  58|
| 184| 91| 172| 44| 119|  1| 184|  0|   119 |     1|        32 |         61|  99|   9|
| 156| 28|  15| 43| 119|  0| 184|  0|   119 |     0|       156 |         76| 183|  84|
|  32| 76| 158| 57| 119|  0| 184|  0|   119 |     0|       165 |          9| 199|  16|
| 165| 67|  13| 55| 119|  0| 184|  0|   119 |     0|       184 |         19|  15|  16|
| 199| 34| 181| 32| 119|  0| 185|  1|   119 |     0|       199 |         15|  48|  33|
|  90| 91| 142| 39| 119|  0| 185|  0|   119 |     0|       183 |         16|  63|  15|
|  99|  9|  57| 85| 119|  0| 185|  0|   119 |     0|        99 |         84|  76|  13|
| 183| 84|  62|  5| 119|  0| 185|  0|   119 |     0|        90 |          9| 189|  87|
|  15| 32| 176| 86| 119|  0| 185|  0|   119 |     0|        15 |         75| 198|   9|
|  48| 33|  65| 89| 118|  1| 185|  0|   118 |     1|        48 |         33| 193|   5|
|  63| 15|  11| 54| 118|  0| 186|  1|   118 |     0|        63 |         15| 187|   6|
| 198| 65|  85| 74| 118|  0| 186|  0|   118 |     0|        76 |         13| 184|   3|
| 189|  9|  60| 25| 117|  1| 186|  0|   117 |     1|       189 |         87| 117|  67|
|  76| 87|  44| 16| 117|  0| 186|  0|   117 |     0|       198 |          9|   1|  84|
| 117| 41| 188| 56| 117|  0| 186|  0|   117 |     0|       193 |          5| 121|  80|
| 184| 67|  89| 99| 117|  0| 186|  0|   117 |     0|       187 |          6| 131|  10|
|   1| 17| 192| 97| 117|  0| 187|  1|   117 |     0|       184 |          3| 151|  20|
| 193|  8|   8| 16| 116|  1| 187|  0|   116 |     1|       117 |         67| 152|   1|
| 187|  6|  14|  6| 116|  0| 187|  0|   116 |     0|         1 |         84| 175|  23|
| 131| 56|  71| 57| 116|  0| 187|  0|   116 |     0|       121 |         80| 172|   3|
| 121| 10|  17| 54| 116|  0| 187|  0|   116 |     0|       131 |         10| 156|  16|
| 151| 30| 102| 85| 116|  0| 188|  1|   116 |     0|       151 |         20| 143|  13|
| 152|  1| 102|  0| 116|  0| 188|  0|   116 |     0|       152 |          1| 114|  29|
| 175| 23| 196| 94| 115|  1| 188|  0|   115 |     1|       175 |         23|  97|  17|
| 156| 19| 122| 74| 115|  0| 188|  0|   115 |     0|       172 |          3| 101|   4|
| 172| 16| 189| 67| 115|  0| 188|  0|   115 |     0|       156 |         16| 104|   3|
| 143| 29|  51| 62| 115|  0| 188|  0|   115 |     0|       143 |         13| 146|  42|
| 114| 29|   9| 42| 115|  0| 188|  0|   115 |     0|       114 |         29| 150|   4|
|  97| 17|   9|  0| 115|  0| 189|  1|   115 |     0|        97 |         17|  63|  87|
| 150| 53|  58| 49| 114|  1| 189|  0|   114 |     1|       101 |          4|  71|   8|
| 104| 46| 200| 58| 114|  0| 189|  0|   114 |     0|       104 |          3|  72|   1|
| 146| 42|  36| 36| 114|  0| 189|  0|   114 |     0|       146 |         42| 129|  57|
|  63| 83|  68| 32| 114|  0| 189|  0|   114 |     0|       150 |          4| 136|   7|
| 101| 38|  48| 20| 112|  2| 191|  2|   112 |     2|        63 |         87| 166|  30|
|  72| 29|  59| 11| 112|  0| 191|  0|   112 |     0|        71 |          8| 159|   7|
|  71|  1|  47| 12| 112|  0| 191|  0|   112 |     0|        72 |          1| 156|   3|
| 136| 65| 110| 63| 112|  0| 191|  0|   112 |     0|       129 |         57| 143|  13|
| 166| 30|  28| 82| 112|  0| 191|  0|   112 |     0|       136 |          7| 136|   7|
| 129| 37|  50| 22| 111|  1| 191|  0|   111 |     1|       166 |         30| 105|  31|
| 105| 24| 129| 79| 111|  0| 192|  1|   111 |     0|       159 |          7| 105|   0|
| 143| 38| 141| 12| 111|  0| 193|  1|   111 |     0|       156 |          3|  82|  23|
| 159| 16| 185| 44| 111|  0| 193|  0|   111 |     0|       143 |         13|  34|  48|
| 136| 23|  74| 89| 110|  1| 193|  0|   110 |     1|       136 |          7| 167|  67|
| 156| 20| 112| 38| 110|  0| 193|  0|   110 |     0|       105 |         31| 170|   3|
|  82| 74|  86| 26| 110|  0| 193|  0|   110 |     0|       105 |          0| 165|   5|
| 167| 85|  86|  0| 110|  0| 193|  0|   110 |     0|        82 |         23| 122|  43|
|  34| 67|   7| 79| 110|  0| 194|  1|   110 |     0|        34 |         48|  45|  77|
| 105| 71|  92| 85| 110|  0| 194|  0|   110 |     0|       167 |         67|  28|  17|
| 170| 65|  87|  5| 109|  1| 194|  0|   109 |     1|       170 |          3|  21|   7|
|  28| 58| 181| 94| 109|  0| 194|  0|   109 |     0|       165 |          5|  67|  46|
| 122| 94| 142| 39| 108|  1| 195|  1|   108 |     1|       122 |         43| 102|  35|
|  21| 99| 147|  5| 108|  0| 195|  0|   108 |     0|        45 |         77| 139|  37|
|  45| 24|  74| 73| 107|  1| 195|  0|   107 |     1|        28 |         17| 188|  49|
| 165| 80| 119| 45| 107|  0| 195|  0|   107 |     0|        21 |          7|   2|  14|
| 102| 63|  72| 47| 106|  1| 195|  0|   106 |     1|        67 |         46|  19|  17|
|   2|100| 131| 59| 106|  0| 195|  0|   106 |     0|       102 |         35|  88|  69|
|  67| 65| 125|  6| 106|  0| 195|  0|   106 |     0|       139 |         37| 131|  43|
| 188| 79| 188| 63| 106|  0| 195|  0|   106 |     0|       188 |         49| 145|  14|
| 139| 49| 136| 52| 106|  0| 195|  0|   106 |     0|         2 |         14| 186|  41|
| 186| 47|  63| 73| 105|  1| 196|  1|   105 |     1|        19 |         17| 120|  66|
|  19| 33| 106| 43| 105|  0| 196|  0|   105 |     0|        88 |         69| 111|   9|
| 131| 88| 158| 52| 105|  0| 196|  0|   105 |     0|       131 |         43| 103|   8|
|  88| 43| 200| 42| 105|  0| 196|  0|   105 |     0|       145 |         14|  70|  33|
| 145| 57| 175| 25| 105|  0| 196|  0|   105 |     0|       186 |         41|  54|  16|
| 111| 34|   1| 26| 105|  0| 196|  0|   105 |     0|       120 |         66|  95|  41|
|  54| 57|  20| 19| 105|  0| 197|  1|   105 |     0|       111 |          9|  38|  57|
| 103| 49|  11|  9| 105|  0| 197|  0|   105 |     0|       103 |          8|  37|   1|
|  70| 33|   7|  4| 105|  0| 197|  0|   105 |     0|        70 |         33|  27|  10|
| 120| 50| 121| 86| 104|  1| 197|  0|   104 |     1|        54 |         16|   7|  20|
| 170| 50|  84| 37| 104|  0| 198|  1|   104 |     0|        58 |          4|  20|  13|
|  58| 88|  79|  5| 104|  0| 198|  0|   104 |     0|        70 |         12|  25|   5|
|  38| 20|  50| 29| 104|  0| 198|  0|   104 |     0|       149 |         79|  54|  29|
| 149| 89| 150|100| 104|  0| 198|  0|   104 |     0|       170 |         21|  68|  14|
|  70| 79|  30| 80| 104|  0| 198|  0|   104 |     0|        38 |         68| 153|  85|
|  20| 50| 180| 50| 103|  1| 198|  0|   103 |     1|        25 |         13| 170|  17|
|  68| 48| 151| 29| 103|  0| 198|  0|   103 |     0|        20 |          5| 149|  21|
|  25| 43| 116| 35| 103|  0| 199|  1|   103 |     0|        54 |         34|  70|  79|
| 153| 72| 110|  6| 103|  0| 199|  0|   103 |     0|        68 |         14|  58|  12|
|  54| 99|  24| 86| 102|  1| 199|  0|   102 |     1|       153 |         85|  38|  20|
|  23| 31|  43| 19| 102|  0| 199|  0|   102 |     0|        83 |         70|  89|  51|
|   2| 21|  78| 35| 102|  0| 199|  0|   102 |     0|        57 |         26| 153|  64|
|  83| 81| 152| 74| 102|  0| 200|  1|   102 |     0|        32 |         25| 153|   0|
|  57| 26|  75| 77| 102|  0| 200|  0|   102 |     0|        23 |          9| 180|  27|
|  32| 25|  40| 35| 102|  0| 200|  0|   102 |     0|         2 |         21| 189|   9|
| 180| 52|  67| 27| 101|  1| 200|  0|   101 |     1|        89 |         87|  83|  94|
| 153| 27| 116| 49| 101|  0| 200|  0|   101 |     0|       153 |         64|  57|  26|
|  89| 64| 141| 25| 101|  0| 200|  0|   101 |     0|       153 |          0|  32|  25|
| 153| 64| 199| 58| 101|  0| 200|  0|   101 |     0|       180 |         27|  23|   9|
--------------------------------------------------------------------------------------
|  159 ns|  174 ns|   62 ns|   90 ns|         88 ns|                 149 ns|   191 ns|
--------------------------------------------------------------------------------------
|   48 ns|   48 ns|    0 ns|    0 ns|          0 ns|                  32 ns|    31 ns|
--------------------------------------------------------------------------------------
|  FIFO  |  LIFO  |  SSTF  |  SCAN  |    C-SCAN    |      N-STEP-SCAN      |  FSCAN  |
--------------------------------------------------------------------------------------
