
The table is organized as such:
| Policy Name |
| Starting Track |
| Next track | Tracks Moved |
| ... |
| Average Seek Length |
| Average Seek Time |
--------------------------------------------------------------------------------------
|  FIFO  |  LIFO  |  SSTF  |  SCAN  |    C-SCAN    |      N-STEP-SCAN      |  FSCAN  |
--------------------------------------------------------------------------------------
|   100  |   100  |   100  |   100  |       100    |              100      |    100  |
--------------------------------------------------------------------------------------
|  17| 83| 172| 72| 100|  0| 100|  0|   100 |     0|        40 |         60|  40|  60|
|  40| 23| 111| 61| 100|  0| 100|  0|   100 |     0|        39 |          1|  39|   1|
| 117| 77| 178| 67| 100|  0| 100|  0|   100 |     0|        17 |         22|  17|  22|
|  39| 78|  91| 87| 100|  0| 100|  0|   100 |     0|        11 |          6|  11|   6|
|  11| 28|  23| 68| 100|  0| 100|  0|   100 |     0|       117 |         94| 117|  94|
|  92| 81|  24|  1| 100|  0| 100|  0|   100 |     0|        92 |         25|  66|  51|
|  52| 40|  31|  7| 100|  0| 100|  0|   100 |     0|        69 |         23|  54|  12|
| 170| 82|  56| 25| 100|  0| 100|  0|   100 |     0|        52 |         17| 140|  86|
|  69| 99| 114| 58| 100|  0| 100|  0|   100 |     0|        23 |         29| 144|   4|
|  23| 46| 175| 61| 100|  0| 100|  0|   100 |     0|       170 |         53| 167|  23|
|  54| 31|  80| 95| 101|  1|  99|  1|    99 |     1|       167 |          3|  92|  75|
|  66| 12| 147| 67| 102|  1|  99|  0|    99 |     0|       144 |         23|  69|  23|
| 167| 99|  26| 79| 102|  0|  99|  0|    99 |     0|       140 |          4|  52|  17|
| 140| 27|  79| 53| 103|  1|  98|  1|    98 |     1|        66 |         74|  23|  29|
| 144|  4|  51| 28| 103|  0|  98|  0|    98 |     0|        54 |         12| 170|  53|
|  13| 69| 167| 84| 103|  0|  98|  0|    98 |     0|        13 |         41| 131|  39|
|  94| 81|  22| 55| 104|  1|  97|  1|    97 |     1|         9 |          4|  94|  37|
| 131| 37| 126| 96| 104|  0|  97|  0|    97 |     0|        94 |         85|  13|  81|
| 198| 67|  93| 33| 104|  0|  97|  0|    97 |     0|       131 |         37|   9|   4|
|   9| 11|  34| 59| 104|  0|  96|  1|    96 |     1|       198 |         67| 198|  11|
| 198| 11|  11| 23| 104|  0|  96|  0|    96 |     0|       198 |          0| 198|   0|
| 140| 58|  63| 52| 105|  1|  96|  0|    96 |     0|       140 |         58| 140|  58|
|   3| 63|  76| 13| 105|  0|  96|  0|    96 |     0|        95 |         45|  95|  45|
|  78| 75|  56| 20| 105|  0|  95|  1|    95 |     1|        78 |         17|  78|  17|
|  95| 17|  37| 19| 105|  0|  95|  0|    95 |     0|         3 |         75|   3|  75|
|  79| 16| 196| 41| 105|  0|  95|  0|    95 |     0|        68 |         65|   6|   3|
|  68| 11|  12| 16| 106|  1|  95|  0|    95 |     0|        73 |          5|  18|  12|
| 198| 70| 116| 96| 106|  0|  95|  0|    95 |     0|        79 |          6|  23|   5|
| 120| 78|  14| 98| 106|  0|  95|  0|    95 |     0|       120 |         41|  53|  30|
|  73| 47| 131| 83| 106|  0|  95|  0|    95 |     0|       198 |         78| 123|  70|
|   6| 67| 113| 18| 106|  0|  94|  1|    94 |     1|       123 |         75| 166|  43|
| 123| 83|  14| 99| 106|  0|  94|  0|    94 |     0|        53 |         70| 172|   6|
|  53| 70|  85| 71| 107|  1|  94|  0|    94 |     0|        23 |         30| 116|  56|
|  18| 35| 171| 86| 107|  0|  94|  0|    94 |     0|        18 |          5|  83|  33|
|  23|  5|   4| 33| 107|  0|  93|  1|    93 |     1|         6 |         12|  46|  37|
| 166| 57| 122| 82| 107|  0|  93|  0|    93 |     0|        46 |         40|  35|  11|
| 116| 50| 196| 74| 107|  0|  93|  0|    93 |     0|        83 |         37|  16|  19|
| 172| 56| 176| 20| 107|  0|  93|  0|    93 |     0|       116 |         33|  74|  58|
|  83| 89| 123| 53| 108|  1|  93|  0|    93 |     0|       166 |         50|  78|   4|
|  46| 37|  33| 90| 108|  0|  92|  1|    92 |     1|       172 |          6| 131|  53|
|  16| 30|  61| 28| 108|  0|  92|  0|    92 |     0|       131 |         41| 124|   7|
|  78| 62|  26| 35| 108|  0|  92|  0|    92 |     0|        78 |         53|  84|  40|
|  74|  4| 159| 67| 109|  1|  92|  0|    92 |     0|        74 |          4|  33|  51|
|  35| 39| 107| 52| 109|  0|  92|  0|    92 |     0|        35 |         39|  29|   4|
| 131| 96| 142| 35| 109|  0|  91|  1|    91 |     1|        16 |         19| 173|  56|
| 124|  7| 127| 15| 109|  0|  91|  0|    91 |     0|        29 |         13| 134|  39|
|  33| 91| 178| 51| 109|  0|  91|  0|    91 |     0|        33 |          4|  78|  56|
|  84| 51| 170|  8| 109|  0|  91|  0|    91 |     0|        84 |         51|  67|  11|
|  29| 55| 172|  2| 110|  1|  91|  0|    91 |     0|       124 |         40|  31|  36|
| 173| 56|   5| 33| 110|  0|  90|  1|    90 |     1|       173 |         49|   9|  22|
|  31| 58|  70| 65| 110|  0|  90|  0|    90 |     0|       134 |         39|   8|   1|
| 134| 97| 161| 91| 111|  1|  90|  0|    90 |     0|        78 |         56|  33|  25|
|  78| 56|  97| 64| 111|  0|  90|  0|    90 |     0|        67 |         11|  53|  20|
|  67| 11|  70| 27| 111|  0|  90|  0|    90 |     0|        31 |         36|  86|  33|
|   9| 58|  67|  3| 111|  0|  90|  0|    90 |     0|         9 |         22| 134|  48|
|   8|  1| 177| 90| 111|  0|  90|  0|    90 |     0|         8 |          1| 104|  30|
|  53| 45| 175|  2| 112|  1|  89|  1|    89 |     1|        33 |         25|  46|  58|
|  33| 20|  44| 69| 112|  0|  89|  0|    89 |     0|        53 |         20|  16|  30|
|  86| 53|  72| 28| 112|  0|  89|  0|    89 |     0|        86 |         33| 166|  50|
| 134| 48| 134| 62| 113|  1|  89|  0|    89 |     0|       134 |         48| 199|  33|
|  46| 88| 108| 26| 113|  0|  89|  0|    89 |     0|       104 |         30| 150|  49|
|  16| 30|  71| 37| 113|  0|  88|  1|    88 |     1|        46 |         58| 149|   1|
| 104| 88|  58| 13| 113|  0|  88|  0|    88 |     0|        16 |         30| 131|  18|
| 199| 95| 146| 88| 113|  0|  88|  0|    88 |     0|       166 |         50| 113|  18|
| 166| 33|  52| 94| 113|  0|  88|  0|    88 |     0|       199 |         33|  95|  18|
| 113| 53|  19| 33| 113|  0|  88|  0|    88 |     0|       150 |         49|  61|  34|
| 131| 18| 196| 23| 113|  0|  88|  0|    88 |     0|       149 |          1|  37|  24|
|  95| 36|  75| 79| 114|  1|  87|  1|    87 |     1|       131 |         18|  13|  24|
| 150| 55| 153| 78| 114|  0|  87|  0|    87 |     0|       113 |         18|  11|   2|
| 149|  1| 149|  4| 114|  0|  87|  0|    87 |     0|        95 |         18| 157|  54|
|  37| 88| 111| 38| 114|  0|  87|  0|    87 |     0|        61 |         34| 153|   4|
| 157| 80| 114|  3| 114|  0|  87|  0|    87 |     0|        37 |         24| 133|  20|
|  61| 96|  62| 52| 115|  1|  86|  1|    86 |     1|        13 |         24|  67|  66|
|  11| 50|  89| 27| 115|  0|  86|  0|    86 |     0|        11 |          2|  64|   3|
|  13|  2| 182| 93| 115|  0|  86|  0|    86 |     0|       157 |         54|  62|   2|
|  67| 54| 128| 54| 115|  0|  86|  0|    86 |     0|       153 |          4|  73|  11|
| 133| 66| 165| 37| 115|  0|  86|  0|    86 |     0|       133 |         20| 106|  33|
|  62| 71| 166|  1| 115|  0|  85|  1|    85 |     1|        67 |         66| 136|  30|
|  64|  2|  18| 52| 116|  1|  85|  0|    85 |     0|        64 |          3|  39|  97|
| 153| 89|  26|  8| 116|  0|  85|  0|    85 |     0|        62 |          2|  23|  16|
| 106| 47|  67| 41| 116|  0|  85|  0|    85 |     0|        73 |         11|  23|   0|
|  23| 83| 155| 88| 116|  0|  85|  0|    85 |     0|       106 |         33|  34|  11|
| 136| 87|  78| 77| 116|  0|  85|  0|    85 |     0|       136 |         30|  62|  28|
|  39| 97| 196| 82| 117|  1|  85|  0|    85 |     0|        39 |         97|  63|   1|
|  73| 34| 153| 43| 117|  0|  84|  1|    84 |     1|        23 |         16|  84|  21|
|  62| 11|  95| 58| 117|  0|  84|  0|    84 |     0|        23 |          0|  94|  10|
|  63|  1| 186| 91| 118|  1|  84|  0|    84 |     0|        34 |         11| 161|  67|
|  84| 21| 179|  7| 118|  0|  84|  0|    84 |     0|        62 |         28|  46|  85|
|  23| 61|  52| 73| 119|  1|  84|  0|    84 |     0|        63 |          1|  28|  18|
|  34| 11| 186| 66| 119|  0|  83|  1|    83 |     1|        84 |         21|  22|   6|
| 161| 73| 104| 82| 119|  0|  83|  0|    83 |     0|        94 |         10|  16|   6|
|  28| 67|  24| 80| 120|  1|  83|  0|    83 |     0|       161 |         67|  33|  17|
|  46| 18| 159| 65| 120|  0|  82|  1|    82 |     1|        46 |         85|  45|  12|
|  22| 24| 144| 15| 120|  0|  82|  0|    82 |     0|        28 |         18| 131|  86|
|  94| 72|  93| 51| 120|  0|  82|  0|    82 |     0|        22 |          6| 190|  59|
|  16| 78| 129| 36| 120|  0|  82|  0|    82 |     0|        16 |          6| 170|  20|
|  45| 29| 151| 22| 120|  0|  82|  0|    82 |     0|        33 |         17| 133|  37|
| 131| 86|  12| 61| 120|  0|  82|  0|    82 |     0|        45 |         12| 124|   9|
|  33| 98|  90| 78| 121|  1|  81|  1|    81 |     1|       131 |         86|  87|  37|
| 190| 43| 161| 71| 121|  0|  81|  0|    81 |     0|       190 |         59|  84|   3|
|  84| 94| 115| 46| 121|  0|  81|  0|    81 |     0|       170 |         20|  79|   5|
| 133| 49|  47| 68| 121|  0|  81|  0|    81 |     0|       133 |         37|  73|   6|
| 124|  9|  40|  7| 121|  0|  80|  1|    80 |     1|       124 |          9|  68|   5|
| 170| 46| 200| 40| 122|  1|  80|  0|    80 |     0|        87 |         37| 120|  52|
|  87| 83|  55| 55| 122|  0|  80|  0|    80 |     0|        84 |          3| 198|  78|
| 170| 83| 121| 66| 122|  0|  80|  0|    80 |     0|        96 |         12| 164|  34|
| 135| 35| 177| 56| 122|  0|  79|  1|    79 |     1|       135 |         39| 124|  40|
| 147| 12| 135| 42| 122|  0|  79|  0|    79 |     0|       147 |         12|  85|  39|
| 161| 14|   3| 68| 123|  1|  79|  0|    79 |     0|       161 |         14|  80|   5|
|  96| 65| 135| 68| 123|  0|  79|  0|    79 |     0|       170 |          9|  14|  66|
|  14| 82| 144|  9| 123|  0|  79|  0|    79 |     0|       164 |          6|  96|  82|
|  80| 66|  74| 70| 123|  0|  79|  0|    79 |     0|       124 |         40| 135|  39|
| 164| 84|  79|  5| 123|  0|  78|  1|    78 |     1|        85 |         39| 147|  12|
| 124| 40|  99| 20| 123|  0|  78|  0|    78 |     0|        80 |          5| 161|  14|
|  85| 39|  59| 40| 124|  1|  78|  0|    78 |     0|        14 |         66| 170|   9|
| 140| 55| 131| 72| 124|  0|  78|  0|    78 |     0|        23 |          9| 140|  30|
| 115| 25|  34| 97| 124|  0|  78|  0|    78 |     0|       104 |         81| 129|  11|
|  23| 92|  92| 58| 124|  0|  78|  0|    78 |     0|       115 |         11| 115|  14|
| 104| 81|  74| 18| 124|  0|  78|  0|    78 |     0|       129 |         14| 104|  11|
| 129| 25| 194| 80| 124|  0|  78|  0|    78 |     0|       140 |         11|  23|  81|
|  98| 31|  47| 53| 124|  0|  77|  1|    77 |     1|        98 |         42|  40|  17|
| 160| 62| 153| 94| 125|  1|  77|  0|    77 |     0|        72 |         26|  72|  32|
|  72| 88|  46| 93| 125|  0|  77|  0|    77 |     0|        40 |         32|  98|  26|
|  17| 55| 135| 89| 126|  1|  77|  0|    77 |     0|        17 |         23| 160|  62|
|  40| 23| 109| 26| 126|  0|  77|  0|    77 |     0|       160 |         57|  17|  57|
| 167| 73|  72| 37| 127|  1|  76|  1|    76 |     1|       167 |          7|  34|  17|
| 131| 36| 191| 81| 127|  0|  76|  0|    76 |     0|       187 |         20|  57|  23|
| 187| 56|  35| 44| 127|  0|  76|  0|    76 |     0|       131 |         56|  73|  16|
| 118| 69|  15| 20| 127|  0|  76|  0|    76 |     0|       118 |         13| 100|  27|
|  86| 32|  43| 28| 128|  1|  76|  0|    76 |     0|        86 |         32| 191|  91|
|  57| 29| 178| 65| 128|  0|  76|  0|    76 |     0|        73 |         13| 186|   5|
|  34| 23| 160| 18| 128|  0|  76|  0|    76 |     0|        57 |         16| 151|  35|
| 191| 43| 193| 33| 128|  0|  75|  1|    75 |     1|        34 |         23| 109|  42|
| 100| 91| 136| 57| 128|  0|  75|  0|    75 |     0|       100 |         66|  83|  26|
|  73| 27|  68| 68| 128|  0|  75|  0|    75 |     0|       191 |         91|  77|   6|
| 186| 87| 186| 82| 129|  1|  75|  0|    75 |     0|       186 |          5|  93|  16|
| 109| 77|  27| 41| 129|  0|  74|  1|    74 |     1|       151 |         35| 123|  30|
| 151| 42|  35|  8| 129|  0|  74|  0|    74 |     0|       109 |         42| 170|  47|
|  83| 68|  82| 47| 129|  0|  74|  0|    74 |     0|        83 |         26| 175|   5|
|  77|  6| 156| 74| 129|  0|  74|  0|    74 |     0|        77 |          6|  40|  65|
| 175| 98|  95| 61| 129|  0|  74|  0|    74 |     0|        93 |         16| 105|  65|
|  93| 82|  75| 20| 129|  0|  74|  0|    74 |     0|       123 |         30| 175|  70|
| 123| 30|  44| 31| 130|  1|  73|  1|    73 |     1|       170 |         47|  27|  52|
|  40| 83|  57| 13| 130|  0|  73|  0|    73 |     0|       175 |          5|  20|   7|
| 170| 70| 116| 59| 130|  0|  73|  0|    73 |     0|        40 |         65|   9|  11|
| 105| 65|  72| 44| 130|  0|  73|  0|    73 |     0|       105 |         65|  23|  14|
| 175| 70|  88| 16| 130|  0|  73|  0|    73 |     0|       175 |         70|  37|  14|
|  20| 45| 197| 91| 131|  1|  73|  0|    73 |     0|        27 |         52|  72|  35|
|  27|  7|  26| 29| 131|  0|  73|  0|    73 |     0|        20 |          7| 145|  73|
|   9| 18|  87| 61| 131|  0|  72|  1|    72 |     1|         9 |         11| 158|  13|
| 145| 64|  74| 13| 131|  0|  72|  0|    72 |     0|        23 |         14| 154|   4|
|  23| 78| 130| 56| 131|  0|  72|  0|    72 |     0|        37 |         14| 132|  22|
| 158| 65|  43| 87| 131|  0|  72|  0|    72 |     0|        72 |         35| 108|  24|
|  72| 86| 129| 86| 131|  0|  72|  0|    72 |     0|       145 |         73|  43|  65|
|  37| 35| 164| 35| 131|  0|  72|  0|    72 |     0|       158 |         13|   4|  39|
| 132| 95|  32| 68| 131|  0|  72|  0|    72 |     0|       154 |          4|  33|  29|
|  43| 89|  69| 37| 132|  1|  72|  0|    72 |     0|       132 |         22|  46|  13|
| 108| 65|  54| 15| 132|  0|  72|  0|    72 |     0|       108 |         24|  64|  18|
|   4| 96| 142| 88| 132|  0|  72|  0|    72 |     0|        43 |         65| 121|  57|
| 154| 50| 166| 24| 132|  0|  72|  0|    72 |     0|         4 |         39| 141|  20|
| 121| 33| 112| 54| 133|  1|  72|  0|    72 |     0|        33 |         29| 153|  12|
|  64| 57|  38| 74| 133|  0|  71|  1|    71 |     1|        46 |         13| 160|   7|
| 141| 77| 157| 81| 133|  0|  71|  0|    71 |     0|        64 |         18| 167|   7|
|  33| 92| 121| 36| 133|  0|  71|  0|    71 |     0|       121 |         57| 128|  39|
|  46| 13| 186| 65| 134|  1|  71|  0|    71 |     0|       141 |         20|  76|  52|
| 160| 86| 199| 13| 134|  0|  70|  1|    70 |     1|       153 |         12|  43|  33|
| 128| 32| 185| 14| 134|  0|  70|  0|    70 |     0|       160 |          7|   4|  39|
| 153| 25|  78| 93| 134|  0|  70|  0|    70 |     0|       167 |          7| 104| 100|
| 167| 14| 109| 31| 134|  0|  69|  1|    69 |     1|       128 |         39| 194|  90|
|  76| 91|  95| 14| 134|  0|  69|  0|    69 |     0|        76 |         52| 196|   2|
|   4| 72| 105| 10| 134|  0|  69|  0|    69 |     0|        43 |         33| 182|  14|
|  43| 39| 111|  6| 134|  0|  69|  0|    69 |     0|         4 |         39| 141|  41|
| 194| 49|  35| 76| 134|  0|  69|  0|    69 |     0|       104 |        100|  75|  66|
| 196|  2| 142| 93| 134|  0|  68|  1|    68 |     1|       194 |         90|  62|  13|
| 104| 92| 167| 25| 135|  1|  68|  0|    68 |     0|       196 |          2|  19|  43|
| 182| 78| 142| 25| 135|  0|  68|  0|    68 |     0|       182 |         14|  38|  19|
|  75| 93|  47| 95| 135|  0|  68|  0|    68 |     0|       141 |         41|  61|  23|
| 141| 66|  66| 19| 135|  0|  67|  1|    67 |     1|        75 |         66|  95|  34|
|  62| 79| 123| 57| 135|  0|  67|  0|    67 |     0|        62 |         13| 146|  51|
|  19| 43|  61| 62| 135|  0|  67|  0|    67 |     0|        19 |         43| 170|  24|
| 146| 73|   3| 58| 135|  0|  67|  0|    67 |     0|        38 |         19| 158|  12|
|  95| 51|  11|  8| 136|  1|  67|  0|    67 |     0|        61 |         23| 150|   8|
| 170| 75|  48| 37| 136|  0|  67|  0|    67 |     0|        95 |         34|  96|  54|
|  61| 91|  49|  1| 136|  0|  67|  0|    67 |     0|       146 |         51|  10|  86|
|  38| 23| 199| 50| 136|  0|  67|  0|    67 |     0|       170 |         24| 187|  23|
| 150| 88| 117| 82| 136|  0|  66|  1|    66 |     1|       158 |         12| 168|  19|
| 158|  8| 185| 68| 136|  0|  66|  0|    66 |     0|       150 |          8| 142|  26|
|  10| 52| 113| 72| 137|  1|  66|  0|    66 |     0|        96 |         54| 123|  19|
|  96| 86|  64| 49| 137|  0|  66|  0|    66 |     0|        10 |         86|  84|  39|
| 187| 91|  60|  4| 138|  1|  66|  0|    66 |     0|       187 |         23|  40|  44|
| 142| 45|  66|  6| 139|  1|  65|  1|    65 |     1|       168 |         19| 103|  63|
| 168| 26| 108| 42| 139|  0|  65|  0|    65 |     0|       142 |         26| 182|  79|
|  84| 84|  72| 36| 139|  0|  64|  1|    64 |     1|       123 |         19| 197|  15|
| 123| 39|  93| 21| 139|  0|  64|  0|    64 |     0|        84 |         39|  15|  18|
|  40| 83|  49| 44| 140|  1|  64|  0|    64 |     0|        40 |         44|  12|   3|
| 182| 58|   9| 40| 140|  0|  64|  0|    64 |     0|       103 |         63|  20|   8|
| 197| 15|  33| 24| 140|  0|  64|  0|    64 |     0|       182 |         79| 104|  84|
|  15| 18| 162| 71| 140|  0|  64|  0|    64 |     0|       197 |         15| 107|   3|
| 103| 88| 168|  6| 140|  0|  64|  0|    64 |     0|        15 |         18| 110|   3|
|  12| 91|  21| 53| 140|  0|  64|  0|    64 |     0|        12 |          3| 195|  85|
|  20|  8|  32| 11| 140|  0|  63|  1|    63 |     1|        20 |          8| 139|  56|
| 107| 87| 122| 90| 141|  1|  63|  0|    63 |     0|       104 |         84| 105|  34|
| 104|  3|  57| 65| 141|  0|  63|  0|    63 |     0|       107 |          3|  96|   9|
| 110|  6|  47| 10| 141|  0|  63|  0|    63 |     0|       110 |          3|  47|  49|
| 195| 85|  53|  6| 141|  0|  63|  0|    63 |     0|       195 |         85|  16|  31|
|  47| 52|  26| 27| 142|  1|  63|  0|    63 |     0|       139 |         56|  16|   0|
|  16| 31| 124| 98| 142|  0|  62|  1|    62 |     1|       105 |         34|  22|   6|
|  96| 80| 193| 69| 142|  0|  62|  0|    62 |     0|        96 |          9|  32|  10|
| 105|  9|  26| 33| 142|  0|  62|  0|    62 |     0|        47 |         49|  50|  18|
| 139| 34|   7| 19| 142|  0|  62|  0|    62 |     0|        16 |         31| 142|  92|
|  32| 93| 113| 94| 142|  0|  62|  0|    62 |     0|        16 |          0| 119|  23|
|  50| 18|  65| 48| 142|  0|  62|  0|    62 |     0|        22 |          6|  91|  28|
| 142| 92| 125| 60| 142|  0|  61|  1|    61 |     1|        32 |         10|  13|  78|
|  22| 80| 121|  4| 142|  0|  61|  0|    61 |     0|        50 |         18|   2|  11|
|  16|  6|  15| 94| 142|  0|  61|  0|    61 |     0|       142 |         92| 198|   4|
|   2| 14|  35| 20| 142|  0|  61|  0|    61 |     0|       119 |         23|  88|  90|
|  13| 11|  55| 20| 143|  1|  61|  0|    61 |     0|        91 |         28|  58|  30|
|  91| 78|  50|  5| 143|  0|  60|  1|    60 |     1|        13 |         78|  38|  20|
| 198| 93|  15| 35| 143|  0|  60|  0|    60 |     0|         2 |         11|  35|   3|
| 119| 79| 124| 91| 143|  0|  60|  0|    60 |     0|       198 |          4|   1|  34|
|   1| 82|  90| 34| 143|  0|  60|  0|    60 |     0|        88 |         90|   9|   8|
|  35| 34| 177| 87| 143|  0|  59|  1|    59 |     1|        58 |         30|  11|   2|
|  38|  3|  58| 81| 144|  1|  59|  0|    59 |     0|        38 |         20|  15|   4|
|  58| 20|  28| 30| 144|  0|  59|  0|    59 |     0|        35 |          3| 100|  85|
|  88| 30| 195| 33| 144|  0|  59|  0|    59 |     0|         1 |         34| 193|  93|
|  15| 73| 136| 59| 144|  0|  58|  1|    58 |     1|         9 |          8| 142|  51|
|  11|  4|  68| 68| 145|  1|  58|  0|    58 |     0|        11 |          2| 107|  35|
|   9|  2| 150| 82| 145|  0|  58|  0|    58 |     0|        15 |          4|  72|  35|
| 193| 16|  96| 54| 145|  0|  58|  0|    58 |     0|       100 |         85|  59|  13|
| 100| 93|  55| 41| 145|  0|  58|  0|    58 |     0|       193 |         93|  40|  19|
| 107|  7| 181| 74| 145|  0|  58|  0|    58 |     0|       142 |         51| 116|  76|
| 142| 35|  54| 73| 146|  1|  57|  1|    57 |     1|       107 |         35| 149|  33|
|  72| 70|   6| 48| 146|  0|  57|  0|    57 |     0|        72 |         35| 171|  22|
|  59| 13|  27| 21| 146|  0|  57|  0|    57 |     0|        59 |         13| 185|  14|
|  40| 19| 188| 39| 146|  0|  57|  0|    57 |     0|        40 |         19| 193|   8|
| 116| 76|  13| 25| 147|  1|  57|  0|    57 |     0|       116 |         76| 143|  50|
| 185| 69| 186| 27| 147|  0|  56|  1|    56 |     1|       149 |         33|  72|  71|
| 149| 36|  61| 75| 147|  0|  56|  0|    56 |     0|       171 |         22|  28|  44|
| 193| 44|  20| 41| 147|  0|  56|  0|    56 |     0|       185 |         14|  26|   2|
| 171| 22|  17|  3| 148|  1|  56|  0|    56 |     0|       193 |          8|  20|   6|
|  26| 55|  34| 17| 148|  0|  55|  1|    55 |     1|       143 |         50|  63|  43|
| 143| 83|  90| 56| 148|  0|  55|  0|    55 |     0|        72 |         71|  81|  18|
|  28| 85| 140| 50| 148|  0|  55|  0|    55 |     0|        28 |         44| 131|  50|
|  20|  8| 100| 40| 148|  0|  55|  0|    55 |     0|        26 |          2| 192|  61|
|  72| 52|  92|  8| 149|  1|  55|  0|    55 |     0|        20 |          6|  12|  20|
| 192| 80|   7| 85| 149|  0|  55|  0|    55 |     0|        63 |         43|  71|  59|
| 131| 61| 127| 80| 149|  0|  54|  1|    54 |     1|        81 |         18|  86|  15|
|  12| 81|  97| 30| 149|  0|  54|  0|    54 |     0|       131 |         50| 102|  16|
|  81| 69| 182| 85| 149|  0|  54|  0|    54 |     0|       192 |         61| 193|  91|
|  63| 18|  75| 93| 150|  1|  54|  0|    54 |     0|        12 |         20|  11|  18|
| 193| 70| 163| 88| 150|  0|  54|  0|    54 |     0|        71 |         59|  68|  57|
|  11| 18|  29| 66| 150|  0|  54|  0|    54 |     0|        86 |         15|  73|   5|
| 102| 91| 136| 93| 150|  0|  54|  0|    54 |     0|       102 |         16| 105|  32|
|  86| 16| 148| 12| 150|  0|  54|  0|    54 |     0|       193 |         91| 130|  25|
|  71| 15| 111| 37| 151|  1|  53|  1|    53 |     1|        11 |         18| 142|  12|
|  73|  2|  82| 29| 151|  0|  53|  0|    53 |     0|        68 |         57| 120|  22|
|  68|  5|  30| 52| 151|  0|  53|  0|    53 |     0|        73 |          5|  78|  42|
| 130| 62|  38|  8| 151|  0|  53|  0|    53 |     0|       105 |         32|  55|  23|
| 142| 12| 183| 55| 151|  0|  52|  1|    52 |     1|       130 |         25|  30|  25|
| 105| 37| 185|  2| 152|  1|  52|  0|    52 |     0|       142 |         12| 182|  48|
|  78| 27| 198| 13| 152|  0|  52|  0|    52 |     0|       120 |         22| 171|  11|
|  55| 23|  84| 86| 153|  1|  52|  0|    52 |     0|        78 |         42| 156|  15|
| 120| 65| 138| 54| 153|  0|  52|  0|    52 |     0|        55 |         23| 103|  53|
|  30| 90|  63| 75| 153|  0|  51|  1|    51 |     1|        30 |         25|  19|  84|
| 182| 48| 148| 85| 153|  0|  51|  0|    51 |     0|       182 |         48|  16|   3|
| 156| 26|  40| 92| 153|  0|  51|  0|    51 |     0|       171 |         11| 114|  98|
|  16| 60|   7| 33| 153|  0|  51|  0|    51 |     0|       156 |         15| 155|  41|
| 103| 87| 188| 19| 153|  0|  50|  1|    50 |     1|       103 |         53| 167|  12|
|  19| 84| 182|  6| 154|  1|  50|  0|    50 |     0|        19 |         84| 167|   0|
| 171| 48|  25| 43| 154|  0|  50|  0|    50 |     0|        16 |          3|   1|  34|
| 167|  4|  12| 13| 154|  0|  50|  0|    50 |     0|       114 |         98|  80|  79|
| 167|  0| 134| 78| 154|  0|  49|  1|    49 |     1|       155 |         41|  94|  14|
| 114| 53|  30| 96| 155|  1|  49|  0|    49 |     0|       167 |         12| 116|  22|
| 155| 41| 130|100| 155|  0|  49|  0|    49 |     0|       167 |          0| 133|  17|
|   1| 46| 178| 48| 155|  0|  49|  0|    49 |     0|         1 |         34| 200|  67|
| 200|  1|  11| 33| 156|  1|  49|  0|    49 |     0|        80 |         79| 198|   2|
| 116| 84| 132| 79| 156|  0|  49|  0|    49 |     0|        94 |         14| 153|  45|
|  94| 22|  39| 93| 156|  0|  48|  1|    48 |     1|       116 |         22| 124|  29|
| 133| 39| 132| 93| 156|  0|  48|  0|    48 |     0|       133 |         17|  85|  39|
|  80| 53| 106| 26| 157|  1|  48|  0|    48 |     0|       200 |         67|  40|  45|
|  40| 40| 122| 16| 157|  0|  48|  0|    48 |     0|       198 |          2|  73|  33|
| 124| 84| 127|  5| 157|  0|  47|  1|    47 |     1|       153 |         45|  77|   4|
| 153| 29|  85| 42| 157|  0|  47|  0|    47 |     0|       124 |         29|  98|  21|
| 198| 45| 181| 96| 158|  1|  47|  0|    47 |     0|        85 |         39| 169|  71|
|  85| 87| 114| 67| 158|  0|  47|  0|    47 |     0|        40 |         45| 195|  26|
|  77|  8| 182| 68| 158|  0|  47|  0|    47 |     0|        73 |         33| 159|  36|
|  98| 21| 143| 39| 158|  0|  47|  0|    47 |     0|        77 |          4| 134|  25|
| 169| 71|  43|100| 159|  1|  47|  0|    47 |     0|        98 |         21| 122|  12|
| 195| 26|  39|  4| 159|  0|  47|  0|    47 |     0|       169 |         71|  25|  97|
|  73| 78|  85| 46| 159|  0|  46|  1|    46 |     1|       195 |         26|  21|   4|
|  21| 52|  33| 52| 160|  1|  46|  0|    46 |     0|       159 |         36|  27|   6|
| 134| 87| 113| 80| 160|  0|  46|  0|    46 |     0|       134 |         25|  49|  22|
| 159| 25| 196| 83| 160|  0|  46|  0|    46 |     0|       122 |         12|  60|  11|
|  25| 66|  99| 97| 160|  0|  46|  0|    46 |     0|        25 |         97| 154|  94|
| 122| 97|  51| 48| 160|  0|  46|  0|    46 |     0|        21 |          4| 187|  33|
|  27| 95| 128| 77| 160|  0|  46|  0|    46 |     0|        27 |          6| 188|   1|
|  60| 33|  56| 72| 161|  1|  46|  0|    46 |     0|        49 |         22| 170|  18|
|  49| 11| 143| 87| 161|  0|  46|  0|    46 |     0|        60 |         11| 115|  55|
| 154| 95|  76| 67| 161|  0|  45|  1|    45 |     1|       154 |         94|  81|  34|
| 187| 33| 136| 60| 161|  0|  44|  1|    44 |     1|       187 |         33|  48|  33|
| 188|  1|  97| 39| 161|  0|  44|  0|    44 |     0|       188 |          1|  11|  37|
|  48| 60| 162| 65| 162|  1|  44|  0|    44 |     0|       170 |         18|   3|   8|
| 115| 67| 148| 14| 162|  0|  44|  0|    44 |     0|       115 |         55|  72|  69|
| 170| 55|  23| 75| 163|  1|  44|  0|    44 |     0|        81 |         34| 141|  69|
|  81| 89| 187| 36| 163|  0|  44|  0|    44 |     0|        48 |         33| 150|   9|
|   3| 78| 143| 44| 163|  0|  43|  1|    43 |     1|        11 |         37| 145|   5|
| 141| 62| 113| 30| 164|  1|  43|  0|    43 |     0|         3 |          8| 134|  11|
|  11| 70|  79| 34| 164|  0|  43|  0|    43 |     0|        72 |         69|  88|  46|
|  72| 61| 135| 56| 164|  0|  43|  0|    43 |     0|       141 |         69|  46|  42|
| 150| 78|  57| 78| 164|  0|  43|  0|    43 |     0|       150 |          9| 182|  64|
| 134| 16| 149| 92| 165|  1|  42|  1|    42 |     1|       145 |          5| 124|  58|
| 182| 48|  71| 78| 165|  0|  42|  0|    42 |     0|       134 |         11| 100|  24|
|  46| 64| 160| 89| 165|  0|  42|  0|    42 |     0|        88 |         46|  35|  65|
|  88| 42| 147| 13| 166|  1|  41|  1|    41 |     1|        46 |         42|  18|  17|
| 145| 57|  38| 91| 166|  0|  41|  0|    41 |     0|       182 |         64|   2|  16|
| 100| 45|  93| 55| 166|  0|  41|  0|    41 |     0|       124 |         58|  76|  74|
|  35| 65|   1| 92| 166|  0|  40|  1|    40 |     1|       100 |         24| 110|  34|
|   2| 33|  64| 63| 166|  0|  40|  0|    40 |     0|        35 |         65| 111|   1|
| 124| 78| 180| 84| 167|  1|  40|  0|    40 |     0|        18 |         17| 126|  15|
|  18| 94| 127| 53| 167|  0|  40|  0|    40 |     0|         2 |         16| 167|  41|
| 110| 92| 148| 21| 167|  0|  40|  0|    40 |     0|        76 |         74| 130|  37|
| 111|  1|  58| 90| 167|  0|  40|  0|    40 |     0|       110 |         34| 120|  10|
| 126| 15|  82| 24| 167|  0|  40|  0|    40 |     0|       111 |          1|  74|  46|
|  76| 50|  17| 65| 167|  0|  40|  0|    40 |     0|       126 |         15|  30|  44|
| 167| 91|  46| 29| 167|  0|  40|  0|    40 |     0|       167 |         41|  16|  14|
|  30| 63| 175| 71| 167|  0|  40|  0|    40 |     0|       130 |         37|  62|  46|
|  16| 14| 151| 24| 167|  0|  40|  0|    40 |     0|       120 |         10|  67|   5|
| 120| 96|  80| 71| 167|  0|  40|  0|    40 |     0|        74 |         46|  89|  22|
|  74| 46| 175| 95| 167|  0|  39|  1|    39 |     1|        30 |         44| 103|  14|
| 130| 56|  54| 79| 168|  1|  39|  0|    39 |     0|        16 |         14| 175|  72|
| 175| 45|   3| 51| 168|  0|  39|  0|    39 |     0|        62 |         46| 142|  33|
|  67| 92|  77| 74| 168|  0|  39|  0|    39 |     0|        67 |          5| 101|  41|
|  62|  5| 129| 52| 169|  1|  38|  1|    38 |     1|        89 |         22|  66|  35|
| 103| 41| 193| 64| 170|  1|  38|  0|    38 |     0|       103 |         14|  54|  12|
|  89| 14|  21| 28| 170|  0|  38|  0|    38 |     0|       175 |         72| 180|  74|
| 101| 12|  22|  1| 170|  0|  38|  0|    38 |     0|       142 |         33| 106|  74|
| 142| 41| 147| 75| 170|  0|  38|  0|    38 |     0|       101 |         41| 100|   6|
| 180| 38|  87| 60| 170|  0|  37|  1|    37 |     1|        66 |         35|  46|  54|
|  54| 74|  67| 20| 170|  0|  37|  0|    37 |     0|        54 |         12|  28|  18|
|  66| 12| 189| 78| 170|  0|  37|  0|    37 |     0|       180 |         74|  16|  12|
|  28| 38|  72| 83| 170|  0|  37|  0|    37 |     0|       106 |         74| 100|  84|
|  46| 18|  69|  3| 170|  0|  36|  1|    36 |     1|       100 |          6| 106|   6|
| 100| 54| 122| 53| 171|  1|  35|  1|    35 |     1|        46 |         54| 120|  14|
| 106|  6| 176| 54| 171|  0|  35|  0|    35 |     0|        28 |         18| 131|  11|
|  16| 90| 180|  4| 171|  0|  35|  0|    35 |     0|        16 |         12|  11|  80|
| 106| 90| 134| 46| 171|  0|  35|  0|    35 |     0|       100 |         84|  23|  12|
| 100|  6| 120| 14| 172|  1|  35|  0|    35 |     0|       106 |          6|  59|  36|
| 131| 31|  44| 76| 172|  0|  35|  0|    35 |     0|       120 |         14| 151|  92|
| 120| 11|  21| 23| 172|  0|  35|  0|    35 |     0|       131 |         11| 177|  26|
|  11| 91| 123| 98| 172|  0|  35|  0|    35 |     0|        11 |         80| 182|   5|
| 182| 29|  92| 31| 172|  0|  34|  1|    34 |     1|        23 |         12| 130|  52|
|  59| 77| 167| 75| 173|  1|  34|  0|    34 |     0|        59 |         36| 115|  15|
| 151| 92|  70| 97| 173|  0|  34|  0|    34 |     0|       151 |         92| 108|   7|
|  23| 72| 100| 30| 174|  1|  34|  0|    34 |     0|       177 |         26|  78|  30|
| 177| 46| 118| 18| 174|  0|  34|  0|    34 |     0|       182 |          5|  50|  28|
|  78| 99| 119|  1| 174|  0|  34|  0|    34 |     0|       130 |         52|  60|  10|
|  50| 28| 174| 55| 175|  1|  34|  0|    34 |     0|       115 |         15| 180|  80|
| 115| 65|  27| 53| 175|  0|  33|  1|    33 |     1|       108 |          7| 187|   7|
| 108|  7| 107| 80| 175|  0|  33|  0|    33 |     0|        78 |         30|  24|  37|
| 130| 22|   9| 98| 175|  0|  33|  0|    33 |     0|        50 |         28|  10|  14|
| 180| 50| 174| 35| 175|  0|  33|  0|    33 |     0|        60 |         10| 114|  96|
|  60| 80|  72| 98| 175|  0|  33|  0|    33 |     0|       180 |         80| 140|  26|
|  10| 50|  79|  7| 175|  0|  33|  0|    33 |     0|       187 |          7| 150|  10|
| 187| 23| 158| 79| 175|  0|  33|  0|    33 |     0|        24 |         37| 152|   2|
|  24| 37| 106| 52| 176|  1|  33|  0|    33 |     0|        10 |         14|   8|  56|
| 140| 84| 192| 86| 176|  0|  32|  1|    32 |     1|       114 |         96|  18|  10|
|   8| 68| 154| 38| 176|  0|  32|  0|    32 |     0|       140 |         26|  24|   6|
| 114| 94|  85| 69| 176|  0|  32|  0|    32 |     0|       150 |         10|  25|   1|
| 152| 38|  49| 36| 177|  1|  32|  0|    32 |     0|       152 |          2|  88|  63|
| 150|  2|  81| 32| 177|  0|  31|  1|    31 |     1|         8 |         56|  90|   2|
|  25| 75| 112| 31| 177|  0|  31|  0|    31 |     0|        18 |         10|  40|  50|
|  24|  1| 136| 24| 177|  0|  31|  0|    31 |     0|        24 |          6|  22|  18|
|  88| 64| 195| 59| 177|  0|  31|  0|    31 |     0|        25 |          1|  19|   3|
|  90|  2| 190|  5| 178|  1|  31|  0|    31 |     0|        88 |         63| 156|  63|
|  18| 72| 189|  1| 178|  0|  30|  1|    30 |     1|        90 |          2| 164|   8|
|  40| 22|  31| 42| 178|  0|  30|  0|    30 |     0|        40 |         50| 145|  19|
|  22| 18| 167| 64| 178|  0|  30|  0|    30 |     0|        22 |         18| 135|  10|
| 164| 58|  47| 80| 179|  1|  30|  0|    30 |     0|        19 |          3|  72|  63|
| 156|  8| 119| 72| 180|  1|  30|  0|    30 |     0|       156 |         63| 168|  96|
|  19| 63| 157| 38| 180|  0|  29|  1|    29 |     1|       164 |          8| 176|   8|
| 145| 74|  54| 97| 180|  0|  29|  0|    29 |     0|       145 |         19|  81|  95|
|  72| 73|   3| 51| 180|  0|  29|  0|    29 |     0|       135 |         10|  50|  31|
| 176| 96|  42| 39| 180|  0|  28|  1|    28 |     1|        72 |         63|  49|   1|
| 168|  8|  78| 36| 181|  1|  28|  0|    28 |     0|       168 |         96|  42|   7|
| 135| 33|  82|  4| 181|  0|  28|  0|    28 |     0|       176 |          8| 192|  50|
|  49| 86| 189| 93| 181|  0|  28|  0|    28 |     0|        81 |         95| 109|  83|
|  42|  7|  76| 87| 182|  1|  28|  0|    28 |     0|        50 |         31|  74|  35|
| 192| 50| 195| 81| 182|  0|  28|  0|    28 |     0|        49 |          1|  55|  19|
|  50| 58|  73| 78| 182|  0|  27|  1|    27 |     1|        42 |          7|  14|  41|
|  81| 31| 133| 60| 182|  0|  27|  0|    27 |     0|       192 |         50|  11|   3|
|  14| 67|  40| 93| 182|  0|  27|  0|    27 |     0|       109 |         83|  20|   9|
|  74| 60| 165| 75| 182|  0|  27|  0|    27 |     0|        74 |         35|  27|   7|
|  55| 19|  86| 79| 182|  0|  27|  0|    27 |     0|        55 |         19|  40|  13|
| 109| 54| 183| 97| 182|  0|  27|  0|    27 |     0|        14 |         41|  67|  27|
|  11| 98|  30| 47| 182|  0|  27|  0|    27 |     0|        11 |          3| 146|  79|
| 146| 65| 125| 95| 182|  0|  26|  1|    26 |     1|        20 |          9| 106|  40|
|  27| 81| 137| 12| 182|  0|  26|  0|    26 |     0|        27 |          7| 100|   6|
|  67| 40| 200| 63| 183|  1|  26|  0|    26 |     0|        40 |         13| 100|   0|
|  20| 47|  94| 94| 183|  0|  26|  0|    26 |     0|        67 |         27|  10|  90|
|  40| 20|  10| 84| 183|  0|  26|  0|    26 |     0|       146 |         79| 163|  47|
|  10| 30|  98| 88| 184|  1|  26|  0|    26 |     0|       106 |         40| 166|   3|
| 163| 47| 167| 69| 184|  0|  26|  0|    26 |     0|       100 |          6| 187|  21|
| 100| 63| 100| 67| 185|  1|  25|  1|    25 |     1|       100 |          0| 139|  48|
| 100|  0|  65| 35| 185|  0|  25|  0|    25 |     0|        10 |         90|  64|  75|
| 106|  6| 140| 75| 185|  0|  25|  0|    25 |     0|       163 |         47|  17|  47|
| 166| 60|  44| 96| 185|  0|  25|  0|    25 |     0|       166 |          3|  52|  35|
| 139| 27|  20| 24| 185|  0|  24|  1|    24 |     1|       187 |         21|  64|  12|
|  17| 78|   9| 11| 185|  0|  24|  0|    24 |     0|       139 |         48| 144|  80|
| 187| 30|  31| 22| 186|  1|  24|  0|    24 |     0|        64 |         75| 173|  29|
|  64| 77|  32|  1| 186|  0|  24|  0|    24 |     0|        17 |         47| 184|  11|
|  64|  0|  86| 54| 186|  0|  24|  0|    24 |     0|        52 |         35| 165|  19|
| 184| 80|   5| 81| 186|  0|  23|  1|    23 |     1|        64 |         12| 160|   5|
|  52| 68| 199|  6| 186|  0|  23|  0|    23 |     0|       144 |         80|  71|  89|
| 173| 79|  63| 64| 186|  0|  23|  0|    23 |     0|       173 |         29|  44|  27|
| 144| 29|  49| 14| 187|  1|  23|  0|    23 |     0|       184 |         11|  41|   3|
|  44|100|  90| 41| 187|  0|  23|  0|    23 |     0|       165 |         19|  34|   7|
| 165| 79| 199| 91| 187|  0|  23|  0|    23 |     0|       160 |          5|  90|  56|
|  71| 94|  31| 32| 187|  0|  23|  0|    23 |     0|        71 |         89| 109|  19|
| 160| 89|  27|  4| 187|  0|  23|  0|    23 |     0|        44 |         27| 134|  25|
|  41| 81| 171| 56| 187|  0|  23|  0|    23 |     0|        41 |          3| 185|  51|
|  34|  7| 195| 24| 187|  0|  22|  1|    22 |     1|        34 |          7| 174|  11|
| 134|100| 105| 90| 188|  1|  22|  0|    22 |     0|        90 |         56| 172|   2|
|  90| 44| 199| 94| 188|  0|  22|  0|    22 |     0|       109 |         19| 143|  29|
| 185| 95|  34| 35| 188|  0|  22|  0|    22 |     0|       134 |         25|  69|  74|
| 109| 76| 135| 99| 189|  1|  22|  0|    22 |     0|       185 |         51|  55|  14|
|  55| 54|  64| 71| 189|  0|  21|  1|    21 |     1|       174 |         11|  76|  21|
|  69| 14|  60|  4| 189|  0|  21|  0|    21 |     0|       172 |          2| 182|  94|
| 143| 74|  87| 27| 190|  1|  21|  0|    21 |     0|       143 |         29| 200|  18|
| 172| 29|  52| 35| 190|  0|  21|  0|    21 |     0|        69 |         74|  25|  25|
| 174|  2|  77| 25| 191|  1|  21|  0|    21 |     0|        55 |         14|   7|  18|
|  76| 98|   9| 68| 191|  0|  21|  0|    21 |     0|        76 |         21| 107| 100|
| 200| 76| 170| 39| 192|  1|  20|  1|    20 |     1|       182 |         94| 134|  27|
| 182| 18|  21| 51| 192|  0|  20|  0|    20 |     0|       200 |         18| 141|   7|
|  25| 43| 113| 92| 192|  0|  20|  0|    20 |     0|        25 |         25| 145|   4|
|   7| 18|  24| 89| 193|  1|  20|  0|    20 |     0|         7 |         18| 195|  50|
| 134| 73|  92| 68| 193|  0|  20|  0|    20 |     0|       107 |        100| 156|  39|
| 141|  7|  89|  3| 193|  0|  20|  0|    20 |     0|       134 |         27| 146|  10|
| 107| 34| 197| 92| 193|  0|  19|  1|    19 |     1|       141 |          7| 140|   6|
| 145| 38|  41| 44| 193|  0|  19|  0|    19 |     0|       145 |          4|  67|  73|
| 195| 50|  35|  6| 193|  0|  19|  0|    19 |     0|       195 |         50|  58|   9|
| 146| 49|  33|  2| 194|  1|  19|  0|    19 |     0|       156 |         39|  36|  22|
| 140|  6| 128| 95| 194|  0|  18|  1|    18 |     1|       146 |         10|   4|  32|
|  58| 82|  41| 87| 194|  0|  18|  0|    18 |     0|       140 |          6|   3|   1|
|  67|  9|  47|  6| 195|  1|  18|  0|    18 |     0|        67 |         73|  62|  59|
| 156| 89| 110| 63| 195|  0|  18|  0|    18 |     0|        58 |          9|  88|  26|
|   3| 47|  91| 19| 195|  0|  17|  1|    17 |     1|        36 |         22| 128|  40|
|   4|  1|  51| 40| 195|  0|  17|  0|    17 |     0|         4 |         32| 142|  14|
|  62| 58| 152| 99| 195|  0|  17|  0|    17 |     0|         3 |          1| 148|   6|
|  36| 26| 145|  7| 195|  0|  17|  0|    17 |     0|        62 |         59|  82|  66|
|  88| 52| 142|  3| 195|  0|  17|  0|    17 |     0|        88 |         26|  29|  53|
| 128| 40|  76| 66| 195|  0|  17|  0|    17 |     0|       128 |         40|  63|  34|
|  29| 99| 158| 82| 196|  1|  16|  1|    16 |     1|       142 |         14|  88|  25|
| 148| 81|  17| 59| 196|  0|  16|  0|    16 |     0|       148 |          6| 128|  40|
|  82| 66|  48| 31| 196|  0|  16|  0|    16 |     0|        82 |         66| 139|  11|
| 142| 60| 170| 78| 196|  0|  16|  0|    16 |     0|        29 |         53| 184|  45|
| 128| 14| 121| 49| 196|  0|  16|  0|    16 |     0|        63 |         34|  90|  94|
| 184| 56| 109| 12| 196|  0|  16|  0|    16 |     0|        88 |         25|  21|  69|
|  63| 79|  48| 61| 196|  0|  16|  0|    16 |     0|       128 |         40|   8|  13|
|  88| 25| 134| 86| 197|  1|  16|  0|    16 |     0|       139 |         11| 194|  14|
| 139| 51|  85| 49| 197|  0|  15|  1|    15 |     1|       184 |         45| 195|   1|
|   8| 69|  54| 31| 197|  0|  15|  0|    15 |     0|        90 |         94| 161|  34|
| 194| 14|  91| 37| 197|  0|  15|  0|    15 |     0|        21 |         69| 139|  22|
|  21| 27|  83|  8| 198|  1|  15|  0|    15 |     0|         8 |         13| 117|  22|
|  90| 69|  57| 26| 198|  0|  15|  0|    15 |     0|       194 |         14|  99|  18|
| 195| 95| 102| 45| 198|  0|  15|  0|    15 |     0|       195 |          1|  42|  57|
|  42| 47| 172| 70| 198|  0|  14|  1|    14 |     1|       161 |         34|  87|  45|
| 161| 81|  40| 68| 198|  0|  14|  0|    14 |     0|       139 |         22|  89|   2|
| 139| 22| 200| 40| 198|  0|  14|  0|    14 |     0|       117 |         22|  89|   0|
|  99| 40| 137| 63| 199|  1|  14|  0|    14 |     0|        99 |         18| 163|  74|
| 117| 18| 143|  6| 199|  0|  13|  1|    13 |     1|        42 |         57|   8|  45|
|  89| 28| 129| 14| 199|  0|  13|  0|    13 |     0|        87 |         45|  77|  69|
|   8| 81| 183| 54| 199|  0|  13|  0|    13 |     0|        89 |          2|  82|   5|
|  87| 79| 197| 14| 199|  0|  13|  0|    13 |     0|        89 |          0|  91|   9|
| 163| 76| 176| 21| 199|  0|  12|  1|    12 |     1|       163 |         74| 112|  21|
|  89| 74|  37| 61| 199|  0|  12|  0|    12 |     0|         8 |         45| 129|  17|
|  82|  7|  51| 14| 200|  1|  12|  0|    12 |     0|        77 |         69| 157|  28|
| 129| 47| 181| 70| 200|  0|  12|  0|    12 |     0|        82 |          5| 107|  50|
|  77| 52| 151| 30| 200|  0|  12|  0|    12 |     0|        91 |          9|  69|  38|
|  91| 14| 115| 36| 200|  0|  11|  1|    11 |     1|       112 |         21|  64|   5|
| 112| 21|  46| 69| 200|  0|  11|  0|    11 |     0|       129 |         17|  28|  36|
| 157| 45| 132| 86|   1|  1|  11|  0|    11 |     0|       157 |         28|  47|  19|
|  28| 71|  95| 37|   1|  0|  11|  0|    11 |     0|       107 |         50| 164|  83|
|  64| 36|  53| 42|   1|  0|  11|  0|    11 |     0|        69 |         38| 180|  16|
| 107| 43|  44|  9|   2|  1|  11|  0|    11 |     0|        64 |          5| 182|   2|
|  69| 38| 177| 67|   2|  0|  11|  0|    11 |     0|        28 |         36| 199|  17|
| 182| 87| 115| 62|   3|  1|  11|  0|    11 |     0|        47 |         19| 187|  12|
| 199| 17| 155| 40|   3|  0|  11|  0|    11 |     0|       164 |         83| 175|  12|
|  47| 48|  56| 99|   3|  0|  11|  0|    11 |     0|       180 |         16| 120|  55|
| 164| 83| 120| 64|   3|  0|  10|  1|    10 |     1|       182 |          2| 113|   7|
| 180| 16|  54| 66|   3|  0|  10|  0|    10 |     0|       199 |         17|  59|  54|
| 175|  5| 196| 58|   3|  0|  10|  0|    10 |     0|       187 |         12|  73|  14|
| 120| 55| 153| 43|   3|  0|  10|  0|    10 |     0|       175 |         12|  79|   6|
| 187| 67|   3| 50|   3|  0|   9|  1|     9 |     1|       120 |         55| 149|  70|
| 113| 74|   8|  5|   4|  1|   9|  0|     9 |     0|       113 |          7| 185|  36|
|  59| 54| 160| 48|   4|  0|   9|  0|     9 |     0|        59 |         54|  28|  43|
| 149| 90| 129| 31|   4|  0|   9|  0|     9 |     0|        73 |         14|  15|  13|
|  28| 79|  66| 63|   4|  0|   9|  0|     9 |     0|        79 |          6|  58|  43|
|  73| 45|  58|  8|   5|  1|   9|  0|     9 |     0|       149 |         70|  66|   8|
|  79|  6| 154| 96|   5|  0|   9|  0|     9 |     0|       185 |         36| 129|  63|
| 185| 94|  15| 61|   6|  1|   9|  0|     9 |     0|        28 |         43| 154|  25|
|  15| 30| 185| 30|   6|  0|   8|  1|     8 |     1|        15 |         13| 160|   6|
| 154| 61|  79| 94|   7|  1|   8|  0|     8 |     0|        58 |         43| 196|  36|
|  58| 96|  73|  6|   7|  0|   8|  0|     8 |     0|        66 |          8| 153|  43|
|  66|  8|  28| 45|   7|  0|   8|  0|     8 |     0|       129 |         63|   8|  55|
| 129| 63| 149| 79|   7|  0|   8|  0|     8 |     0|       154 |         25|   3|   5|
| 160| 31|  59| 90|   8|  1|   7|  1|     7 |     1|       160 |          6|  54|  51|
|   8| 48| 113| 54|   8|  0|   7|  0|     7 |     0|       196 |         36|  56|   2|
|   3|  5| 187| 74|   8|  0|   7|  0|     7 |     0|       153 |         43| 115|  59|
| 153| 50| 120| 67|   8|  0|   7|  0|     7 |     0|         8 |         55| 120|   5|
| 196| 43| 175| 55|   8|  0|   6|  1|     6 |     1|         3 |          5| 155|  35|
|  54| 58| 180|  5|   9|  1|   6|  0|     6 |     0|        54 |         51| 177|  22|
| 120| 66| 164| 16|   9|  0|   5|  1|     5 |     1|        56 |          2| 132|  45|
|  56| 64|  47| 83|   9|  0|   5|  0|     5 |     0|       115 |         59|  95|  37|
| 155| 99| 199| 48|   9|  0|   4|  1|     4 |     1|       120 |          5|  53|  42|
| 115| 40| 182| 17|   9|  0|   4|  0|     4 |     0|       155 |         35|  44|   9|
| 177| 62|  69| 87|   9|  0|   4|  0|     4 |     0|       177 |         22|  46|   2|
|  44| 67| 107| 38|   9|  0|   4|  0|     4 |     0|       132 |         45|  51|   5|
|  53|  9|  64| 43|   9|  0|   3|  1|     3 |     1|        95 |         37| 115|  64|
|  95| 42|  28| 36|  10|  1|   3|  0|     3 |     0|        53 |         42| 151|  36|
| 132| 37| 157| 71|  10|  0|   3|  0|     3 |     0|        44 |          9| 181|  30|
|  46| 86| 112| 45|  10|  0|   3|  0|     3 |     0|        46 |          2| 176|   5|
| 115| 69|  91| 21|  10|  0|   3|  0|     3 |     0|        51 |          5| 129|  47|
| 151| 36|  77| 14|  11|  1|   3|  0|     3 |     0|       115 |         64|  37|  92|
| 181| 30| 129| 52|  11|  0|   3|  0|     3 |     0|       151 |         36| 183|  54|
|  51| 70|  82| 47|  11|  0|   3|  0|     3 |     0|       181 |         30| 197|  14|
|  37| 14|  89|  7|  11|  0|   2|  1|     2 |     1|       176 |          5| 172|  25|
| 176| 61| 163| 74|  11|  0|   2|  0|     2 |     0|       129 |         47| 143|  29|
| 197| 21|  87| 76|  11|  0|   1|  1|     1 |     1|        37 |         92| 137|   6|
| 183| 14|   8| 79|  11|  0|   1|  0|     1 |     0|       183 |         54|  40|  97|
| 129| 54|  89| 81|  11|  0|   1|  0|     1 |     0|       197 |         14| 200|  40|
| 143| 14| 117| 28|  11|  0| 101|100|   200 |     1|       172 |         25| 102|  98|
| 137|  6|  99| 18|  11|  0| 102|  1|   200 |     0|       143 |         29|  91|  11|
| 200| 63| 139| 40|  12|  1| 102|  0|   200 |     0|       137 |          6|  83|   8|
|  40| 40| 161| 22|  12|  0| 103|  1|   200 |     0|        40 |         97|  57|  26|
| 172| 68|  42| 81|  12|  0| 103|  0|   200 |     0|       200 |         40|  54|   3|
| 102| 70| 195| 47|  12|  0| 103|  0|   199 |     1|       102 |         98|  85|  31|
|  57| 45|  90| 95|  12|  0| 104|  1|   199 |     0|        91 |         11| 109|  24|
|  83| 26|  21| 69|  13|  1| 104|  0|   199 |     0|        83 |          8| 121|  12|
|  91|  8| 194| 27|  13|  0| 104|  0|   199 |     0|        57 |         26| 134|  13|
|  54| 37|   8| 14|  13|  0| 104|  0|   199 |     0|        54 |          3|  48|  86|
|  85| 31| 139| 69|  13|  0| 104|  0|   199 |     0|        85 |         31|  48|   0|
| 134| 49|  88| 51|  14|  1| 105|  1|   199 |     0|       109 |         24|  76|  28|
|  48| 86|  63| 25|  14|  0| 105|  0|   198 |     1|       121 |         12| 158|  82|
| 109| 61| 184| 79|  14|  0| 105|  0|   198 |     0|       134 |         13| 170|  12|
| 121| 12| 128| 56|  14|  0| 105|  0|   198 |     0|        48 |         86|  17|  47|
| 170| 49| 142| 14|  15|  1| 105|  0|   198 |     0|        48 |          0|  51|  34|
|  48| 78|  82| 60|  15|  0| 106|  1|   198 |     0|        76 |         28|  91|  40|
|  17| 31| 148| 66|  15|  0| 106|  0|   198 |     0|       158 |         82| 142|  51|
| 158| 59|  29| 81|  15|  0| 106|  0|   197 |     1|       170 |         12| 145|   3|
|  76| 82| 128| 99|  15|  0| 106|  0|   197 |     0|        17 |         47| 152|   7|
| 142| 66|  88| 40|  15|  0| 106|  0|   197 |     0|        51 |         34| 128|  24|
| 145|  3|  36| 52|  16|  1| 106|  0|   197 |     0|        91 |         40| 110|  18|
| 152|  7|  62| 26|  16|  0| 107|  1|   196 |     1|       142 |         51|  47|  63|
|  51| 99|   4| 58|  16|  0| 107|  0|   196 |     0|       145 |          3|  41|   6|
|  91| 40|   3|  1|  16|  0| 107|  0|   196 |     0|       152 |          7|  33|   8|
| 110| 19| 156| 47|  16|  0| 107|  0|   196 |     0|       128 |         24|  35|   2|
|  47| 63|  67| 89|  16|  0| 107|  0|   196 |     0|       110 |         18|  41|   6|
|  41|  6|  58|  9|  16|  0| 107|  0|   196 |     0|        47 |         63|  89|  48|
| 128| 87| 140| 82|  16|  0| 108|  1|   196 |     0|        41 |          6|  92|   3|
|  33| 95| 146|  6|  17|  1| 108|  0|   195 |     1|        33 |          8| 197|  95|
|  35|  2| 195| 49|  17|  0| 108|  0|   195 |     0|        35 |          2| 170|  27|
|  41|  6| 145| 50|  17|  0| 108|  0|   195 |     0|        41 |          6| 113|  57|
| 197| 44| 107| 38|  17|  0| 109|  1|   195 |     0|        89 |         48|  24|  89|
|  89| 92| 141| 34|  17|  0| 109|  0|   195 |     0|        92 |          3|  21|   3|
|  92|  3| 134|  7|  17|  0| 109|  0|   195 |     0|       197 |         95|   9|  12|
|  24| 68|   7| 73|  18|  1| 109|  0|   195 |     0|       170 |         27|  52|  43|
| 113| 89|  25| 18|  18|  0| 109|  0|   195 |     0|       113 |         57|  60|   8|
|  21| 92| 182| 43|  18|  0| 109|  0|   194 |     1|        24 |         89|  64|   4|
| 170| 51| 200| 18|  18|  0| 110|  1|   194 |     0|        21 |          3|  77|  13|
|   9| 39|  76| 76|  19|  1| 110|  0|   194 |     0|         9 |         12|  87|  10|
|  77| 68| 174| 98|  19|  0| 110|  0|   193 |     1|        52 |         43| 105|  18|
|  52| 25| 172|  2|  19|  0| 111|  1|   193 |     0|        60 |          8| 135|  30|
|  87| 35| 143| 29|  19|  0| 111|  0|   193 |     0|        64 |          4| 195|  60|
|  60| 27|  69| 74|  20|  1| 111|  0|   193 |     0|        77 |         13| 199|   4|
|  64|  4|  55| 14|  20|  0| 111|  0|   193 |     0|        87 |         10|  34|  35|
| 135| 71| 109| 54|  20|  0| 111|  0|   193 |     0|       105 |         18|  90|  56|
|  34| 99| 185| 76|  20|  0| 112|  1|   192 |     1|       135 |         30| 171|  81|
| 199| 35|  90| 95|  20|  0| 112|  0|   192 |     0|       195 |         60| 199|  28|
| 105| 94| 134| 44|  20|  0| 112|  0|   192 |     0|       199 |          4|  31|  32|
| 195| 90|  34|100|  21|  1| 113|  1|   191 |     1|        34 |         35|  27|   4|
| 171| 24|  41|  7|  21|  0| 113|  0|   191 |     0|        90 |         56|  49|  22|
|  27| 56| 160| 81|  21|  0| 113|  0|   190 |     1|       171 |         81|  63|  14|
|  31|  4|  71| 89|  21|  0| 113|  0|   190 |     0|       199 |         28|  86|  23|
| 199| 32| 165| 94|  21|  0| 113|  0|   189 |     1|        31 |         32| 199|  87|
|  90| 91|  44| 79|  21|  0| 113|  0|   189 |     0|        27 |          4|   5|   6|
|  49| 41| 144|100|  22|  1| 113|  0|   189 |     0|        49 |         22|   9|   4|
|  63| 14| 173| 29|  22|  0| 113|  0|   188 |     1|        63 |         14|  20|  11|
| 199| 64|  52| 79|  22|  0| 114|  1|   188 |     0|        86 |         23|  31|  11|
|   5|  6| 184| 68|  22|  0| 114|  0|   188 |     0|       199 |         87|  32|   1|
|  86| 81|  64| 80|  22|  0| 114|  0|   187 |     1|         5 |          6|  44|  12|
|  32| 54|  64|  0|  23|  1| 114|  0|   187 |     0|         9 |          4|  65|  21|
|  31|  1| 187| 77|  23|  0| 114|  0|   187 |     0|        20 |         11|  98|  33|
|   9| 22|  17| 30|  23|  0| 115|  1|   187 |     0|        31 |         11| 100|   2|
|  20| 11| 139| 78|  23|  0| 115|  0|   187 |     0|        32 |          1| 140|  40|
|  44| 24| 166| 27|  23|  0| 115|  0|   187 |     0|        44 |         12| 167|  27|
| 140| 96| 106| 60|  23|  0| 115|  0|   187 |     0|        65 |         21| 137|  30|
|  65| 75| 100|  6|  23|  0| 115|  0|   186 |     1|        98 |         33| 125|  12|
| 100| 35| 100|  0|  23|  0| 115|  0|   186 |     0|       100 |          2|  94|  31|
| 167| 67| 163| 63|  23|  0| 116|  1|   186 |     0|       140 |         40|  10|  84|
|  98| 69|  10| 47|  24|  1| 116|  0|   186 |     0|       167 |         27| 200|  10|
|  10| 88|  40| 30|  24|  0| 116|  0|   186 |     0|       137 |         30| 183|  17|
|  94| 84|  20| 20|  24|  0| 116|  0|   186 |     0|       125 |         12| 165|  18|
| 200| 94|  67| 47|  24|  0| 116|  0|   185 |     1|        94 |         31|  86|  79|
| 137| 63|  27| 40|  24|  0| 117|  1|   185 |     0|        10 |         84|  40|  46|
| 125| 12| 146| 81|  25|  1| 117|  0|   185 |     0|       200 |         10|  30|  10|
|  30| 95|  11| 65|  25|  0| 117|  0|   185 |     0|       183 |         17|  73|  43|
| 183| 47| 109| 98|  25|  0| 118|  1|   185 |     0|       165 |         18|  76|   3|
|  86| 97|  55| 54|  25|  0| 118|  0|   185 |     0|        86 |         79| 133|  57|
| 165| 79|  74| 19|  26|  1| 119|  1|   184 |     1|        40 |         46| 189|  56|
|  40| 75|  14| 60|  26|  0| 119|  0|   184 |     0|        30 |         10| 195|   6|
| 133| 93|  81| 67|  26|  0| 119|  0|   183 |     1|        73 |         43|  82|  87|
|  73| 60|  50| 31|  26|  0| 120|  1|   183 |     0|        76 |          3|  78|   4|
| 195| 78| 192| 58|  26|  0| 120|  0|   183 |     0|       133 |         57|  54|  24|
|  76| 81|  42| 50|  26|  0| 120|  0|   182 |     1|       189 |         56|  42|  12|
| 189| 87|  49|  7|  26|  0| 120|  0|   182 |     0|       195 |          6|   3|  39|
|  82| 93| 135| 86|  27|  1| 120|  0|   182 |     0|        82 |         87|  31|  28|
|  78|  4| 168| 33|  27|  0| 120|  0|   182 |     0|        78 |          4|  47|  16|
|  42| 36| 176|  8|  27|  0| 120|  0|   182 |     0|        54 |         24| 119|  72|
|   3| 39|  72| 96|  27|  0| 121|  1|   182 |     0|        42 |         12| 157|  38|
|  54| 51| 145| 73|  27|  0| 121|  0|   182 |     0|         3 |         39| 167|  10|
| 157| 97|  19| 74|  27|  0| 121|  0|   182 |     0|        31 |         28| 189|  22|
| 119| 38| 156| 63|  27|  0| 121|  0|   182 |     0|        47 |         16| 190|   1|
|  47| 72| 164|  8|  28|  1| 121|  0|   182 |     0|       119 |         72| 195|   5|
| 167| 80|  22| 58|  28|  0| 122|  1|   182 |     0|       157 |         38| 136|  59|
|  31| 64|  40| 18|  28|  0| 122|  0|   181 |     1|       167 |         10| 112|  24|
| 189| 42|  18| 22|  28|  0| 122|  0|   181 |     0|       189 |         22|  85|  27|
| 190|  1|  90| 72|  28|  0| 122|  0|   181 |     0|       190 |          1|  81|   4|
| 195|  5|  88|  2|  28|  0| 122|  0|   180 |     1|       195 |          5|  49|  32|
| 136| 59|  24| 64|  29|  1| 123|  1|   180 |     0|       136 |         59| 154|  95|
| 112| 24|  25|  1|  29|  0| 123|  0|   180 |     0|       112 |         24| 192|  38|
|  81| 31| 150| 75|  29|  0| 123|  0|   180 |     0|        85 |         27| 174|  18|
|  49| 32| 152|  2|  30|  1| 123|  0|   180 |     0|        81 |          4| 158|  16|
|  85| 36| 114| 38|  30|  0| 123|  0|   179 |     1|        49 |         32| 106|  52|
| 154| 69|   8| 94|  30|  0| 123|  0|   178 |     1|       154 |         95|  79|  27|
| 192| 38| 140| 68|  30|  0| 124|  1|   178 |     0|       192 |         38|  72|   7|
| 106| 86|  24| 84|  30|  0| 124|  0|   178 |     0|       174 |         18|  27|  45|
| 158| 52| 187| 37|  31|  1| 124|  0|   178 |     0|       158 |         16|   9|  18|
|  79| 79|  10| 23|  31|  0| 124|  0|   177 |     1|       106 |         52| 107|  98|
|  72|  7|  60| 50|  31|  0| 124|  0|   177 |     0|        79 |         27| 119|  12|
| 174| 98| 180| 80|  31|  0| 124|  0|   177 |     0|        72 |          7| 174|  55|
|   9| 35| 130| 50|  31|  0| 124|  0|   177 |     0|        27 |         45| 167|   7|
| 107| 98| 108| 22|  32|  1| 125|  1|   177 |     0|         9 |         18| 118|  49|
|  27| 80| 115|  7|  32|  0| 125|  0|   176 |     1|       107 |         98| 100|  18|
| 174| 53|  50| 65|  32|  0| 126|  1|   176 |     0|       119 |         12|  92|   8|
| 119| 55|  78| 28|  32|  0| 126|  0|   176 |     0|       174 |         55|  70|  22|
| 118|  1| 177| 99|  33|  1| 127|  1|   176 |     0|       167 |          7| 120|  50|
| 100| 18|  23| 46|  33|  0| 127|  0|   175 |     1|       118 |         49| 123|   3|
|  70| 30| 151| 72|  33|  0| 127|  0|   175 |     0|       100 |         18| 134|  11|
| 167| 97|  59| 92|  33|  0| 127|  0|   175 |     0|        92 |          8|  44|  90|
|  92| 75| 182| 77|  33|  0| 128|  1|   175 |     0|        70 |         22|  21|  23|
| 123| 31|  11| 29|  33|  0| 128|  0|   175 |     0|       120 |         50|  69|  48|
|  21| 98| 120| 91|  33|  0| 128|  0|   175 |     0|       123 |          3|  72|   3|
|  44| 23| 131| 11|  33|  0| 128|  0|   175 |     0|       134 |         11| 122|  50|
| 120| 76| 100| 31|  34|  1| 128|  0|   175 |     0|        44 |         90| 176|  54|
| 134| 14| 106|  6|  34|  0| 128|  0|   174 |     1|        21 |         23| 180|   4|
| 180| 46|  16| 90|  34|  0| 129|  1|   174 |     0|        69 |         48| 189|   9|
| 176|  4| 106| 90|  34|  0| 129|  0|   174 |     0|        72 |          3| 147|  42|
| 122| 54| 100|  6|  34|  0| 129|  0|   173 |     1|       122 |         50|  87|  60|
|  69| 53|  46| 54|  34|  0| 129|  0|   173 |     0|       176 |         54|  67|  20|
|  72|  3|  28| 18|  34|  0| 129|  0|   172 |     1|       180 |          4|  22|  45|
| 189| 83|  66| 38|  35|  1| 129|  0|   172 |     0|       189 |          9|  21|   1|
|  67| 78|  54| 12|  35|  0| 129|  0|   172 |     0|       147 |         42|   3|  18|
|  87| 20| 180| 74|  35|  0| 130|  1|   172 |     0|        87 |         60|  77|  74|
| 147| 60| 142| 38|  35|  0| 130|  0|   172 |     0|        67 |         20| 129|  52|
|  22| 75| 101| 41|  35|  0| 130|  0|   171 |     1|        22 |         45| 193|  64|
|  21|  1|  89| 12|  35|  0| 130|  0|   171 |     0|        21 |          1| 175|  18|
| 193| 28| 103| 14|  35|  0| 130|  0|   171 |     0|         3 |         18| 175|   0|
| 129| 64|  62| 41|  35|  0| 131|  1|   171 |     0|        77 |         74| 151|  24|
|  77| 52|  67|  5|  36|  1| 131|  0|   170 |     1|       129 |         52|  80|  71|
|   3| 74| 175| 92|  37|  1| 131|  0|   170 |     0|       193 |         64|  54|  26|
|  54| 51| 130| 45|  37|  0| 131|  0|   170 |     0|       175 |         18|  46|   8|
| 175| 79|  74| 56|  37|  0| 131|  0|   170 |     0|       175 |          0|  17|  29|
|  80| 95| 120| 46|  37|  0| 131|  0|   170 |     0|       151 |         24|  58|  41|
| 151| 71|  16| 96|  38|  1| 131|  0|   170 |     0|        80 |         71|  82|  24|
| 175| 24|  30| 14|  38|  0| 131|  0|   170 |     0|        54 |         26| 148|  66|
|  46| 71| 167| 63|  38|  0| 131|  0|   170 |     0|        46 |          8| 127|  21|
|  17| 29|  76| 91|  38|  0| 132|  1|   170 |     0|        17 |         29|  93|  34|
|  82| 65| 126| 50|  38|  0| 132|  0|   169 |     1|        58 |         41|  64|  29|
|  58| 24| 111| 15|  39|  1| 132|  0|   168 |     1|        82 |         24|   1|  63|
| 148| 90| 110|  1|  39|  0| 132|  0|   168 |     0|       148 |         66| 180|  21|
| 127| 21|  18| 92|  39|  0| 133|  1|   168 |     0|       127 |         21| 160|  20|
| 180| 53| 124| 94|  39|  0| 133|  0|   167 |     1|        93 |         34| 149|  11|
|  64| 84|   2| 78|  40|  1| 133|  0|   167 |     0|        64 |         29| 147|   2|
|   1| 63|  35| 33|  40|  0| 133|  0|   167 |     0|         1 |         63|  71|  76|
|  93| 92| 100| 65|  40|  0| 134|  1|   167 |     0|       180 |         21|  38|  33|
|  38| 55| 145| 45|  40|  0| 134|  0|   167 |     0|       160 |         20|  57|  19|
| 147| 91|  88| 57|  40|  0| 134|  0|   167 |     0|       149 |         11|  79|  22|
| 160| 13|  46| 42|  40|  0| 134|  0|   167 |     0|       147 |          2| 113|  34|
|  71| 89| 182| 64|  40|  0| 134|  0|   167 |     0|        71 |         76| 135|  22|
| 149| 78| 134| 48|  40|  0| 134|  0|   167 |     0|        38 |         33| 143|   8|
|  57| 92| 150| 16|  40|  0| 134|  0|   167 |     0|        57 |         19| 148|   5|
| 135| 78|  72| 78|  40|  0| 134|  0|   167 |     0|        79 |         22| 162|  14|
|  79| 56|  11| 61|  40|  0| 134|  0|   166 |     1|       113 |         34| 187|  25|
| 113| 34| 141| 70|  40|  0| 134|  0|   166 |     0|       135 |         22|  97|  90|
| 143| 30|   3| 62|  41|  1| 135|  1|   166 |     0|       143 |          8|  23|  74|
| 187| 44|  81| 78|  41|  0| 135|  0|   166 |     0|       148 |          5|  56|  33|
|  23| 36| 170| 89|  41|  0| 135|  0|   166 |     0|       162 |         14|  76|  20|
| 148| 75| 115| 55|  42|  1| 135|  0|   165 |     1|       187 |         25| 128|  52|
| 162| 14|  48| 67|  42|  0| 135|  0|   165 |     0|        97 |         90| 136|   8|
|  97| 65| 188| 60|  42|  0| 135|  0|   165 |     0|        23 |         74| 143|   7|
| 136| 39| 187|  1|  43|  1| 135|  0|   164 |     1|        56 |         33| 113|  30|
|  76| 60| 154| 33|  43|  0| 136|  1|   164 |     0|        76 |         20|  99|  14|
| 143| 67|  49| 95|  43|  0| 136|  0|   164 |     0|       128 |         52|  51|  48|
|  56| 87|  60| 11|  43|  0| 136|  0|   164 |     0|       136 |          8|  33|  18|
| 128| 72|  27| 33|  43|  0| 136|  0|   163 |     1|       143 |          7| 196|  37|
|  51| 77| 122| 95|  44|  1| 136|  0|   163 |     0|       113 |         30| 182|  14|
|  99| 48|  25| 97|  44|  0| 136|  0|   163 |     0|        99 |         14| 143|  39|
| 196| 97| 159| 66|  44|  0| 137|  1|   162 |     1|        51 |         48|  85|  58|
| 113| 83| 134| 25|  44|  0| 137|  0|   162 |     0|        33 |         18|  43|  42|
|  33| 80|  21| 87|  44|  0| 138|  1|   161 |     1|       196 |         37|  39|   4|
|  85| 52|  73| 52|  44|  0| 139|  1|   161 |     0|       182 |         14|  85|  46|
|  39| 46| 195| 78|  45|  1| 139|  0|   161 |     0|       143 |         39| 114|  29|
|  43|  4| 169| 26|  46|  1| 139|  0|   161 |     0|        85 |         58| 122|   8|
| 143|100|  98| 71|  46|  0| 139|  0|   161 |     0|        43 |         42| 127|   5|
| 182| 39|  77| 21|  46|  0| 140|  1|   160 |     1|        39 |          4| 181|  54|
| 114| 68|  85|  8|  46|  0| 140|  0|   160 |     0|        85 |         46| 132|  49|
| 181| 67| 198| 87|  46|  0| 140|  0|   160 |     0|       114 |         29| 132|   0|
|  85| 96| 153| 45|  46|  0| 140|  0|   160 |     0|       122 |          8| 106|  26|
| 127| 42| 124| 29|  46|  0| 140|  0|   160 |     0|       127 |          5|  39|  67|
| 122|  5|  40| 84|  46|  0| 140|  0|   160 |     0|       181 |         54|  11|  28|
| 106| 16|  80| 40|  46|  0| 140|  0|   159 |     1|       132 |         49|  12|   1|
| 132| 26| 133| 53|  47|  1| 141|  1|   159 |     0|       132 |          0|  30|  18|
|  39| 93|  94| 39|  47|  0| 141|  0|   159 |     0|       106 |         26| 130| 100|
| 132| 93| 116| 22|  47|  0| 141|  0|   158 |     1|        39 |         67| 134|   4|
|  11| 79| 200| 84|  47|  0| 141|  0|   158 |     0|        11 |         28| 178|  44|
| 178| 33|   1|  1|  47|  0| 142|  1|   158 |     0|        12 |          1|  40|  62|
| 130| 48| 155| 46|  47|  0| 142|  0|   158 |     0|        30 |         18|  25|  15|
|  30|100| 114| 41|  47|  0| 142|  0|   157 |     1|       130 |        100|   7|  18|
| 134| 96| 167| 53|  47|  0| 142|  0|   157 |     0|       134 |          4| 182|  25|
|  12| 78| 167|  0|  48|  1| 142|  0|   157 |     0|       178 |         44| 188|   6|
|  25| 13| 171|  4|  48|  0| 142|  0|   157 |     0|        40 |         62| 148|  40|
| 182| 43|  19| 48|  48|  0| 142|  0|   156 |     1|        25 |         15| 138|  10|
| 188|  6| 103| 84|  48|  0| 142|  0|   156 |     0|         7 |         18|  84|  54|
|   7| 19|  16| 87|  49|  1| 142|  0|   156 |     0|       182 |         25|  63|  21|
|  40| 33| 156| 60|  49|  0| 142|  0|   156 |     0|       188 |          6| 198|  65|
| 148| 92| 182| 26|  49|  0| 142|  0|   155 |     1|       148 |         40| 185|  13|
|  63| 85|  30| 48|  49|  0| 143|  1|   155 |     0|       138 |         10| 183|   2|
| 138| 75| 120| 90|  49|  0| 143|  0|   155 |     0|        84 |         54|  82|  99|
|  84| 54|  55| 65|  49|  0| 143|  0|   154 |     1|        63 |         21|  38|  44|
| 198| 86|  78| 23|  50|  1| 143|  0|   154 |     0|       198 |         65|  30|   8|
| 185| 13| 105| 27|  50|  0| 143|  0|   154 |     0|       185 |         13| 111|  81|
| 183|  2| 142| 37|  50|  0| 143|  0|   154 |     0|       183 |          2| 136|  25|
|  38| 55| 130| 12|  50|  0| 144|  1|   153 |     1|        82 |         99| 148|  12|
|  30|  8|  68| 62|  51|  1| 144|  0|   153 |     0|        38 |         44| 163|  15|
|  82| 52|  73|  5|  51|  0| 144|  0|   153 |     0|        30 |          8|  29|  66|
| 111| 29|  71|  2|  51|  0| 144|  0|   153 |     0|       111 |         81|  75|  46|
| 148| 37|  86| 15|  51|  0| 145|  1|   153 |     0|       136 |         25|  97|  22|
| 136| 12| 102| 16|  52|  1| 145|  0|   153 |     0|       148 |         12| 127|  30|
|  29| 93|  11| 91|  52|  0| 145|  0|   153 |     0|       163 |         15| 182|  55|
| 163| 66| 193| 18|  52|  0| 145|  0|   152 |     1|        29 |         66|   7|  25|
|  75| 88|  63| 70|  52|  0| 145|  0|   152 |     0|        75 |         46|  34|  27|
| 182| 93|  81| 18|  52|  0| 146|  1|   151 |     1|        97 |         22|  90|  56|
|  97| 85|  12| 69|  53|  1| 146|  0|   151 |     0|       127 |         30|  92|   2|
| 127| 30| 131| 81|  53|  0| 146|  0|   151 |     0|       182 |         55| 100|   8|
|   7| 80| 192| 61|  53|  0| 146|  0|   151 |     0|         7 |         25| 140|  40|
|  92| 85|  72| 80|  53|  0| 147|  1|   151 |     0|        34 |         27|  61|  79|
| 100|  8|  20| 52|  54|  1| 147|  0|   150 |     1|        90 |         56|  20|  41|
| 140| 40|  28|  8|  54|  0| 147|  0|   150 |     0|        92 |          2|  17|   3|
|  90| 50| 143| 85|  54|  0| 147|  0|   150 |     0|       100 |          8|  13|   4|
|  34| 56|  26| 83|  54|  0| 148|  1|   150 |     0|       140 |         40| 186|  27|
|  17| 17| 171| 55|  54|  0| 148|  0|   150 |     0|        61 |         79| 188|   2|
|  20|  3| 193| 22|  54|  0| 148|  0|   149 |     1|        20 |         41| 181|   7|
|  61| 41| 149| 44|  54|  0| 148|  0|   149 |     0|        17 |          3|  54|  73|
| 186| 75| 185| 36|  54|  0| 148|  0|   149 |     0|        13 |          4|  27|  27|
|  13| 27| 116| 69|  55|  1| 149|  1|   149 |     0|       186 |         27|   6|  21|
| 188| 25|  40| 76|  55|  0| 149|  0|   149 |     0|       188 |          2|  55|  49|
|  27| 39|  59| 19|  55|  0| 149|  0|   148 |     1|       181 |          7|  68|  13|
|   6| 21|  72| 13|  55|  0| 149|  0|   148 |     0|        54 |         73|  96|  28|
|  54| 48| 142| 70|  55|  0| 149|  0|   148 |     0|        27 |         27| 136|  40|
| 181| 73| 107| 35|  55|  0| 150|  1|   148 |     0|         6 |         21| 150|  14|
|  55| 74| 100|  7|  56|  1| 150|  0|   148 |     0|        55 |         49| 177|  27|
|  96| 41| 193| 93|  56|  0| 150|  0|   147 |     1|        68 |         13| 195|  18|
| 150| 54|   9| 16|  56|  0| 150|  0|   147 |     0|        96 |         28|  90|  95|
|  68| 82|  11|  2|  56|  0| 150|  0|   147 |     0|       136 |         40|  58|  32|
| 136| 68|  15|  4|  57|  1| 151|  1|   147 |     0|       150 |         14|  28|  30|
| 195| 59|  88| 73|  57|  0| 151|  0|   146 |     1|       177 |         27|  35|   7|
|  28| 33|  58| 30|  57|  0| 151|  0|   146 |     0|       195 |         18|  50|  15|
|  58| 30|  38| 20|  57|  0| 151|  0|   146 |     0|        90 |         95|  55|   5|
| 177| 81|  35|  3|  57|  0| 151|  0|   146 |     0|        58 |         32| 124|  69|
|  90| 87|   1| 34|  58|  1| 152|  1|   145 |     1|        28 |         30|  15|  91|
| 124| 34| 119| 82|  58|  0| 152|  0|   145 |     0|        35 |          7|  15|   0|
|  15| 91| 198| 79|  58|  0| 153|  1|   145 |     0|        50 |         15|  65|  50|
|  50| 35|  91| 93|  58|  0| 153|  0|   145 |     0|        55 |          5| 113|  48|
|  55|  5|  13| 78|  58|  0| 153|  0|   145 |     0|       124 |         69| 121|   8|
|  35| 20|   2| 11|  58|  0| 153|  0|   144 |     1|        15 |         91| 125|   4|
|  15| 20|  16| 14|  59|  1| 153|  0|   144 |     0|        15 |          0| 124|   1|
| 121| 94|  22|  6|  59|  0| 153|  0|   144 |     0|        65 |         50|  26|  98|
| 125|  4| 142| 80|  59|  0| 153|  0|   144 |     0|       113 |         48|  26|   0|
|  65| 60|  50| 92|  59|  0| 154|  1|   143 |     1|       121 |          8|   7|  19|
| 113| 48|  32| 18|  60|  1| 154|  0|   143 |     0|       125 |          4| 193|  14|
|   7| 94| 139| 93|  60|  0| 154|  0|   143 |     0|       124 |          1| 122|  71|
|  26| 19| 105| 34|  60|  0| 154|  0|   143 |     0|        26 |         98|  57|  65|
| 193| 33|  96|  9|  60|  0| 155|  1|   143 |     0|        26 |          0|  53|   4|
| 124| 69|  16| 80|  61|  1| 155|  0|   143 |     0|         7 |         19|  47|   6|
|  26| 98|  47| 31|  61|  0| 155|  0|   142 |     1|       193 |         14|  32|  15|
|  53| 27| 195| 52|  61|  0| 156|  1|   142 |     0|       122 |         71|  21|  11|
|  47|  6| 110| 85|  61|  0| 156|  0|   142 |     0|        57 |         65|   9|  12|
|  57| 10| 104|  6|  61|  0| 156|  0|   142 |     0|        53 |          4|  33|  24|
| 122| 65| 107|  3|  62|  1| 156|  0|   142 |     0|        47 |          6| 162|  71|
|  32| 90|  20| 87|  62|  0| 157|  1|   142 |     0|        32 |         15| 168|   6|
|  21| 11|  12|  8|  62|  0| 157|  0|   142 |     0|        21 |         11| 108|  60|
| 168| 53| 103| 91|  62|  0| 157|  0|   142 |     0|         9 |         12|  93|  15|
| 162|  6|  15| 88|  62|  0| 157|  0|   142 |     0|        33 |         24|  72|  21|
|  33| 71| 197| 18|  62|  0| 158|  1|   142 |     0|       162 |         71|  66|   6|
|   9| 24| 182| 15|  63|  1| 158|  0|   142 |     0|       168 |          6|  49|  17|
|  49| 40|  40| 58|  63|  0| 158|  0|   141 |     1|       108 |         60|  60|  11|
|  93| 44| 123| 83|  63|  0| 158|  0|   141 |     0|        93 |         15|  64|   4|
|  72| 21|  84| 39|  63|  0| 159|  1|   141 |     0|        72 |         21| 113|  49|
| 108| 36| 168| 84|  63|  0| 159|  0|   141 |     0|        66 |          6| 117|   4|
|  66| 42| 142| 26|  63|  0| 159|  0|   140 |     1|        49 |         17| 185|  68|
|  60|  6| 187| 45|  64|  1| 160|  1|   140 |     0|        60 |         11| 199|  14|
|  64|  4|  96| 91|  64|  0| 160|  0|   140 |     0|        64 |          4|  49|  50|
| 113| 49|  10| 86|  64|  0| 160|  0|   140 |     0|       113 |         49|  48|   1|
| 185| 72| 158| 52|  64|  0| 160|  0|   140 |     0|       117 |          4|  11|  37|
| 117| 68| 150|  8|  64|  0| 160|  0|   140 |     0|       185 |         68|   3|   8|
| 199| 82|  38| 88|  64|  0| 160|  0|   140 |     0|       199 |         14|  47|  44|
|  49| 50|  61| 23|  64|  0| 161|  1|   139 |     1|        49 |         50|  61|  14|
|  48|  1| 170| 91|  64|  0| 161|  0|   139 |     0|        48 |          1|  66|   5|
|  11| 37|  95| 75|  65|  1| 161|  0|   139 |     0|        11 |         37| 123|  57|
|   3|  8| 146| 51|  65|  0| 161|  0|   139 |     0|         3 |          8| 142|  19|
|  61| 58|  19| 73|  66|  1| 161|  0|   138 |     1|        47 |         44| 142|   0|
| 123| 62|  62| 43|  66|  0| 162|  1|   137 |     1|        61 |         14| 167|  25|
|  66| 57| 141| 79|  66|  0| 162|  0|   137 |     0|        66 |          5| 111|  56|
|  47| 19|  75| 66|  66|  0| 163|  1|   136 |     1|       123 |         57| 105|   6|
| 142| 95| 182| 93|  66|  0| 163|  0|   136 |     0|       142 |         19|  35|  70|
| 167| 25| 104| 78|  67|  1| 163|  0|   136 |     0|       142 |          0|  78|  43|
| 142| 25| 196| 92|  67|  0| 164|  1|   136 |     0|       167 |         25|  95|  17|
|  35| 93| 194|  2|  67|  0| 164|  0|   136 |     0|       111 |         56| 109|  14|
| 111| 76|  43| 49|  67|  0| 164|  0|   136 |     0|       105 |          6| 185|  76|
| 105|  6|   4| 39|  67|  0| 164|  0|   135 |     1|        35 |         70| 199|  14|
|  95| 10|  76| 72|  67|  0| 165|  1|   135 |     0|        78 |         43| 186|  13|
| 109| 14| 167| 91|  67|  0| 165|  0|   135 |     0|        95 |         17| 157|  29|
|  78| 31| 153| 14|  67|  0| 165|  0|   135 |     0|       109 |         14| 121|  36|
| 185| 93| 128| 25|  68|  1| 166|  1|   135 |     0|       185 |         76| 112|   9|
| 199| 14| 160| 32|  68|  0| 166|  0|   135 |     0|       199 |         14|  38|  74|
| 186| 13|  46| 86|  68|  0| 166|  0|   135 |     0|       186 |         13|  54|  16|
| 121| 65|  33| 13|  68|  0| 166|  0|   134 |     1|       157 |         29|  69|  15|
| 157| 36| 141| 92|  69|  1| 166|  0|   134 |     0|       121 |         36| 142|  73|
|  38| 81|  64| 77|  69|  0| 167|  1|   134 |     0|       112 |          9| 166|  24|
| 112| 74| 121| 57|  69|  0| 167|  0|   134 |     0|        38 |         74|  32|  66|
| 166| 54| 154| 33|  69|  0| 167|  0|   134 |     0|        54 |         16|  43|  11|
| 142| 24|   4| 50|  69|  0| 167|  0|   134 |     0|        69 |         15|  74|  31|
|  54| 88| 108| 96|  70|  1| 167|  0|   134 |     0|       142 |         73| 129|  55|
|  69| 15|  43| 65|  70|  0| 167|  0|   134 |     0|       166 |         24| 130|   1|
|  32| 37| 132| 89|  70|  0| 167|  0|   134 |     0|        32 |         66| 164|  34|
| 164| 68|  37| 95|  71|  1| 167|  0|   134 |     0|        43 |         11|  88|  76|
| 129| 35|  72| 35|  71|  0| 167|  0|   133 |     1|        74 |         31|  87|   1|
|  43| 86| 158| 86|  71|  0| 167|  0|   133 |     0|       129 |         55|  72|  15|
| 130| 87|  23| 65|  71|  0| 167|  0|   133 |     0|       130 |          1|  26|  46|
|  74| 56| 145| 78|  72|  1| 168|  1|   133 |     0|       164 |         34| 197|  29|
|  87| 13|   9| 64|  72|  0| 168|  0|   132 |     1|        88 |         76| 116|  81|
|  26| 61|  27| 18|  72|  0| 168|  0|   132 |     0|        87 |          1|  95|  21|
| 197| 29|  20|  7|  72|  0| 169|  1|   132 |     0|        72 |         15|  75|  20|
|  88| 91| 175| 45|  72|  0| 170|  1|   132 |     0|        26 |         46|  57|  18|
|  72| 16| 105| 70|  72|  0| 170|  0|   131 |     1|       197 |         29|  44|  13|
| 116| 44| 170| 65|  72|  0| 170|  0|   131 |     0|       116 |         81|  86|  42|
|  57| 59|  40| 70|  72|  0| 170|  0|   131 |     0|        95 |         21| 118|  32|
|  44| 13| 123| 83|  72|  0| 170|  0|   131 |     0|        75 |         20| 131|  13|
|  75| 31|  93| 30|  72|  0| 170|  0|   131 |     0|        57 |         18| 167|  36|
|  95| 20| 175| 82|  72|  0| 170|  0|   131 |     0|        44 |         13| 187|  20|
| 156| 61|  77| 98|  72|  0| 170|  0|   131 |     0|        82 |         38| 178|   9|
|  82| 74|  83|  6|  73|  1| 170|  0|   131 |     0|       156 |         74| 160|  18|
|  35| 47| 151| 68|  73|  0| 171|  1|   131 |     0|       186 |         30| 136|  24|
|  27|  8| 109| 42|  73|  0| 171|  0|   130 |     1|        35 |         49|  68|  68|
| 186| 41| 186| 77|  73|  0| 171|  0|   130 |     0|        27 |          8| 193|  75|
|  68| 82|  73| 87|  73|  0| 171|  0|   130 |     0|        68 |         41| 186|   7|
| 136| 68| 100| 27|  73|  0| 172|  1|   130 |     0|       136 |         68| 156|  30|
| 193| 57| 191| 91|  73|  0| 172|  0|   130 |     0|       160 |         24|  82|  74|
| 160| 33|  34| 43|  74|  1| 172|  0|   129 |     1|       178 |         18|  35|  47|
| 178| 18|  57| 23|  74|  0| 172|  0|   129 |     0|       193 |         15|  27|   8|
|  43| 65|  86| 29|  74|  0| 172|  0|   129 |     0|       191 |          2|  35|   8|
|  15| 28| 118| 32|  74|  0| 173|  1|   129 |     0|        72 |         81|  43|   8|
|  35| 20| 187| 69|  74|  0| 173|  0|   129 |     0|        43 |         29|  72|  29|
| 191| 44| 131| 56|  74|  0| 174|  1|   129 |     0|        35 |          8| 191|  81|
|  72| 81| 167| 36|  75|  1| 174|  0|   129 |     0|        15 |         20|  15|  24|
| 109| 37|  40| 73|  75|  0| 174|  0|   128 |     1|        46 |         31|  46|  31|
| 135| 26|  17| 23|  75|  0| 175|  1|   128 |     0|        47 |          1|  47|   1|
|  46| 89|  72| 55|  75|  0| 175|  0|   128 |     0|       109 |         62| 109|  62|
| 153| 93| 160| 88|  76|  1| 175|  0|   128 |     0|       135 |         26| 135|  26|
|  47| 94|  98| 62|  76|  0| 175|  0|   128 |     0|       153 |         18| 153|  18|
| 194| 53| 129| 31|  76|  0| 175|  0|   128 |     0|       194 |         41| 144|   9|
|  74| 80| 104| 25|  76|  0| 175|  0|   127 |     1|       131 |         63|  99|  45|
|  92| 18|  23| 81|  76|  0| 175|  0|   127 |     0|        92 |         39|  79|  20|
|  34| 58| 115| 92|  76|  0| 175|  0|   127 |     0|        74 |         18|  74|   5|
| 131| 97| 140| 25|  76|  0| 176|  1|   127 |     0|        34 |         40|  59|  15|
|  59| 72|  85| 55|  77|  1| 176|  0|   126 |     1|        59 |         25|  74|  15|
|  99| 40| 124| 39|  77|  0| 176|  0|   126 |     0|        74 |         15|  92|  18|
|  79| 20| 164| 40|  77|  0| 176|  0|   125 |     1|        79 |          5| 131|  39|
|  74|  5|  80| 84|  77|  0| 177|  1|   125 |     0|        99 |         20| 194|  63|
| 144| 70|  14| 66|  77|  0| 177|  0|   124 |     1|       144 |         45|  34|  40|
| 135|  9|  96| 82|  78|  1| 177|  0|   124 |     0|       135 |          9| 121|  87|
|   3| 68| 161| 65|  78|  0| 177|  0|   124 |     0|       135 |          0| 135|  14|
| 135| 68| 147| 14|  78|  0| 177|  0|   124 |     0|       121 |         14| 135|   0|
| 177| 42| 135| 12|  78|  0| 178|  1|   124 |     0|         3 |         82| 177|  42|
| 121| 56| 170| 35|  78|  0| 178|  0|   124 |     0|       177 |         26|   3|  26|
|  55| 66|  87| 83|  78|  0| 178|  0|   124 |     0|       115 |         62|  40|  37|
| 200| 55| 170| 83|  78|  0| 178|  0|   123 |     1|        55 |         60|  47|   7|
|  40| 40| 124| 46|  78|  0| 179|  1|   123 |     0|        47 |          8|  55|   8|
|  47|  7| 133|  9|  79|  1| 180|  1|   123 |     0|        40 |          7| 115|  60|
| 115| 68|  84| 49|  79|  0| 180|  0|   123 |     0|       200 |         40| 200|  85|
| 161| 46| 190| 94|  79|  0| 180|  0|   123 |     0|       161 |         39| 161|  39|
|  90| 71|  33| 43|  79|  0| 180|  0|   123 |     0|       151 |         10| 151|  10|
|  12| 78| 131| 98|  79|  0| 180|  0|   122 |     1|       129 |         22| 129|  22|
| 151| 61|  45| 86|  79|  0| 181|  1|   122 |     0|        90 |         39|  90|  39|
| 129| 22|  16| 29|  80|  1| 181|  0|   122 |     0|        12 |         78|  12|  78|
|  93| 36|  94| 78|  80|  0| 181|  0|   122 |     0|        24 |         12|  52|  40|
| 144| 51|  22| 72|  80|  0| 182|  1|   122 |     0|        93 |         69|  95|  43|
| 159| 15|  46| 24|  80|  0| 182|  0|   121 |     1|       104 |         11| 179|  84|
|  24| 65|  28| 18|  81|  1| 182|  0|   121 |     0|       144 |         40| 186|   7|
| 104| 80| 161| 67|  81|  0| 182|  0|   121 |     0|       159 |         15| 186|   0|
| 186| 82|  34| 73|  81|  0| 182|  0|   121 |     0|       179 |         20| 155|  31|
|  52| 66|  23| 11|  81|  0| 182|  0|   121 |     0|       186 |          7| 153|   2|
| 179| 73|  84| 61|  82|  1| 182|  0|   120 |     1|       186 |          0|  78|  75|
| 186|  7|  63| 21|  82|  0| 182|  0|   120 |     0|        95 |         91|  67|  11|
|  95| 91|  62|  1|  82|  0| 182|  0|   120 |     0|        52 |         43| 196|  71|
| 153| 58|  73| 11|  82|  0| 182|  0|   120 |     0|        67 |         15| 166|  30|
| 196| 43|  39| 34|  82|  0| 182|  0|   120 |     0|        78 |         11| 165|   1|
|  78| 82| 136| 97|  82|  0| 183|  1|   120 |     0|       153 |         75| 128|  37|
| 155| 77|  23| 87|  83|  1| 183|  0|   120 |     0|       155 |          2|  26|  98|
|  67| 88| 106| 83|  83|  0| 183|  0|   119 |     1|       196 |         41|  18|   8|
|  26| 41| 153| 47|  83|  0| 184|  1|   119 |     0|       166 |         30|  62|  44|
|  18|  8|  64| 89|  84|  1| 184|  0|   119 |     0|       165 |          1|  89|  27|
| 166| 52|  62|  2|  84|  0| 185|  1|   118 |     1|       128 |         37| 111|  22|
| 165|  1| 133| 71|  84|  0| 185|  0|   118 |     0|        26 |         98| 114|   3|
| 128| 37|  67| 66|  84|  0| 185|  0|   117 |     1|        18 |          8| 182|  68|
| 182| 54|  13| 54|  84|  0| 185|  0|   117 |     0|        62 |         44| 153|  29|
|  89| 93|  11|  2|  85|  1| 185|  0|   117 |     0|        89 |         27| 149|   4|
|  62| 27|  61| 50|  85|  0| 185|  0|   116 |     1|       111 |         22|  75|  74|
| 114| 52| 157| 96|  85|  0| 186|  1|   116 |     0|       114 |          3|  19|  56|
| 111|  3|  37| 80|  85|  0| 186|  0|   116 |     0|       182 |         68| 196|  23|
| 149| 38| 149| 88|  85|  0| 186|  0|   116 |     0|       153 |         29| 146|  50|
| 153|  4| 150|  1|  85|  0| 186|  0|   116 |     0|       149 |          4| 108|  38|
|  75| 78|  95| 55|  85|  0| 186|  0|   115 |     1|        75 |         74|  71|  37|
| 196| 79| 131| 36|  86|  1| 186|  0|   115 |     0|        19 |         56|  58|  13|
|  19| 23| 113| 18|  86|  0| 187|  1|   115 |     0|       196 |         23|  52|   6|
|  52| 33| 166| 53|  86|  0| 187|  0|   115 |     0|       146 |         50|  72|  20|
| 146| 94| 199| 33|  86|  0| 187|  0|   115 |     0|       108 |         38| 134|  62|
|  58| 88| 104| 95|  86|  0| 187|  0|   115 |     0|        71 |         37| 175|  41|
|  71| 13|  16| 88|  87|  1| 187|  0|   114 |     1|        58 |         13| 177|   2|
| 108| 37|  46| 30|  87|  0| 187|  0|   114 |     0|        52 |          6|  44|  67|
| 134| 26| 134| 88|  87|  0| 187|  0|   114 |     0|        72 |         20|  67|  23|
|  72| 62|  86| 48|  87|  0| 188|  1|   114 |     0|       134 |         62|  70|   3|
|  44| 28|  33| 53|  87|  0| 188|  0|   114 |     0|       175 |         41|  70|   0|
| 175| 69|  53| 20|  88|  1| 188|  0|   113 |     1|       177 |          2|  97|  27|
| 177|  2|   8| 45|  88|  0| 189|  1|   113 |     0|        44 |         67| 161|  64|
|  67| 90|   9|  1|  88|  0| 189|  0|   113 |     0|        67 |         23| 127|  34|
|  70|  3|  67| 58|  88|  0| 189|  0|   113 |     0|        70 |          3|   5|  78|
|  97| 27|  78| 11|  88|  0| 190|  1|   113 |     0|        70 |          0| 170|  35|
| 161| 64| 134| 56|  88|  0| 190|  0|   113 |     0|        97 |         27| 172|   2|
|  70| 91|  31| 97|  89|  1| 191|  1|   113 |     0|       161 |         64| 178|   6|
|   5| 65| 173| 58|  89|  0| 191|  0|   113 |     0|       127 |         34| 159|  19|
| 172| 33|  29| 56|  89|  0| 192|  1|   112 |     1|         5 |         78| 142|  17|
| 170|  2|  84| 55|  89|  0| 192|  0|   112 |     0|       170 |         35| 107|  35|
| 178|  8|  33| 51|  89|  0| 192|  0|   112 |     0|       172 |          2|  61|  46|
| 127| 51| 124| 91|  90|  1| 193|  1|   111 |     1|       178 |          6|  26|  35|
| 142| 15| 131|  7|  90|  0| 193|  0|   111 |     0|       159 |         19|  33|   7|
| 107| 35|  35| 96|  90|  0| 193|  0|   111 |     0|       142 |         17| 122|  89|
| 159| 52|  74| 39|  90|  0| 193|  0|   111 |     0|       107 |         35| 123|   1|
|  26| 67|  78|  4|  90|  0| 193|  0|   111 |     0|        61 |         46| 176|  53|
|  61| 35|  16| 62|  90|  0| 193|  0|   110 |     1|        26 |         35| 196|  20|
|  33| 28|  46| 30|  90|  0| 194|  1|   110 |     0|        33 |          7| 171|  25|
| 123| 90|  83| 37|  91|  1| 194|  0|   110 |     0|       122 |         89| 113|  58|
| 176| 53| 172| 89|  91|  0| 194|  0|   109 |     1|       123 |          1|  85|  28|
| 196| 20| 116| 56|  91|  0| 195|  1|   109 |     0|       176 |         53|  14|  71|
| 122| 74| 166| 50|  91|  0| 195|  0|   109 |     0|       196 |         20|   4|  10|
|   4| 82|  23| 57|  91|  0| 195|  0|   109 |     0|       171 |         25|  12|   8|
| 171| 33|  18|  5|  92|  1| 195|  0|   109 |     0|       113 |         58|  14|   2|
|  85| 86|  53| 35|  92|  0| 195|  0|   109 |     0|        85 |         28| 116|  98|
|  14| 71| 123| 70|  92|  0| 195|  0|   108 |     1|        14 |         71| 131|  15|
| 113| 99|   6| 83|  92|  0| 195|  0|   108 |     0|         4 |         10| 196|  65|
| 131| 18|  73| 67|  92|  0| 195|  0|   108 |     0|        12 |          8|  76|  80|
|  14| 83| 120| 47|  93|  1| 196|  1|   108 |     0|        14 |          2|  63|  13|
| 116| 98| 198| 78|  93|  0| 196|  0|   107 |     1|       116 |         98|  56|   7|
|  12| 96|  68| 70|  93|  0| 196|  0|   107 |     0|       131 |         15|  37|  19|
| 196| 16|  79| 11|  93|  0| 196|  0|   107 |     0|       196 |         65|  11|  26|
|  37| 41|  95| 16|  93|  0| 196|  0|   107 |     0|        76 |         80|  22|  11|
|  56| 19|  78| 17|  94|  1| 196|  0|   107 |     0|        63 |         13|  34|  12|
|  76| 20|   3| 75|  94|  0| 196|  0|   107 |     0|        56 |          7|  93|  59|
|  63| 13| 140| 63|  94|  0| 197|  1|   106 |     1|        37 |         19| 126|  33|
|  11| 52| 198| 58|  94|  0| 197|  0|   106 |     0|        11 |         26| 167|  41|
|  34| 23|   9| 11|  95|  1| 197|  0|   106 |     0|        22 |         11| 147|  20|
|  93| 59| 198| 11|  95|  0| 197|  0|   106 |     0|        34 |         12|  80|  67|
| 126| 33| 131| 67|  95|  0| 198|  1|   106 |     0|        93 |         59|  79|   1|
|  22| 96|  94| 37|  95|  0| 198|  0|   106 |     0|       126 |         33|  51|  28|
| 167| 55|  13| 81|  95|  0| 198|  0|   105 |     1|       167 |         41|  26|  25|
|  51| 84| 144| 69|  95|  0| 198|  0|   105 |     0|       147 |         20|  31|   5|
|  79| 28| 140|  4|  95|  0| 198|  0|   105 |     0|        80 |         67|  56|  25|
|  26| 53| 167| 27|  96|  1| 198|  0|   105 |     0|        79 |          1| 114|  58|
| 147| 79|  66| 99|  96|  0| 199|  1|   105 |     0|        51 |         28| 175|  61|
|  80| 67|  54| 12|  96|  0| 199|  0|   104 |     1|        26 |         25|  24|  49|
| 175| 95|  23| 31|  96|  0| 199|  0|   104 |     0|        31 |          5|  23|   1|
| 114| 61|  69| 46|  97|  1| 199|  0|   104 |     0|        56 |         25|  91|  68|
|  56| 58| 170| 99|  97|  0| 199|  0|   104 |     0|       114 |         58| 111|  20|
|  31| 25|  52| 82|  97|  0| 199|  0|   104 |     0|       175 |         61| 172|  61|
|  24|  7|  92| 40|  98|  1| 199|  0|   103 |     1|        24 |         49| 178|   6|
|  23|  1|  11| 81|  98|  0| 200|  1|   103 |     0|        23 |          1| 159|  19|
|  91| 68|  39| 28|  98|  0| 200|  0|   103 |     0|        91 |         68| 144|  15|
| 178| 87| 117| 78|  99|  1| 200|  0|   102 |     1|       111 |         20| 104|  40|
| 111| 67|  40| 77|  99|  0| 200|  0|   102 |     0|       172 |         61|  93|  11|
--------------------------------------------------------------------------------------
|  234 ns|  110 ns|   50 ns|   94 ns|         89 ns|                 223 ns|    93 ns|
--------------------------------------------------------------------------------------
|   50 ns|   50 ns|    0 ns|    0 ns|          0 ns|                  31 ns|    31 ns|
--------------------------------------------------------------------------------------
|  FIFO  |  LIFO  |  SSTF  |  SCAN  |    C-SCAN    |      N-STEP-SCAN      |  FSCAN  |
--------------------------------------------------------------------------------------
