
The table is organized as such:
| Policy Name |
| Starting Track |
| Next track | Tracks Moved |
| ... |
| Average Seek Length |
| Average Seek Time |
--------------------------------------------------------------------------------------
|  FIFO  |  LIFO  |  SSTF  |  SCAN  |    C-SCAN    |      N-STEP-SCAN      |  FSCAN  |
--------------------------------------------------------------------------------------
|     1  |     1  |     1  |     1  |         1    |                1      |      1  |
--------------------------------------------------------------------------------------
|  92| 91| 199|  2|   1|  0|   1|  0|     1 |     0|        92 |         91|  92|  91|
|  95|  3|  12| 13| 200|  1|   2|  1|     2 |     1|        95 |          3|  95|   3|
| 167| 72| 148| 64| 200|  0|   2|  0|     2 |     0|       123 |         28| 123|  28|
| 123| 44|  84| 64| 200|  0|   2|  0|     2 |     0|       167 |         44| 167|  44|
| 188| 65|  39| 45| 200|  0|   2|  0|     2 |     0|       188 |         21| 188|  21|
| 196|  8| 106| 67| 199|  1|   2|  0|     2 |     0|       196 |          8| 138|  50|
| 129| 67|  98|  8| 199|  0|   2|  0|     2 |     0|       178 |         18| 132|   6|
| 159| 30| 148| 50| 199|  0|   2|  0|     2 |     0|       159 |         19| 104|  28|
| 178| 19|  25| 77| 199|  0|   2|  0|     2 |     0|       156 |          3|  29|  75|
| 156| 22| 117| 92| 199|  0|   2|  0|     2 |     0|       129 |         27|   9|  20|
| 104| 52| 163| 46| 199|  0|   3|  1|     3 |     1|       104 |         25| 129|  80|
| 138| 34| 181| 18| 199|  0|   3|  0|     3 |     0|        29 |         75| 156|  27|
|  29| 91| 136| 45| 199|  0|   3|  0|     3 |     0|         9 |         20| 159|   3|
| 132| 97|  37| 99| 199|  0|   3|  0|     3 |     0|       132 |         77| 178|  19|
|   9| 77| 190| 47| 199|  0|   4|  1|     4 |     1|       138 |          6| 196|  18|
|  29| 20|  44| 54| 198|  1|   4|  0|     4 |     0|        92 |         46| 176|  20|
|  67| 38| 188| 56| 198|  0|   4|  0|     4 |     0|        67 |         25|  92|  84|
| 176| 91|  91| 97| 198|  0|   5|  1|     5 |     1|        29 |         38|  67|  25|
|  92| 84| 108| 17| 198|  0|   5|  0|     5 |     0|        15 |         14|  29|  38|
|  15| 77| 124| 16| 198|  0|   5|  0|     5 |     0|       176 |         39|  15|  14|
|   5| 10| 120|  4| 198|  0|   5|  0|     5 |     0|       123 |         53| 121|  94|
|  78| 73|   2| 82| 197|  1|   5|  0|     5 |     0|       112 |         11| 163|  42|
| 112| 34| 147| 55| 197|  0|   6|  1|     6 |     1|        78 |         34| 174|  11|
|  41| 71|  67| 80| 197|  0|   6|  0|     6 |     0|        41 |         37| 177|   3|
| 123| 82| 101| 34| 196|  1|   6|  0|     6 |     0|         5 |         36| 197|  20|
| 177| 54|  87| 14| 196|  0|   6|  0|     6 |     0|       121 |         84| 191|   6|
| 174|  3| 166| 79| 196|  0|   6|  0|     6 |     0|       163 |         42| 160|  31|
| 163| 11| 168|  2| 196|  0|   6|  0|     6 |     0|       174 |         11| 139|  21|
| 121| 42|  41| 73| 196|  0|   6|  0|     6 |     0|       177 |          3| 121|  18|
| 197| 76|  64| 23| 195|  1|   6|  0|     6 |     0|       197 |         20|  80|  41|
| 139| 58| 162| 98| 195|  0|   7|  1|     7 |     1|       191 |          6|  87|   7|
| 160| 21|   5| 43| 195|  0|   7|  0|     7 |     0|       160 |         31| 110|  23|
| 121| 39| 199|  6| 195|  0|   7|  0|     7 |     0|       139 |         21| 118|   8|
|  80| 41| 153| 46| 194|  1|   7|  0|     7 |     0|       121 |         18| 144|  26|
| 191| 89| 116| 37| 194|  0|   8|  1|     8 |     1|        80 |         41| 191|  47|
| 118| 73|  64| 52| 194|  0|   8|  0|     8 |     0|        87 |          7| 162|  29|
| 110|  8|  11| 53| 194|  0|   8|  0|     8 |     0|       110 |         23|  83|  79|
| 144| 34|  56| 45| 194|  0|   8|  0|     8 |     0|       118 |          8|  27|  56|
|  87| 57|  41| 15| 193|  1|   8|  0|     8 |     0|       144 |         26|  18|   9|
| 191| 96| 175| 66| 193|  0|   8|  0|     8 |     0|       191 |         47|   8|  10|
|   8| 17|  30| 55| 192|  1|   8|  0|     8 |     0|       162 |         29| 127|  81|
| 162| 46| 111| 81| 192|  0|   9|  1|     9 |     1|        83 |         79| 143|  16|
|  83| 79|   9| 98| 192|  0|   9|  0|     9 |     0|        27 |         56| 153|  10|
|  18| 65|  53| 44| 192|  0|   9|  0|     9 |     0|        18 |          9| 156|   3|
|  27|  9| 180| 73| 191|  1|   9|  0|     9 |     0|         8 |         10|   4|  48|
| 143| 84|  12| 32| 191|  0|   9|  0|     9 |     0|       127 |         81|   5|   1|
| 127| 16| 191| 21| 191|  0|   9|  0|     9 |     0|       143 |         16|  29|  24|
| 156| 29| 195|  4| 191|  0|   9|  0|     9 |     0|       153 |         10|  84|  55|
|   4| 48|   8| 13| 191|  0|   9|  0|     9 |     0|       156 |          3| 108|  24|
| 153| 51| 115| 93| 191|  0|   9|  0|     9 |     0|         4 |         48| 177|  69|
|   5| 52| 123|  8| 190|  1|   9|  0|     9 |     0|         5 |          1| 184|   7|
|  29| 24|  22| 99| 190|  0|  10|  1|    10 |     1|        29 |         24| 189|   5|
| 177| 52|  25|  3| 190|  0|  10|  0|    10 |     0|        84 |         55| 170|  19|
| 108| 69| 107| 82| 190|  0|  10|  0|    10 |     0|       108 |         24|  69|  99|
|  84| 24| 178| 71| 190|  0|  11|  1|    11 |     1|       177 |         69|  22|  47|
| 189| 95| 141| 37| 190|  0|  11|  0|    11 |     0|       184 |          7|  45|  23|
| 170| 19|  64| 77| 189|  1|  11|  0|    11 |     0|       189 |          5| 143|  98|
| 184| 14|  95| 31| 189|  0|  11|  0|    11 |     0|       170 |         19| 159|  16|
|  69| 85|  66| 29| 189|  0|  11|  0|    11 |     0|        69 |         99| 195|  36|
|  22| 47|  87| 21| 189|  0|  11|  0|    11 |     0|        22 |         47|  19|  24|
|  45| 23|  20| 67| 189|  0|  11|  0|    11 |     0|        45 |         23|  40|  21|
| 143| 98|  95| 75| 189|  0|  11|  0|    11 |     0|       143 |         98|  48|   8|
|  19| 76|  16| 79| 189|  0|  11|  0|    11 |     0|       159 |         16|  97|  49|
| 159| 60| 123| 93| 189|  0|  12|  1|    12 |     1|       195 |         36| 109|  12|
| 195| 36|  97| 26| 189|  0|  12|  0|    12 |     0|        19 |         24| 200|  91|
| 109| 86|  58| 39| 188|  1|  12|  0|    12 |     0|        40 |         21| 181|  19|
| 200| 91| 178| 80| 188|  0|  12|  0|    12 |     0|        48 |          8| 125|  56|
|  40| 40|  22| 44| 188|  0|  13|  1|    13 |     1|        97 |         49| 122|   3|
|  48|  8|   2| 20| 188|  0|  13|  0|    13 |     0|       109 |         12| 115|   7|
|  97| 49|  13| 11| 188|  0|  13|  0|    13 |     0|       200 |         91|  74|  41|
|  74| 23| 161| 52| 188|  0|  13|  0|    13 |     0|       181 |         19|  82|   8|
| 115| 41|  62| 99| 188|  0|  13|  0|    13 |     0|       125 |         56| 121|  39|
| 122|  7| 185| 77| 188|  0|  13|  0|    13 |     0|       122 |          3| 196|  75|
| 125|  3| 190|  5| 187|  1|  14|  1|    14 |     1|       115 |          7|  52|  56|
| 181| 56| 113| 77| 187|  0|  14|  0|    14 |     0|        74 |         41|  28|  24|
| 196| 15| 138| 25| 187|  0|  14|  0|    14 |     0|        82 |          8|  38|  10|
|  82| 86|  60| 78| 187|  0|  14|  0|    14 |     0|       121 |         39|  78|  40|
|  52| 30| 123| 63| 186|  1|  14|  0|    14 |     0|       196 |         75| 121|  43|
|  28| 24| 191| 68| 186|  0|  14|  0|    14 |     0|        52 |         56| 143|  22|
| 121| 93| 107| 84| 186|  0|  15|  1|    15 |     1|        28 |         24| 148|   5|
|  78| 43|   9| 98| 186|  0|  15|  0|    15 |     0|        38 |         10| 102|  46|
| 148| 70| 147| 62| 186|  0|  15|  0|    15 |     0|        78 |         40|  23|  79|
|  38| 90| 126| 21| 185|  1|  16|  1|    16 |     1|       121 |         43| 156|  67|
| 121| 83|  88| 38| 185|  0|  16|  0|    16 |     0|       143 |         22| 158|   2|
| 143| 22|  88|  0| 185|  0|  16|  0|    16 |     0|       148 |          5| 174|  16|
|  23| 80|  61| 27| 184|  1|  16|  0|    16 |     0|       102 |         46| 164|  10|
| 174| 49|  14| 47| 184|  0|  17|  1|    17 |     1|        23 |         79| 132|  32|
| 158| 16| 168| 46| 184|  0|  17|  0|    17 |     0|       156 |         67| 101|  31|
| 102| 56|  76| 92| 184|  0|  17|  0|    17 |     0|       158 |          2|  37|  64|
| 156| 54|  49| 27| 184|  0|  17|  0|    17 |     0|       174 |         16| 178|  59|
| 132| 24|   3| 46| 183|  1|  18|  1|    18 |     1|       164 |         10| 176|   2|
| 164| 32|  34| 31| 182|  1|  18|  0|    18 |     0|       132 |         32| 164|  12|
|  37| 73|  80| 46| 182|  0|  18|  0|    18 |     0|       101 |         31| 129|  35|
| 101| 64| 190| 90| 181|  1|  18|  0|    18 |     0|        37 |         64|  97|  32|
| 178| 77|  26| 36| 181|  0|  18|  0|    18 |     0|       178 |         59|  55|  42|
|  97| 81| 133| 93| 181|  0|  18|  0|    18 |     0|       176 |          2|  95|  40|
| 176| 79|  69| 64| 181|  0|  18|  0|    18 |     0|       164 |         12| 104|   9|
| 129| 47| 158| 89| 181|  0|  19|  1|    19 |     1|       129 |         35| 137|  33|
| 164| 35| 144| 14| 180|  1|  19|  0|    19 |     0|        97 |         32| 145|   8|
|  55| 91|  26| 82| 180|  0|  19|  0|    19 |     0|        55 |         42|   3|  58|
| 145| 90| 126|100| 180|  0|  20|  1|    20 |     1|        95 |         40|  26|  23|
|   3| 58|  77| 49| 180|  0|  20|  0|    20 |     0|       104 |          9| 105|  79|
| 137| 66|  96| 19| 180|  0|  20|  0|    20 |     0|       137 |         33| 139|  34|
| 104| 33| 189| 93| 180|  0|  20|  0|    20 |     0|       145 |          8| 156|  17|
|  95|  9| 188|  1| 180|  0|  21|  1|    21 |     1|         3 |         58| 194|  38|
| 105| 10| 189|  1| 180|  0|  21|  0|    21 |     0|        26 |         23| 121|  73|
| 139| 34|  64| 75| 180|  0|  21|  0|    21 |     0|       105 |         79|  55|  66|
|  26| 87| 162| 98| 179|  1|  21|  0|    21 |     0|       139 |         34|  53|   2|
| 156| 70|  11| 49| 179|  0|  21|  0|    21 |     0|       156 |         17|  37|  16|
| 194| 38| 133| 78| 179|  0|  22|  1|    22 |     1|       194 |         38|  21|  16|
|  37| 43|  37| 96| 179|  0|  22|  0|    22 |     0|       121 |         73|  34|  13|
|  55| 18| 108| 71| 179|  0|  22|  0|    22 |     0|        55 |         66|  90|  56|
|  21| 34|  55| 53| 179|  0|  22|  0|    22 |     0|        53 |          2|  96|   6|
|  53| 32|  65| 10| 178|  1|  22|  0|    22 |     0|        37 |         16| 121|  25|
| 121| 68|  10| 55| 178|  0|  22|  0|    22 |     0|        21 |         16| 191|  70|
|  34| 87|  69| 59| 178|  0|  23|  1|    23 |     1|        34 |         13| 175|  16|
|  96| 62|  73|  4| 178|  0|  23|  0|    23 |     0|        90 |         56| 131|  44|
| 121| 25|  91| 18| 178|  0|  23|  0|    23 |     0|        96 |          6| 111|  20|
|  90| 31| 103| 12| 177|  1|  24|  1|    24 |     1|       121 |         25| 105|   6|
| 191| 99| 119| 16| 177|  0|  24|  0|    24 |     0|       191 |         70|  46|  59|
| 175| 16|  96| 23| 177|  0|  24|  0|    24 |     0|       175 |         16|  71|  25|
| 111| 64|  78| 18| 177|  0|  24|  0|    24 |     0|       131 |         44| 114|  43|
|  46| 65| 125| 47| 177|  0|  24|  0|    24 |     0|       111 |         20| 131|  17|
| 131| 85| 153| 28| 177|  0|  24|  0|    24 |     0|       105 |          6| 140|   9|
| 105| 26|  74| 79| 176|  1|  25|  1|    25 |     1|        46 |         59|   6|  66|
| 131| 26| 173| 99| 176|  0|  25|  0|    25 |     0|        71 |         25|   7|   1|
| 140|  9| 163| 10| 176|  0|  25|  0|    25 |     0|       114 |         43| 112|  95|
| 114| 26| 149| 14| 176|  0|  25|  0|    25 |     0|       131 |         17| 123|  11|
|   6| 92|  25| 76| 176|  0|  25|  0|    25 |     0|       140 |          9| 149|  26|
|  71| 65| 184| 41| 175|  1|  25|  0|    25 |     0|         6 |         66| 164|  15|
| 164| 93|  51| 67| 175|  0|  25|  0|    25 |     0|         7 |          1|  59|  95|
| 123| 41| 164| 87| 175|  0|  25|  0|    25 |     0|       112 |         95|  59|   0|
| 112| 11|  55| 91| 174|  1|  26|  1|    26 |     1|       123 |         11|  43|  16|
| 149| 37|  25| 30| 174|  0|  26|  0|    26 |     0|       149 |         26|  39|   4|
|   7| 58| 142| 83| 174|  0|  26|  0|    26 |     0|       164 |         15|  26|  13|
|  43| 36|  63| 79| 174|  0|  26|  0|    26 |     0|        59 |         95|  46|  20|
|  59| 16| 118| 55| 174|  0|  26|  0|    26 |     0|        59 |          0|  94|  48|
|  26| 33|  21| 97| 173|  1|  26|  0|    26 |     0|        43 |         16| 146|  52|
|  59| 33| 135| 86| 173|  0|  27|  1|    27 |     1|        39 |          4| 179|  33|
|  39| 20| 155| 20| 173|  0|  27|  0|    27 |     0|        26 |         13|  18|  39|
| 179| 60|  97| 58| 173|  0|  27|  0|    27 |     0|        46 |         20|  20|   2|
|  46| 67| 110| 13| 173|  0|  27|  0|    27 |     0|        94 |         48|  57|  37|
| 146|100| 132| 22| 173|  0|  28|  1|    28 |     1|       146 |         52| 156|  99|
|  18| 72|  55| 77| 172|  1|  28|  0|    28 |     0|       179 |         33|  10|  54|
|  94| 76| 143| 88| 172|  0|  28|  0|    28 |     0|        18 |         39|   1|   9|
|  57| 37| 175| 32| 172|  0|  28|  0|    28 |     0|        20 |          2|  23|  22|
|   1| 56| 124| 51| 172|  0|  29|  1|    29 |     1|        57 |         37|  31|   8|
|  10|  9| 128|  4| 172|  0|  29|  0|    29 |     0|       156 |         99|  32|   1|
|  20| 10|  46| 82| 171|  1|  29|  0|    29 |     0|        10 |         54|  74|  42|
| 156| 64|  37|  9| 171|  0|  29|  0|    29 |     0|         1 |          9| 190|  84|
| 190| 34| 147| 90| 171|  0|  29|  0|    29 |     0|        23 |         22| 123|  67|
|  23| 33|  95| 52| 170|  1|  30|  1|    30 |     1|        31 |          8| 112|  11|
|  74| 51| 110| 15| 170|  0|  30|  0|    30 |     0|        32 |          1|  78|  34|
|  32| 42|  86| 24| 170|  0|  30|  0|    30 |     0|        74 |         42|  41|  37|
|  31|  1|  57| 29| 170|  0|  31|  1|    31 |     1|       190 |         84|   5|  36|
|  65| 34| 124| 67| 170|  0|  31|  0|    31 |     0|        93 |         97|   7|   2|
|  40| 25| 190| 66| 170|  0|  31|  0|    31 |     0|        65 |         28|  24|  17|
|  93| 53| 113| 77| 169|  1|  31|  0|    31 |     0|        40 |         25|  40|  16|
|  24| 69|  37| 76| 169|  0|  31|  0|    31 |     0|        24 |         16|  65|  25|
|   7| 17|  53| 16| 169|  0|  31|  0|    31 |     0|         7 |         17|  93|  28|
|  74| 67|  13| 40| 169|  0|  31|  0|    31 |     0|        14 |          7|  74|  19|
| 135| 61| 124| 89| 168|  1|  32|  1|    32 |     1|        59 |         45|  59|  15|
|  59| 76| 133|  9| 168|  0|  32|  0|    32 |     0|        74 |         15|  14|  45|
|  14| 45|  41| 92| 168|  0|  32|  0|    32 |     0|       110 |         36| 110|  96|
| 110| 96| 155| 86| 168|  0|  32|  0|    32 |     0|       135 |         25| 135|  25|
| 193| 83| 132| 23| 168|  0|  32|  0|    32 |     0|       148 |         13| 133|   2|
|  31| 38| 172| 40| 168|  0|  32|  0|    32 |     0|       193 |         45|  68|  65|
| 148| 83|  40| 68| 167|  1|  33|  1|    33 |     1|        73 |         80|  61|   7|
|  73| 75|  74| 34| 167|  0|  33|  0|    33 |     0|        31 |         42|  55|   6|
|  18| 55|  99| 25| 167|  0|  33|  0|    33 |     0|        18 |         13|   6|  49|
|   6| 12| 169| 70| 167|  0|  34|  1|    34 |     1|         6 |         12|   6|   0|
| 133| 73|  24| 55| 166|  1|  34|  0|    34 |     0|        55 |         49|  40|  34|
|  55| 78| 129| 95| 166|  0|  34|  0|    34 |     0|        61 |          6|  43|   3|
|  68| 13| 148| 19| 166|  0|  34|  0|    34 |     0|        68 |          7|  71|  28|
|  61|  7| 151|  3| 166|  0|  34|  0|    34 |     0|       133 |         65| 156|  85|
|  71| 10| 127| 24| 166|  0|  35|  1|    35 |     1|        71 |         62| 121|  35|
|   6| 65|  83| 44| 165|  1|  36|  1|    36 |     1|        43 |         28|  16|  95|
| 156| 50| 143| 60| 164|  1|  36|  0|    36 |     0|        40 |          3|  13|   3|
|  43| 87| 129| 14| 164|  0|  37|  1|    37 |     1|         6 |         34| 160|  53|
|  40|  3|  30| 99| 164|  0|  37|  0|    37 |     0|       156 |         50| 172|  12|
|  13| 27| 128| 98| 164|  0|  37|  0|    37 |     0|       121 |         35| 168|   4|
| 172| 41|  93| 35| 164|  0|  37|  0|    37 |     0|        16 |         95| 135|  33|
|  16| 44| 188| 95| 164|  0|  37|  0|    37 |     0|        13 |          3| 113|  22|
| 121| 95| 153| 35| 163|  1|  37|  0|    37 |     0|       160 |         53|  17|  96|
| 160| 39| 198| 45| 163|  0|  37|  0|    37 |     0|       172 |         12|   2|  15|
| 135| 25|  28| 30| 163|  0|  37|  0|    37 |     0|       168 |          4|  65|  63|
|   2| 67| 110| 82| 163|  0|  38|  1|    38 |     1|       135 |         33| 131|  66|
| 113| 89| 147| 37| 163|  0|  38|  0|    38 |     0|       113 |         22| 141|  10|
|  17| 96|  33| 86| 163|  0|  38|  0|    38 |     0|        17 |         96| 155|  14|
| 168| 49| 114| 81| 162|  1|  38|  0|    38 |     0|         2 |         15| 180|  25|
| 155| 13| 140| 26| 162|  0|  38|  0|    38 |     0|        65 |         63| 135|  45|
| 180| 25|  95| 45| 162|  0|  39|  1|    39 |     1|       131 |         66|  90|  45|
|  65| 85| 184| 89| 162|  0|  39|  0|    39 |     0|       141 |         10|  11|  79|
| 141| 76|  53| 69| 162|  0|  39|  0|    39 |     0|       155 |         14|  11|   0|
| 131| 10| 168| 85| 161|  1|  39|  0|    39 |     0|       180 |         25|   6|   5|
|  11| 80| 192| 24| 161|  0|  40|  1|    40 |     1|       135 |         45|  74|  68|
|  90| 79|  18| 26| 161|  0|  40|  0|    40 |     0|        90 |         45|  79|   5|
|  11| 79|  75| 57| 160|  1|  40|  0|    40 |     0|        11 |         79|  84|   5|
| 135| 76| 177| 98| 160|  0|  40|  0|    40 |     0|        11 |          0| 110|  26|
|   6| 71| 167| 10| 160|  0|  40|  0|    40 |     0|         6 |          5| 186|  76|
| 110| 96| 122| 45| 160|  0|  40|  0|    40 |     0|        74 |         68| 181|   5|
|  79| 31| 107| 15| 159|  1|  40|  0|    40 |     0|        79 |          5| 148|  33|
|  74|  5| 150| 43| 159|  0|  41|  1|    41 |     1|        84 |          5| 100|  48|
|  84| 10| 181| 31| 159|  0|  41|  0|    41 |     0|       110 |         26|  95|   5|
| 186| 98|  25| 44| 159|  0|  41|  0|    41 |     0|       186 |         76|  37|  58|
|  37| 51| 171| 54| 159|  0|  41|  0|    41 |     0|       181 |          5|  86|  49|
| 181| 56| 186| 15| 159|  0|  41|  0|    41 |     0|       148 |         33|  87|   1|
| 100| 81|  93| 93| 159|  0|  41|  0|    41 |     0|       100 |         48| 109|  22|
|  95|  5| 186| 93| 158|  1|  41|  0|    41 |     0|        95 |          5| 187|  78|
| 148| 53| 149| 37| 158|  0|  41|  0|    41 |     0|        37 |         58|  28|  41|
|  87| 61|  44| 95| 158|  0|  42|  1|    42 |     1|        86 |         49|  37|   9|
| 187|100|   8| 36| 157|  1|  43|  1|    43 |     1|        87 |          1|  43|   6|
|  86| 99| 135| 73| 157|  0|  43|  0|    43 |     0|       109 |         22|  72|  29|
| 109| 23| 128|  7| 157|  0|  43|  0|    43 |     0|       187 |         78| 127|  55|
|  28| 81| 112| 16| 156|  1|  43|  0|    43 |     0|        28 |         41| 198|  71|
|  43| 15| 171| 59| 156|  0|  43|  0|    43 |     0|        37 |          9| 156|  42|
| 198| 45|  89| 82| 156|  0|  43|  0|    43 |     0|        43 |          6| 130|  26|
|  37| 39|  32| 57| 156|  0|  43|  0|    43 |     0|        72 |         29|  67|  63|
| 127| 90|  67| 35| 156|  0|  44|  1|    44 |     1|       127 |         55|  57|  10|
|  72| 55| 182| 85| 156|  0|  44|  0|    44 |     0|       198 |         71|  31|  26|
| 156| 84|  57| 75| 156|  0|  44|  0|    44 |     0|       156 |         42|  35|   4|
|  31| 75| 110| 53| 156|  0|  44|  0|    44 |     0|       130 |         26|  55|  20|
| 130| 99| 103|  7| 156|  0|  45|  1|    45 |     1|        67 |         63|  61|   6|
|  67| 63| 116| 13| 156|  0|  45|  0|    45 |     0|        57 |         10| 131|  70|
|  57| 10| 171| 55| 156|  0|  45|  0|    45 |     0|        31 |         26| 192|  61|
|  61|  4| 169|  2| 156|  0|  45|  0|    45 |     0|        35 |          4| 163|  29|
|  55|  6| 145| 24| 155|  1|  45|  0|    45 |     0|        55 |         20| 138|  25|
|  35| 20|  50| 95| 155|  0|  46|  1|    46 |     1|        61 |          6| 129|   9|
| 192| 43|  82| 32| 155|  0|  46|  0|    46 |     0|       131 |         70| 109|  20|
| 131| 61|  99| 17| 155|  0|  46|  0|    46 |     0|       192 |         61|  75|  34|
| 163| 32| 177| 78| 155|  0|  46|  0|    46 |     0|       163 |         29|  42|  33|
| 109| 54| 159| 18| 154|  1|  46|  0|    46 |     0|       138 |         25|  11|  31|
|  75| 34|  98| 61| 154|  0|  47|  1|    47 |     1|       129 |          9| 108|  97|
| 129| 54| 151| 53| 153|  1|  47|  0|    47 |     0|       109 |         20| 170|  62|
| 138|  9|  21| 70| 153|  0|  48|  1|    48 |     1|        75 |         34| 186|  16|
|  11| 73|  45| 24| 153|  0|  48|  0|    48 |     0|        42 |         33| 180|   6|
| 108| 97| 144| 99| 153|  0|  48|  0|    48 |     0|        11 |         31| 170|  10|
| 186| 78|  16| 72| 153|  0|  48|  0|    48 |     0|       108 |         97|  48|  78|
|  42| 56| 164| 52| 153|  0|  49|  1|    49 |     1|       170 |         62|  17|  31|
| 170| 72|   5| 41| 152|  1|  49|  0|    49 |     0|       186 |         16|  13|   4|
|  13| 43|   4|  1| 152|  0|  49|  0|    49 |     0|       180 |          6|  18|   5|
|  48| 35| 179| 25| 151|  1|  49|  0|    49 |     0|       170 |         10|  51|  33|
| 170| 78|  32| 53| 151|  0|  50|  1|    50 |     1|        48 |         78|  66|  15|
|  17| 47|  50| 18| 151|  0|  50|  0|    50 |     0|        17 |         31|  68|   2|
| 180| 37| 181| 69| 151|  0|  50|  0|    50 |     0|        13 |          4| 128|  60|
|  51| 71| 149| 32| 151|  0|  50|  0|    50 |     0|        18 |          5|  86|  42|
|  66| 15|  13| 64| 151|  0|  50|  0|    50 |     0|        51 |         33|  78|   8|
| 128| 62|  60| 47| 150|  1|  51|  1|    51 |     1|        66 |         15|  69|   9|
|  18| 90|  86| 26| 150|  0|  51|  0|    51 |     0|        68 |          2| 166|  97|
|  68| 50| 106| 20| 149|  1|  51|  0|    51 |     0|       128 |         60| 176|  10|
|  69|  1| 140| 34| 149|  0|  51|  0|    51 |     0|        86 |         42| 159|  17|
| 166| 97|  45| 95| 149|  0|  51|  0|    51 |     0|        78 |          8| 114|  45|
|  78| 88| 149| 96| 149|  0|  51|  0|    51 |     0|        69 |          9|  70|  44|
|  86|  8|  29| 80| 149|  0|  52|  1|    52 |     1|       166 |         97|  65|   5|
| 176| 90| 159| 70| 148|  1|  52|  0|    52 |     0|       176 |         10|  22|  43|
|  70| 94|  41| 82| 148|  0|  52|  0|    52 |     0|       159 |         17|  58|  36|
|  22| 48| 173| 68| 148|  0|  52|  0|    52 |     0|       114 |         45|  90|  32|
| 114| 92|  31| 58| 148|  0|  53|  1|    53 |     1|        70 |         44| 101|  11|
|  65| 49| 173| 58| 148|  0|  53|  0|    53 |     0|        65 |          5| 128|  27|
| 159| 94|  27| 54| 148|  0|  53|  0|    53 |     0|        22 |         43| 177|  49|
|  90| 69| 135| 92| 148|  0|  53|  0|    53 |     0|        58 |         36| 128|  49|
|  58| 32| 153| 18| 148|  0|  53|  0|    53 |     0|        90 |         32| 106|  22|
| 101| 43|  71| 82| 148|  0|  54|  1|    54 |     1|       101 |         11|  68|  38|
| 128| 27| 194| 77| 147|  1|  54|  0|    54 |     0|       128 |         27|  53|  15|
| 177| 49| 120| 74| 147|  0|  55|  1|    55 |     1|       177 |         49|  22|  31|
|  53| 76| 127|  7| 147|  0|  55|  0|    55 |     0|       128 |         49|  31|   9|
|  22| 31|  84| 43| 147|  0|  55|  0|    55 |     0|       106 |         22|  73|  42|
|  68| 46| 180| 96| 147|  0|  55|  0|    55 |     0|        68 |         38| 148|  75|
| 128| 60|  52| 72| 147|  0|  55|  0|    55 |     0|        53 |         15| 193|  45|
| 106| 22| 111| 59| 147|  0|  55|  0|    55 |     0|        22 |         31|  18|  25|
|  76| 30| 180| 69| 147|  0|  55|  0|    55 |     0|        76 |         54|  76|  58|
| 199| 77| 127| 53| 147|  0|  55|  0|    55 |     0|        93 |         17|  93|  17|
|  93| 94| 170| 43| 147|  0|  55|  0|    55 |     0|       115 |         22| 115|  22|
| 115| 22|   6| 36| 146|  1|  56|  1|    56 |     1|       124 |          9| 124|   9|
| 124|  9| 133| 73| 145|  1|  56|  0|    56 |     0|       199 |         75| 199|  75|
| 189| 65|  97| 36| 145|  0|  57|  1|    57 |     1|       189 |         10| 188|  11|
|  57| 68|  96|  1| 145|  0|  57|  0|    57 |     0|        86 |         97|  83|  95|
|  71| 14|  54| 42| 145|  0|  57|  0|    57 |     0|        71 |         15|  70|  13|
|  86| 15| 168| 86| 144|  1|  57|  0|    57 |     0|        57 |         14|  16|  54|
|   5| 81| 163|  5| 144|  0|  57|  0|    57 |     0|         5 |         52|   2|  14|
|  83| 78|  36| 73| 144|  0|  57|  0|    57 |     0|        16 |         11|  40|  38|
|   2| 81| 142| 94| 144|  0|  57|  0|    57 |     0|        70 |         54|  48|   8|
|  70| 68|  47| 95| 144|  0|  57|  0|    57 |     0|        83 |         13|  84|  36|
|  16| 54|  46|  1| 143|  1|  57|  0|    57 |     0|       188 |         95|  86|   2|
| 188| 28|  14| 32| 143|  0|  58|  1|    58 |     1|         2 |         14| 195|  91|
|  48| 60|  51| 37| 143|  0|  58|  0|    58 |     0|        40 |         38|  80|  85|
|  86| 38| 118| 67| 143|  0|  58|  0|    58 |     0|        48 |          8|  70|  10|
|  40| 46| 199| 81| 143|  0|  58|  0|    58 |     0|        84 |         36|  55|  15|
|  84| 44| 174| 25| 143|  0|  58|  0|    58 |     0|        86 |          2|  40|  15|
| 195| 89| 134| 40| 143|  0|  58|  0|    58 |     0|       195 |         91|  19|  21|
|  70| 75| 112| 22| 143|  0|  58|  0|    58 |     0|        80 |         85|  61|  42|
|  55| 15|  29| 83| 142|  1|  58|  0|    58 |     0|        70 |         10|  95|  34|
|  80| 25|  33|  4| 142|  0|  59|  1|    59 |     1|        55 |         15| 110|  15|
|  40| 40|  52| 19| 142|  0|  59|  0|    59 |     0|        40 |         15| 156|  46|
|  19| 21| 169| 83| 141|  1|  59|  0|    59 |     0|        19 |         21| 162|   6|
|  95| 76| 173|  4| 141|  0|  59|  0|    59 |     0|        61 |         42| 168|   6|
| 162| 67|  63| 90| 141|  0|  60|  1|    60 |     1|        95 |         34| 177|   9|
| 156|  6|  92| 29| 141|  0|  60|  0|    60 |     0|       110 |         15| 123|  54|
|  61| 95|  71| 21| 141|  0|  60|  0|    60 |     0|       156 |         46|  96|  27|
| 110| 49| 172| 99| 140|  1|  60|  0|    60 |     0|       162 |          6|  31|  65|
| 177| 67| 100| 72| 140|  0|  61|  1|    61 |     1|       168 |          6| 107|  76|
|  96| 81| 129| 29| 140|  0|  61|  0|    61 |     0|       177 |          9| 122|  15|
| 168| 72|  18| 89| 140|  0|  61|  0|    61 |     0|       123 |         54| 128|   6|
| 123| 45|  71| 53| 140|  0|  61|  0|    61 |     0|        96 |         27| 145|  17|
|  31| 92| 142| 71| 140|  0|  61|  0|    61 |     0|        31 |         65|   7|  62|
| 107| 76|  11| 69| 139|  1|  61|  0|    61 |     0|       107 |         76|  51|  44|
| 122| 15|  75| 64| 139|  0|  62|  1|    62 |     1|       122 |         15|  63|  12|
| 145| 23|  97| 22| 139|  0|  62|  0|    62 |     0|       128 |          6|  74|  11|
|   7| 62|   8| 89| 139|  0|  62|  0|    62 |     0|       145 |         17|  93|  19|
| 128| 79|  96| 88| 138|  1|  63|  1|    63 |     1|         7 |         62| 166|  73|
|  63| 65|  81| 15| 138|  0|  63|  0|    63 |     0|        51 |         44|  89|  77|
|  51| 12| 174| 93| 138|  0|  63|  0|    63 |     0|        63 |         12|  87|   2|
| 166| 85|  11| 37| 138|  0|  63|  0|    63 |     0|        74 |         11|  49|  38|
|  74| 92|   6|  5| 138|  0|  63|  0|    63 |     0|        93 |         19|  34|  15|
|  93| 19| 154| 52| 138|  0|  63|  0|    63 |     0|       166 |         73| 172|  62|
|  49| 44|  88| 66| 137|  1|  64|  1|    64 |     1|        89 |         77| 158|  14|
|  34| 15|  82|  6| 137|  0|  64|  0|    64 |     0|        87 |          2| 123|  35|
|  87| 53|  62| 20| 137|  0|  64|  0|    64 |     0|        49 |         38|  68|  55|
|  89|  2|  57|  5| 137|  0|  64|  0|    64 |     0|        34 |         15|  17|  51|
| 172| 83|  77| 20| 137|  0|  64|  0|    64 |     0|       172 |         62| 179|  38|
|  17| 45|   4| 73| 136|  1|  65|  1|    65 |     1|       158 |         14| 179|   0|
|  68| 51|  17| 13| 135|  1|  65|  0|    65 |     0|       123 |         35| 143|  36|
| 158| 90| 118| 99| 135|  0|  65|  0|    65 |     0|        68 |         55| 108|  35|
| 179| 21| 117|  1| 135|  0|  65|  0|    65 |     0|        17 |         51|  96|  12|
| 123| 56| 111|  6| 135|  0|  65|  0|    65 |     0|       179 |         38|  50|  46|
| 143| 20| 104|  7| 135|  0|  66|  1|    66 |     1|       179 |          0|  13|  37|
| 179| 36|  36| 68| 135|  0|  66|  0|    66 |     0|       143 |         36|  11|   2|
|  50| 71|  34|  2| 135|  0|  66|  0|    66 |     0|       108 |         35| 138|  73|
| 108| 58|  31|  3| 135|  0|  66|  0|    66 |     0|        96 |         12| 161|  23|
|  96| 12| 198| 33| 134|  1|  66|  0|    66 |     0|        50 |         46| 199|  38|
|  11| 85|  49| 51| 134|  0|  67|  1|    67 |     1|        13 |         37| 189|  10|
|  13|  2| 184| 65| 133|  1|  67|  0|    67 |     0|        11 |          2|  86|  97|
| 138| 75|  38| 54| 133|  0|  67|  0|    67 |     0|       138 |         73|  71|  15|
| 199| 61|  32|  6| 133|  0|  67|  0|    67 |     0|       161 |         23|  57|  14|
| 161| 38| 123| 91| 133|  0|  67|  0|    67 |     0|       199 |         38|   5|  52|
|  72| 89|  38| 85| 133|  0|  68|  1|    68 |     1|       166 |         33|  72|  67|
|  78|  6| 147| 91| 133|  0|  68|  0|    68 |     0|       137 |         29|  78|   6|
| 166| 88| 115| 32| 133|  0|  68|  0|    68 |     0|        92 |         45|  92|  14|
| 137| 29| 141| 26| 132|  1|  68|  0|    68 |     0|        78 |         14| 137|  45|
|  92| 45|  74| 67| 132|  0|  68|  0|    68 |     0|        72 |          6| 166|  29|
|  43| 49| 104| 30| 132|  0|  69|  1|    69 |     1|        58 |         14| 133|  33|
|  58| 15|  59| 45| 132|  0|  69|  0|    69 |     0|        43 |         15|  58|  75|
| 133| 75|  26| 33| 131|  1|  69|  0|    69 |     0|         3 |         40|  43|  15|
|   3| 70| 180| 46| 131|  0|  69|  0|    69 |     0|       133 |         70|   3|  40|
| 186| 17| 128| 52| 131|  0|  69|  0|    69 |     0|       186 |         53| 186|  17|
| 131| 55|  99| 29| 131|  0|  69|  0|    69 |     0|       131 |         55| 131|  55|
| 196| 65|   6| 93| 131|  0|  69|  0|    69 |     0|       127 |          4| 127|   4|
| 110| 86| 157| 49| 130|  1|  70|  1|    70 |     1|       110 |         17| 110|  17|
| 194| 84|  51| 94| 130|  0|  70|  0|    70 |     0|       194 |         84| 194|  84|
| 127| 67| 169| 82| 130|  0|  70|  0|    70 |     0|       196 |          2| 196|   2|
|   9| 82| 104| 65| 129|  1|  70|  0|    70 |     0|       190 |          6| 138|  58|
| 190| 19|  22| 82| 129|  0|  70|  0|    70 |     0|       130 |         60| 123|  15|
|   2| 12| 147| 75| 129|  0|  70|  0|    70 |     0|        66 |         64|  79|  44|
| 130| 72|  39| 92| 129|  0|  71|  1|    71 |     1|         9 |         57|  72|   7|
|  66| 64| 116| 77| 129|  0|  71|  0|    71 |     0|         2 |          7|  20|  52|
| 123| 57| 196| 80| 129|  0|  71|  0|    71 |     0|        20 |         18|  27|   7|
| 138| 15| 188|  8| 128|  1|  71|  0|    71 |     0|        72 |         52|  57|  30|
|  20| 82|  10| 22| 128|  0|  71|  0|    71 |     0|        79 |          7| 145|  88|
|  79| 59|  84| 74| 128|  0|  71|  0|    71 |     0|       123 |         44| 155|  10|
|  72|  7| 156| 72| 128|  0|  71|  0|    71 |     0|       138 |         15|   9|  54|
|  27| 45| 121| 35| 128|  0|  72|  1|    72 |     1|        57 |         81|  50|  41|
|  57| 30| 176| 55| 128|  0|  72|  0|    72 |     0|        27 |         30|  76|  26|
| 155| 98| 187| 11| 128|  0|  72|  0|    72 |     0|         9 |         18| 126|  50|
| 145| 10|  43| 56| 128|  0|  72|  0|    72 |     0|       145 |         64| 127|   1|
|   9| 64|   2| 41| 128|  0|  72|  0|    72 |     0|       155 |         10| 185|  58|
|  76| 67|  74| 72| 128|  0|  72|  0|    72 |     0|       127 |         28| 116|  69|
| 126| 50|  76|  2| 128|  0|  73|  1|    73 |     1|       126 |          1|  70|  46|
| 185| 59|   9| 67| 127|  1|  73|  0|    73 |     0|        76 |         50|  67|   3|
| 127| 58|  85| 76| 127|  0|  73|  0|    73 |     0|        50 |         26|  62|   5|
|  50| 77|  34| 51| 127|  0|  73|  0|    73 |     0|       185 |         65|  55|   7|
|  62| 12| 150| 84| 127|  0|  74|  1|    74 |     1|       116 |         69|  76|  21|
|  55|  7|   9| 59| 127|  0|  74|  0|    74 |     0|        70 |         46| 128|  52|
| 116| 61|  25| 16| 127|  0|  74|  0|    74 |     0|        67 |          3| 160|  32|
|  70| 46| 187| 38| 127|  0|  74|  0|    74 |     0|        62 |          5|  18|  58|
|  67|  3|  77| 90| 127|  0|  74|  0|    74 |     0|        55 |          7|   9|   9|
| 160| 93| 199| 78| 126|  1|  74|  0|    74 |     0|        76 |         21|  11|   2|
|   9| 49|  61| 62| 126|  0|  74|  0|    74 |     0|       128 |         52|  71|  60|
|  76| 67|  44| 17| 126|  0|  74|  0|    74 |     0|       160 |         32| 100|  29|
| 128| 52| 157| 87| 126|  0|  74|  0|    74 |     0|        18 |         58| 104|   4|
|  18| 90|  79| 78| 126|  0|  75|  1|    75 |     1|         9 |          9| 182|  78|
| 182| 36| 151| 72| 125|  1|  75|  0|    75 |     0|        11 |          2| 194|  12|
|  71| 89| 143|  8| 125|  0|  75|  0|    75 |     0|        71 |         60| 156|  38|
|  11| 60| 141|  2| 124|  1|  76|  1|    76 |     1|       100 |         29| 128|  28|
| 104| 93|  15| 74| 124|  0|  76|  0|    76 |     0|       104 |          4| 109|  19|
| 100|  4|  27| 12| 124|  0|  76|  0|    76 |     0|       182 |         78|  54|  55|
| 194| 94| 118| 91| 124|  0|  76|  0|    76 |     0|       194 |         12|  41|  13|
| 156| 38| 135| 17| 124|  0|  76|  0|    76 |     0|       156 |         38|  32|   9|
| 109| 47|  31| 96| 124|  0|  77|  1|    77 |     1|       128 |         28|  25|   7|
| 128| 19|  14| 17| 124|  0|  77|  0|    77 |     0|       109 |         19|  21|   4|
|  54| 74|  60| 46| 123|  1|  77|  0|    77 |     0|        54 |         55|  58|  37|
|  21| 33|  46| 14| 123|  0|  78|  1|    78 |     1|        41 |         13|  66|   8|
|  32| 11| 198| 48| 123|  0|  78|  0|    78 |     0|        32 |          9|  87|  21|
|  58| 26|  21| 23| 123|  0|  78|  0|    78 |     0|        25 |          7|  95|   8|
|  41| 17| 155| 66| 123|  0|  78|  0|    78 |     0|        21 |          4|  98|   3|
|  25| 16| 117| 38| 123|  0|  78|  0|    78 |     0|        58 |         37|  24|  74|
|  98| 73|  63| 54| 123|  0|  79|  1|    79 |     1|        66 |          8|  84|  60|
|  24| 74|  99| 36| 123|  0|  79|  0|    79 |     0|        87 |         21|  91|   7|
|  95| 71|  79| 20| 123|  0|  79|  0|    79 |     0|        95 |          8| 124|  33|
|  66| 29| 120| 41| 123|  0|  79|  0|    79 |     0|        98 |          3| 178|  54|
|  87| 21|  61| 59| 122|  1|  80|  1|    80 |     1|        24 |         74|  12|  34|
| 178| 91|  97| 36| 122|  0|  80|  0|    80 |     0|        84 |         60|  90|  78|
|  12| 34|  70| 27| 122|  0|  80|  0|    80 |     0|        91 |          7| 127|  37|
| 124| 88|  28| 42| 121|  1|  80|  0|    80 |     0|       124 |         33| 172|  45|
|  91| 33|   9| 19| 121|  0|  81|  1|    81 |     1|       178 |         54| 174|   2|
|  84|  7| 124| 85| 121|  0|  81|  0|    81 |     0|        12 |         34| 193|  19|
|  90|  6| 199| 75| 121|  0|  82|  1|    82 |     1|        90 |         78| 137|  56|
| 174| 84|  47| 48| 121|  0|  82|  0|    82 |     0|       127 |         37| 104|  33|
| 172|  2| 140| 93| 121|  0|  82|  0|    82 |     0|       172 |         45|  86|  18|
| 127| 45| 198| 58| 121|  0|  83|  1|    83 |     1|       174 |          2|  69|  17|
| 193| 66| 134| 64| 121|  0|  83|  0|    83 |     0|       193 |         19|  41|  28|
|  86| 93| 112| 22| 121|  0|  83|  0|    83 |     0|       137 |         56|  63|  22|
| 137| 51| 200| 88| 121|  0|  84|  1|    84 |     1|       104 |         33| 137|  74|
|  41| 96| 192|  8| 120|  1|  84|  0|    84 |     0|        86 |         18| 144|   7|
|  69| 28| 189|  3| 120|  0|  84|  0|    84 |     0|        69 |         17| 156|  12|
| 104| 35|  91| 98| 120|  0|  84|  0|    84 |     0|        41 |         28|   2|  46|
| 156| 52|  45| 46| 120|  0|  84|  0|    84 |     0|        63 |         22|  14|  12|
|  63| 93| 147| 98| 120|  0|  84|  0|    84 |     0|       137 |         74|  30|  16|
|   2| 61| 160| 13| 119|  1|  84|  0|    84 |     0|       144 |          7|  52|  22|
| 137| 65| 102| 58| 118|  1|  85|  1|    85 |     1|       156 |         12|  65|  13|
| 144|  7| 170| 68| 118|  0|  86|  1|    86 |     1|         2 |         46| 120|  55|
|  52| 92| 152| 18| 118|  0|  86|  0|    86 |     0|        14 |         12|  80|  40|
|  65| 13| 164| 12| 118|  0|  86|  0|    86 |     0|        30 |         16|  63|  17|
| 120| 55| 157|  7| 118|  0|  86|  0|    86 |     0|        52 |         22|  57|   6|
|  14| 94| 153|  4| 117|  1|  86|  0|    86 |     0|        65 |         13| 147|  90|
|  30| 16|  72| 81| 117|  0|  86|  0|    86 |     0|       120 |         55| 159|  12|
|  63| 33|  56| 16| 117|  0|  86|  0|    86 |     0|        80 |         40| 120|  39|
| 159| 96| 196| 60| 116|  1|  87|  1|    87 |     1|        63 |         17| 103|  17|
| 147| 12| 199|  3| 116|  0|  87|  0|    87 |     0|        57 |          6|  93|  10|
|  57| 90|   8|  9| 116|  0|  87|  0|    87 |     0|       147 |         90|  14|  79|
|  80| 23| 185| 23| 116|  0|  87|  0|    87 |     0|       159 |         12| 180|  34|
| 103| 23| 151| 34| 115|  1|  87|  0|    87 |     0|       120 |         39| 170|  10|
|  93| 10| 152|  1| 115|  0|  87|  0|    87 |     0|       103 |         17| 166|   4|
| 120| 27| 147|  5| 115|  0|  88|  1|    88 |     1|        93 |         10| 135|  31|
|  14| 94| 130| 17| 115|  0|  88|  0|    88 |     0|        14 |         79|  58|  77|
| 180| 34|  73| 57| 115|  0|  88|  0|    88 |     0|       180 |         34|   8|  50|
| 170| 10|   8| 65| 114|  1|  89|  1|    89 |     1|       170 |         10|  24|  16|
| 166|  4|  43| 35| 114|  0|  89|  0|    89 |     0|       166 |          4|  60|  36|
| 135| 31|  93| 50| 114|  0|  89|  0|    89 |     0|       135 |         31|  98|  38|
|  58| 77|  57| 36| 114|  0|  89|  0|    89 |     0|        58 |         77| 183|  85|
|   8| 50| 199| 58| 114|  0|  90|  1|    90 |     1|         8 |         50| 197|  14|
|  98| 90| 191|  8| 113|  1|  90|  0|    90 |     0|        24 |         16| 200|   3|
|  24| 74| 103| 88| 113|  0|  90|  0|    90 |     0|        60 |         36| 167|  33|
| 183| 41| 184| 81| 113|  0|  90|  0|    90 |     0|        98 |         38| 140|  27|
| 197| 14| 151| 33| 112|  1|  91|  1|    91 |     1|       183 |         85|  69|  71|
|  60| 63|  32| 81| 112|  0|  91|  0|    91 |     0|       197 |         14|  44|  25|
| 200| 60|  66| 34| 112|  0|  91|  0|    91 |     0|       200 |          3|  69|  25|
|  44| 44| 148| 82| 112|  0|  91|  0|    91 |     0|       167 |         33|  94|  25|
|  69| 25| 180| 32| 112|  0|  92|  1|    92 |     1|       140 |         27| 139|  45|
| 140| 71| 199| 19| 111|  1|  92|  0|    92 |     0|        69 |         71| 163|  24|
| 167| 27| 189| 10| 111|  0|  92|  0|    92 |     0|        44 |         25|  25|  62|
|  69| 98| 101| 88| 111|  0|  92|  0|    92 |     0|        69 |         25|  68|  43|
| 163| 94| 102|  1| 111|  0|  93|  1|    93 |     1|        94 |         25| 105|  37|
| 139| 24| 200| 98| 111|  0|  93|  0|    93 |     0|       139 |         45| 107|   2|
|  94| 45| 121| 79| 111|  0|  93|  0|    93 |     0|       163 |         24| 126|  19|
|  25| 69| 103| 18| 110|  1|  93|  0|    93 |     0|        25 |         62| 179|  53|
| 105| 80|  98|  5| 110|  0|  93|  0|    93 |     0|        68 |         43| 167|  12|
| 107|  2| 133| 35| 110|  0|  93|  0|    93 |     0|       105 |         37| 137|  30|
| 179| 72|  48| 85| 110|  0|  93|  0|    93 |     0|       107 |          2| 108|  29|
|  68| 89|  58| 10| 110|  0|  94|  1|    94 |     1|       126 |         19|  89|  19|
| 126| 58|  50|  8| 110|  0|  94|  0|    94 |     0|       179 |         53| 197|  92|
| 137| 11| 140| 90| 110|  0|  95|  1|    95 |     1|       167 |         12| 195|   2|
| 167| 30|  49| 91| 110|  0|  95|  0|    95 |     0|       137 |         30| 192|   3|
| 108| 59| 121| 72| 110|  0|  95|  0|    95 |     0|       108 |         29| 161|  31|
|  89| 19| 162| 41| 110|  0|  95|  0|    95 |     0|        89 |         19| 156|   5|
| 197| 92|  12| 50| 109|  1|  95|  0|    95 |     0|       197 |         92|  19|  63|
| 192|  5| 188| 24| 109|  0|  95|  0|    95 |     0|       195 |          2|  81|  62|
| 156| 36|  23| 35| 109|  0|  95|  0|    95 |     0|       192 |          3| 148|  67|
| 161|  5|  15|  8| 109|  0|  95|  0|    95 |     0|       161 |         31| 154|   6|
| 195| 34|  72| 57| 108|  1|  95|  0|    95 |     0|       156 |          5| 173|  19|
|  19| 24|  40| 32| 108|  0|  96|  1|    96 |     1|        19 |         63|   7|  34|
| 148| 71|  64| 24| 108|  0|  96|  0|    96 |     0|        81 |         62|  38|  31|
|   7| 59| 187| 77| 108|  0|  96|  0|    96 |     0|       148 |         67|  58|  20|
| 173| 34| 189|  2| 108|  0|  96|  0|    96 |     0|       154 |          6| 126|  68|
| 154| 19| 189|  0| 108|  0|  96|  0|    96 |     0|       173 |         19| 144|  18|
|  81| 73| 128| 61| 107|  1|  96|  0|    96 |     0|         7 |         34|   3|  59|
|  58| 23| 103| 25| 107|  0|  96|  0|    96 |     0|        38 |         31|  24|  21|
| 126| 68| 111|  8| 107|  0|  97|  1|    97 |     1|        58 |         20|  24|   0|
|   3| 77| 141| 30| 107|  0|  97|  0|    97 |     0|       126 |         68| 114|  90|
| 144| 59|  45| 96| 107|  0|  97|  0|    97 |     0|       144 |         18| 179|  65|
|  38| 94| 138| 93| 106|  1|  97|  0|    97 |     0|         3 |         59| 198|  19|
|  24| 14| 176| 38| 106|  0|  97|  0|    97 |     0|        24 |         21| 180|  18|
| 198| 26|   2| 26| 106|  0|  97|  0|    97 |     0|        24 |          0|  89|  91|
|  24| 26| 139| 63| 105|  1|  97|  0|    97 |     0|       114 |         90|  70|  19|
| 114| 90|  20| 81| 105|  0|  98|  1|    98 |     1|       179 |         65|  51|  19|
| 179| 65|  58| 38| 105|  0|  98|  0|    98 |     0|       198 |         19|  33|  18|
|  89| 90|  39| 19| 104|  1|  98|  0|    98 |     0|       180 |         18|  38|   5|
|  70| 19| 159| 80| 104|  0|  98|  0|    98 |     0|        89 |         91|  43|   5|
|  33| 37| 173| 14| 104|  0|  98|  0|    98 |     0|        70 |         19| 114|  71|
|  51| 18|  26| 53| 104|  0|  98|  0|    98 |     0|        51 |         19| 148|  34|
| 180| 71| 143| 83| 104|  0|  99|  1|    99 |     1|        33 |         18| 165|  17|
| 148| 32| 151|  8| 104|  0|  99|  0|    99 |     0|        38 |          5| 147|  18|
| 114| 34|   2| 51| 104|  0|  99|  0|    99 |     0|        43 |          5|  73|  74|
|  43| 71| 189| 13| 103|  1|  99|  0|    99 |     0|       114 |         71|  41|  32|
| 165| 78|  98| 91| 103|  0| 100|  1|   100 |     1|       148 |         34| 188|  53|
|  38| 73| 110| 12| 103|  0| 100|  0|   100 |     0|       165 |         17| 194|   6|
|  73| 35| 115|  5| 103|  0| 100|  0|   100 |     0|       147 |         18| 115|  79|
| 194| 79| 111|  4| 103|  0| 101|  1|   101 |     1|        73 |         74| 111|   4|
| 188|  6|  72| 39| 103|  0| 101|  0|   101 |     0|        41 |         32|  72|  39|
|  41| 53|   9| 63| 102|  1| 101|  0|   101 |     0|       188 |         53|   9|  63|
| 147| 94|   6|  3| 102|  0| 101|  0|   101 |     0|       194 |          6|   6|   3|
|   6| 59| 147| 59| 102|  0| 102|  1|   102 |     1|       115 |         79|  98|  92|
|   9|  3|  41| 94| 101|  1| 102|  0|   102 |     0|       111 |          4| 110|  12|
|  72| 63| 188| 53| 101|  0| 102|  0|   102 |     0|        72 |         39| 151|  41|
| 111| 39| 194|  6| 101|  0| 103|  1|   103 |     1|         9 |         63| 189|  38|
| 115|  4|  73| 79| 101|  0| 103|  0|   103 |     0|         6 |          3|   2|  13|
| 110|  5|  38| 35| 100|  1| 103|  0|   103 |     0|        98 |         92|  26|  24|
|  98| 12| 165| 73| 100|  0| 103|  0|   103 |     0|       110 |         12|  39|  13|
| 189| 91|  43| 78| 100|  0| 103|  0|   103 |     0|       151 |         41| 143|  96|
|   2| 13| 114| 71|  99|  1| 103|  0|   103 |     0|       189 |         38| 159|  16|
| 151| 51| 148| 34|  99|  0| 104|  1|   104 |     1|         2 |         13| 173|  14|
| 143|  8| 180| 32|  99|  0| 104|  0|   104 |     0|        26 |         24| 139|  34|
|  26| 83|  51| 71|  99|  0| 104|  0|   104 |     0|        39 |         13|  58|  81|
| 173| 53|  33| 18|  98|  1| 104|  0|   104 |     0|       143 |         96|  20|  38|
| 159| 14|  70| 37|  98|  0| 104|  0|   104 |     0|       159 |         16|   2|  18|
|  39| 80|  89| 19|  98|  0| 104|  0|   104 |     0|       173 |         14| 176|  26|
|  58| 19| 179| 90|  98|  0| 104|  0|   104 |     0|       139 |         34| 141|  35|
|  20| 38| 114| 65|  98|  0| 105|  1|   105 |     1|        58 |         81| 138|   3|
| 139| 81|  24| 90|  98|  0| 105|  0|   105 |     0|        20 |         38| 111|  27|
|   2| 63| 198| 26|  97|  1| 105|  0|   105 |     0|         2 |         18| 103|   8|
| 176| 26|  24| 26|  97|  0| 106|  1|   106 |     1|       176 |         26|  45|  58|
| 138| 38|  38| 14|  97|  0| 106|  0|   106 |     0|       141 |         35|  64|  19|
|  45| 93| 144| 94|  97|  0| 106|  0|   106 |     0|       138 |          3| 128|  64|
| 141| 96|   3| 59|  97|  0| 107|  1|   107 |     1|       111 |         27| 187|  59|
| 111| 30| 126| 77|  97|  0| 107|  0|   107 |     0|       103 |          8| 189|   2|
| 103|  8|  58| 68|  97|  0| 107|  0|   107 |     0|        45 |         58| 189|   0|
| 128| 25|  81| 23|  96|  1| 107|  0|   107 |     0|        64 |         19| 188|   1|
| 189| 61| 154| 73|  96|  0| 107|  0|   107 |     0|       128 |         64|  72|  84|
| 189|  0| 173| 19|  96|  0| 108|  1|   108 |     1|       187 |         59|  40|  32|
| 187|  2|   7| 34|  96|  0| 108|  0|   108 |     0|       189 |          2|  23|  17|
|  64| 77| 148| 59|  96|  0| 108|  0|   108 |     0|       189 |          0|  15|   8|
|  40| 24|  19| 71|  96|  0| 108|  0|   108 |     0|       188 |          1|  12|   3|
|  72| 32| 195| 24|  96|  0| 108|  0|   108 |     0|        72 |         84|  49|  37|
|  15| 57| 161| 34|  95|  1| 108|  0|   108 |     0|        40 |         32| 121|  72|
|  23|  8| 156|  5|  95|  0| 109|  1|   109 |     1|        23 |         17| 140|  19|
| 188| 35| 192| 36|  95|  0| 109|  0|   109 |     0|        15 |          8| 162|  22|
|  12| 24| 197|  5|  95|  0| 109|  0|   109 |     0|        12 |          3| 133|  29|
| 162| 50|  89| 92|  95|  0| 109|  0|   109 |     0|        49 |         37|  98|  35|
| 121| 41| 108| 19|  95|  0| 110|  1|   110 |     1|       121 |         72|  58|  40|
|  49| 72| 167| 59|  95|  0| 110|  0|   110 |     0|       140 |         19|  50|   8|
| 140| 91| 137| 30|  95|  0| 110|  0|   110 |     0|       162 |         22|  48|   2|
|  50| 90| 126| 11|  95|  0| 110|  0|   110 |     0|       133 |         29| 101|  53|
|  58|  8|  68| 58|  94|  1| 110|  0|   110 |     0|        98 |         35| 102|   1|
|  48| 10| 179| 89|  94|  0| 110|  0|   110 |     0|        58 |         40| 103|   1|
| 133| 85| 107| 72|  93|  1| 110|  0|   110 |     0|        50 |          8| 121|  18|
|  98| 35| 105|  2|  93|  0| 110|  0|   110 |     0|        48 |          2| 200|  79|
| 103|  5|  25| 80|  93|  0| 110|  0|   110 |     0|       101 |         53| 199|   1|
| 121| 18|  94| 69|  93|  0| 110|  0|   110 |     0|       102 |          1| 189|  10|
| 200| 79| 139| 45|  93|  0| 111|  1|   111 |     1|       103 |          1| 180|   9|
| 102| 98| 163| 24|  93|  0| 111|  0|   111 |     0|       121 |         18| 148|  32|
| 101|  1|  69| 94|  93|  0| 111|  0|   111 |     0|       200 |         79|  66|  82|
| 189| 88| 167| 98|  92|  1| 111|  0|   111 |     0|       199 |          1|  32|  34|
| 199| 10| 140| 27|  92|  0| 111|  0|   111 |     0|       189 |         10| 103|  71|
| 180| 19|  69| 71|  92|  0| 111|  0|   111 |     0|       180 |          9| 151|  48|
| 148| 32|  44| 25|  92|  0| 112|  1|   112 |     1|       148 |         32| 184|  33|
|  66| 82| 200| 44|  91|  1| 112|  0|   112 |     0|        66 |         82| 191|   7|
|  32| 34|  60| 60|  91|  0| 112|  0|   112 |     0|        32 |         34| 199|   8|
| 151| 81| 197| 63|  91|  0| 112|  0|   112 |     0|       103 |         71|  93|  94|
| 184| 33| 183| 14|  91|  0| 112|  0|   112 |     0|       151 |         48|  57|  36|
| 103| 81|  24| 41|  90|  1| 113|  1|   113 |     1|       184 |         33|  43|  14|
| 191| 88|  98| 74|  90|  0| 113|  0|   113 |     0|       191 |          7|   8|  35|
| 199|  8|   8| 90|  90|  0| 113|  0|   113 |     0|       199 |          8|  73|  65|
|  57| 58|  58| 50|  90|  0| 114|  1|   114 |     1|        93 |         94| 130|  57|
|  93| 36| 135| 77|  89|  1| 114|  0|   114 |     0|        57 |         36| 147|  17|
|  43| 50| 166| 31|  89|  0| 114|  0|   114 |     0|        43 |         14| 151|   4|
|   8| 35| 170|  4|  89|  0| 114|  0|   114 |     0|         8 |         35| 152|   1|
|  73| 65| 180| 10|  89|  0| 114|  0|   114 |     0|        73 |         65| 185|  33|
| 130| 57|  14| 34|  88|  1| 115|  1|   115 |     1|       130 |         57| 196|  11|
| 147| 17| 120| 94|  88|  0| 115|  0|   115 |     0|       147 |         17| 199|   3|
| 152|  5|  93| 27|  88|  0| 115|  0|   115 |     0|       151 |          4|  56|  57|
| 151|  1| 103| 10|  87|  1| 115|  0|   115 |     0|       152 |          1|   8|  48|
| 185| 34|  80| 23|  87|  0| 115|  0|   115 |     0|       185 |         33|  72|  64|
|   8| 23|  57| 23|  87|  0| 116|  1|   116 |     1|       196 |         11| 152|  80|
| 199|  9| 147| 90|  87|  0| 116|  0|   116 |     0|       199 |          3| 153|   1|
| 196|  3| 159| 12|  87|  0| 116|  0|   116 |     0|        56 |         57| 157|   4|
|  56| 60|  63| 96|  87|  0| 116|  0|   116 |     0|         8 |         48| 164|   7|
|  72| 16|  30| 33|  86|  1| 117|  1|   117 |     1|        72 |         64| 170|   6|
| 153| 81|  14| 16|  86|  0| 117|  0|   117 |     0|       152 |         80| 160|  10|
| 157|  4| 120| 94|  86|  0| 117|  0|   117 |     0|       153 |          1| 147|  13|
| 164|  7|  65| 55|  86|  0| 118|  1|   118 |     1|       157 |          4| 102|  45|
| 152| 12|  52| 13|  86|  0| 118|  0|   118 |     0|       164 |          7|  45|  57|
| 170| 18| 144| 92|  86|  0| 118|  0|   118 |     0|       170 |          6|  91|  46|
| 102| 68| 137|  7|  86|  0| 118|  0|   118 |     0|       160 |         10| 112|  21|
| 160| 58|   2| 65|  85|  1| 118|  0|   118 |     0|       147 |         13| 189|  77|
| 147| 13|  63| 61|  84|  1| 119|  1|   119 |     1|       102 |         45| 192|   3|
|  45| 98| 156| 93|  84|  0| 120|  1|   120 |     1|        45 |         57| 200|   8|
|  91| 46| 104| 52|  84|  0| 120|  0|   120 |     0|        91 |         46| 199|   1|
| 189| 98|  69| 35|  84|  0| 120|  0|   120 |     0|       112 |         21| 198|   1|
| 192|  3|  41| 28|  84|  0| 120|  0|   120 |     0|       189 |         77| 140|  58|
| 200|  8| 137| 96|  84|  0| 120|  0|   120 |     0|       192 |          3| 134|   6|
| 112| 88|  86| 51|  84|  0| 121|  1|   121 |     1|       200 |          8|  47|  87|
| 134| 22| 193| 93|  83|  1| 121|  0|   121 |     0|       199 |          1|  70|  23|
| 198| 64| 127| 66|  83|  0| 121|  0|   121 |     0|       198 |          1|  97|  27|
| 140| 58| 172| 45|  83|  0| 121|  0|   121 |     0|       140 |         58| 124|  27|
|  47| 93| 174|  2|  82|  1| 121|  0|   121 |     0|       134 |          6|  28|  96|
| 199| 48|  90| 84|  82|  0| 121|  0|   121 |     0|        47 |         87|   9|  19|
| 124| 75|  84|  6|  82|  0| 121|  0|   121 |     0|        70 |         23|  61|  52|
|   9| 85|  91|  7|  81|  1| 121|  0|   121 |     0|        97 |         27|  63|   2|
|  28| 19| 124| 33|  81|  0| 121|  0|   121 |     0|       124 |         27|  79|  16|
|  70| 42|  12| 88|  80|  1| 121|  0|   121 |     0|        28 |         96|  99|  20|
|  97| 27| 178| 34|  80|  0| 122|  1|   122 |     1|         9 |         19| 120|  21|
|  61| 36|  87| 91|  80|  0| 122|  0|   122 |     0|        61 |         52| 117|   3|
| 120| 59|  66| 21|  80|  0| 122|  0|   122 |     0|        63 |          2|  46|  71|
|  79| 41|  95| 29|  79|  1| 123|  1|   123 |     1|        79 |         16|  21|  25|
|  99| 20|  24| 71|  79|  0| 123|  0|   123 |     0|        99 |         20| 155|  66|
|  63| 36|  98| 74|  79|  0| 123|  0|   123 |     0|       120 |         21| 198|  43|
| 117| 54|  25| 73|  79|  0| 123|  0|   123 |     0|       117 |          3| 135|  63|
| 155| 38|  41| 16|  78|  1| 123|  0|   123 |     0|        46 |         71| 118|  17|
|  21| 66|  58| 17|  78|  0| 123|  0|   123 |     0|        21 |         25|  60|  58|
| 198| 23|  32| 26|  78|  0| 123|  0|   123 |     0|       155 |         66|  31|  29|
|  46| 48|  21| 11|  78|  0| 123|  0|   123 |     0|       198 |         43|  14|  17|
|  60| 14|  54| 33|  78|  0| 123|  0|   123 |     0|       135 |         63|  15|   1|
|  14| 46| 128| 74|  77|  1| 123|  0|   123 |     0|       118 |         17|  27|  12|
|  31| 17| 109| 19|  77|  0| 124|  1|   124 |     1|        60 |         58| 141|  86|
| 135| 96| 156| 47|  77|  0| 124|  0|   124 |     0|        31 |         29| 143|   2|
| 118| 17| 194| 38|  76|  1| 124|  0|   124 |     0|        14 |         17| 151|   8|
|  27| 91| 100| 94|  76|  0| 124|  0|   124 |     0|        15 |          1|  79|  72|
|  15| 12| 104|  4|  76|  0| 124|  0|   124 |     0|        27 |         12|  61|  18|
| 141| 74|  11| 93|  76|  0| 124|  0|   124 |     0|       141 |         86|  44|  17|
| 143|  2|  71| 60|  76|  0| 124|  0|   124 |     0|       143 |          2| 157|  87|
| 151|  8| 182| 89|  75|  1| 125|  1|   125 |     1|       151 |          8| 199|  42|
|  79| 72|  18| 36|  75|  0| 125|  0|   125 |     0|        79 |         72| 187|  12|
| 157| 78| 128| 90|  75|  0| 126|  1|   126 |     1|        61 |         18| 150|  37|
|  44| 87|  76| 52|  74|  1| 126|  0|   126 |     0|        44 |         17|  77|  73|
|  61| 17|   9| 67|  74|  0| 126|  0|   126 |     0|       157 |         87|  25|  52|
| 199| 62| 160| 49|  74|  0| 126|  0|   126 |     0|       199 |         42|   9|  16|
|  77| 78|  67| 93|  74|  0| 126|  0|   126 |     0|       187 |         12|   9|   0|
| 187| 90|  70|  3|  74|  0| 127|  1|   127 |     1|       150 |         37|  34|  25|
|  25| 38| 116| 46|  74|  0| 127|  0|   127 |     0|        77 |         73|  74|  40|
|   9| 16|  55| 61|  74|  0| 127|  0|   127 |     0|        25 |         52|  76|   2|
| 150| 59|  62|  7|  74|  0| 127|  0|   127 |     0|         9 |         16|  85|   9|
|  34| 84|  50| 12|  74|  0| 127|  0|   127 |     0|         9 |          0|  43|  42|
|  85| 51| 127| 77|  73|  1| 127|  0|   127 |     0|        34 |         25|   2|  41|
|   9| 76| 185| 58|  73|  0| 127|  0|   127 |     0|        74 |         40| 121|  81|
|  76| 67| 126| 59|  73|  0| 127|  0|   127 |     0|        76 |          2| 176|  55|
|  74|  2|  76| 50|  73|  0| 128|  1|   128 |     1|        85 |          9| 187|  11|
|   2| 72|   9| 67|  72|  1| 128|  0|   128 |     0|        43 |         42| 156|  31|
|  43| 41| 145| 64|  72|  0| 128|  0|   128 |     0|         2 |         41|  84|  72|
| 187| 56| 155| 10|  72|  0| 128|  0|   128 |     0|       121 |         81|  10|  74|
| 176| 11|  57| 98|  72|  0| 128|  0|   128 |     0|       176 |         55| 188|  22|
| 121| 55|  27| 30|  72|  0| 128|  0|   128 |     0|       187 |         11| 196|   8|
| 156| 35|  72| 45|  72|  0| 128|  0|   128 |     0|       156 |         31| 147|  49|
|  84| 72|  79|  7|  71|  1| 128|  0|   128 |     0|        84 |         72| 116|  31|
|  10| 74|  20| 59|  71|  0| 128|  0|   128 |     0|        10 |         74| 104|  12|
| 188| 22| 138| 82|  71|  0| 128|  0|   128 |     0|       188 |         22|  39|  65|
| 196|  8| 123| 15|  71|  0| 128|  0|   128 |     0|       196 |          8|  22|  17|
| 116| 80|  66| 57|  71|  0| 129|  1|   129 |     1|       147 |         49|  51|  29|
|  39| 77| 130| 64|  71|  0| 129|  0|   129 |     0|       116 |         31|  99|  48|
| 147| 92|   2| 72|  71|  0| 129|  0|   129 |     0|       104 |         12| 157|  58|
|  22| 75| 190| 12|  70|  1| 129|  0|   129 |     0|        39 |         65| 169|  12|
| 104| 82|   9| 19|  70|  0| 129|  0|   129 |     0|        22 |         17|   6|  37|
| 169| 65| 127| 82|  70|  0| 129|  0|   129 |     0|        51 |         29|  26|  20|
|  51| 82| 194| 67|  70|  0| 130|  1|   130 |     1|        99 |         48|  59|  33|
| 157| 94| 110| 84|  70|  0| 130|  0|   130 |     0|       157 |         58| 104|  45|
|   6| 49| 196| 86|  70|  0| 130|  0|   130 |     0|       169 |         12| 128|  24|
|  99| 93| 131| 65|  69|  1| 131|  1|   131 |     1|         6 |         37| 180|  52|
| 128| 29| 186| 55|  69|  0| 131|  0|   131 |     0|        26 |         20| 147|  33|
| 180| 52|   3| 17|  69|  0| 131|  0|   131 |     0|        59 |         33| 141|   6|
|  26| 46| 133| 70|  69|  0| 131|  0|   131 |     0|       104 |         45| 115|  26|
|  59| 33|  58| 75|  69|  0| 131|  0|   131 |     0|       128 |         24|  74|  41|
| 104| 45|  43| 15|  69|  0| 132|  1|   132 |     1|       180 |         52|  38|  36|
|  74| 30|  92| 49|  69|  0| 132|  0|   132 |     0|       147 |         33|  38|   0|
| 141| 67| 137| 45|  68|  1| 132|  0|   132 |     0|       141 |          6|  49|  11|
| 115| 26| 166| 29|  68|  0| 132|  0|   132 |     0|       115 |         26| 123|  74|
| 147| 32|  78| 88|  68|  0| 133|  1|   133 |     1|        74 |         41| 184|  61|
|  38| 91|  72|  6|  68|  0| 133|  0|   133 |     0|        38 |         36|  32|  48|
| 123| 85| 161| 89|  68|  0| 133|  0|   133 |     0|        38 |          0|  34|   2|
|  32| 91| 199| 38|  67|  1| 133|  0|   133 |     0|        49 |         11|  36|   2|
|  38|  6| 138| 61|  67|  0| 133|  0|   133 |     0|       123 |         74| 104|  68|
| 184| 54|  13| 75|  67|  0| 133|  0|   133 |     0|       184 |         61| 198|  94|
|  49| 65|  11|  2|  67|  0| 133|  0|   133 |     0|        32 |         48|  31|  33|
| 198| 51|  96| 85|  67|  0| 134|  1|   134 |     1|        34 |          2| 111|  80|
|  31| 33| 108| 12|  66|  1| 134|  0|   134 |     0|        36 |          2| 117|   6|
|  34|  3|  50| 58|  66|  0| 135|  1|   135 |     1|       104 |         68| 118|   1|
|  36|  2| 179| 71|  66|  0| 135|  0|   135 |     0|       198 |         94|  17|  99|
| 104| 68| 143| 36|  66|  0| 135|  0|   135 |     0|        31 |         33|   4|  13|
| 111|  7| 123| 20|  66|  0| 135|  0|   135 |     0|       111 |         80|  57|  53|
| 117|  6| 179| 56|  65|  1| 135|  0|   135 |     0|       117 |          6|  62|   5|
| 118|  1| 158| 21|  65|  0| 135|  0|   135 |     0|       118 |          1|  77|  15|
|  17| 99|  68| 90|  65|  0| 135|  0|   135 |     0|        17 |         99|  82|   5|
|   4| 13|  17| 51|  65|  0| 135|  0|   135 |     0|         4 |         13|  88|   6|
|  77| 73| 172| 45|  65|  0| 136|  1|   136 |     1|        57 |         53| 154|  66|
|  57| 20|  89| 83|  64|  1| 137|  1|   137 |     1|        62 |          5| 174|  20|
|  62|  5|  87|  2|  64|  0| 137|  0|   137 |     0|        77 |         15|  81|  93|
|  82| 20|  34| 53|  64|  0| 137|  0|   137 |     0|        82 |          5|  11|  70|
|  88|  6|  49| 15|  64|  0| 137|  0|   137 |     0|        88 |          6|   6|   5|
| 154| 66|  93| 44|  64|  0| 137|  0|   137 |     0|       154 |         66|   8|   2|
|   6| 52|  74| 19|  63|  1| 138|  1|   138 |     1|       174 |         20|  11|   3|
|  11|  5| 166| 92|  63|  0| 138|  0|   138 |     0|        81 |         93|  75|  64|
| 174| 37|  51| 85|  63|  0| 138|  0|   138 |     0|        11 |         70|  96|  21|
|  81| 93|  63| 12|  63|  0| 138|  0|   138 |     0|         6 |          5|  97|   1|
|  96| 15| 128| 65|  63|  0| 138|  0|   138 |     0|         8 |          2| 100|   3|
|   8| 88|   7| 79|  63|  0| 138|  0|   138 |     0|        11 |          3| 129|  29|
|  97| 89| 145| 62|  62|  1| 139|  1|   139 |     1|        75 |         64| 142|  13|
|  75| 22| 122| 23|  62|  0| 139|  0|   139 |     0|        96 |         21|  71|  71|
|  11| 64| 107| 15|  62|  0| 139|  0|   139 |     0|        97 |          1|  18|  53|
| 142| 69|  31| 76|  61|  1| 139|  0|   139 |     0|       100 |          3|  63|  45|
|  71| 71| 123| 92|  61|  0| 140|  1|   140 |     1|       129 |         29|  71|   8|
|  18| 53| 168| 45|  61|  0| 140|  0|   140 |     0|       142 |         13|  92|  21|
| 129| 89|  96| 72|  61|  0| 140|  0|   140 |     0|        71 |         71| 172|  80|
| 100| 29| 177| 81|  61|  0| 140|  0|   140 |     0|        18 |         53| 173|   1|
| 172| 72| 110| 67|  61|  0| 140|  0|   140 |     0|        63 |         45| 169|   4|
|  71| 99|  61| 49|  60|  1| 140|  0|   140 |     0|        71 |          8| 112|  57|
|  92| 21| 156| 95|  60|  0| 141|  1|   141 |     1|        92 |         21|  52|  60|
|  63| 29| 162|  6|  60|  0| 141|  0|   141 |     0|       172 |         80|  33|  19|
| 173| 90|  95| 67|  60|  0| 141|  0|   141 |     0|       173 |          1|  29|   4|
| 169|  4|  19| 76|  59|  1| 141|  0|   141 |     0|       169 |          4|  51|  22|
|  52| 83|  40| 21|  59|  0| 141|  0|   141 |     0|       112 |         57| 118|  67|
|  33| 19|  80| 40|  59|  0| 142|  1|   142 |     1|        52 |         60| 134|  16|
|  29|  4|  55| 25|  59|  0| 142|  0|   142 |     0|        33 |         19| 174|  40|
| 112| 83|  70| 15|  58|  1| 142|  0|   142 |     0|        29 |          4| 199|  25|
| 134| 22| 195| 75|  58|  0| 143|  1|   143 |     1|        51 |         22| 142|  57|
| 174| 40|  84| 89|  58|  0| 143|  0|   143 |     0|       118 |         67|  47|  95|
| 199| 25|  40| 44|  58|  0| 143|  0|   143 |     0|       134 |         16|  46|   1|
| 118| 81|  86| 46|  58|  0| 143|  0|   143 |     0|       174 |         40|  36|  10|
|  51| 67|  48| 38|  58|  0| 143|  0|   143 |     0|       199 |         25|  14|  22|
|  14| 37| 188| 60|  58|  0| 143|  0|   143 |     0|       142 |         57|  54|  40|
|  46| 32|  16| 28|  58|  0| 143|  0|   143 |     0|        47 |         95|  96|  42|
|  47|  1|  70| 54|  57|  1| 143|  0|   143 |     0|        46 |          1|  97|   1|
| 142| 95|   2| 68|  57|  0| 144|  1|   144 |     1|        36 |         10| 163|  66|
|  36| 94|  83| 81|  57|  0| 144|  0|   144 |     0|        14 |         22| 168|   5|
| 163| 73|   5| 78|  57|  0| 144|  0|   144 |     0|        54 |         40| 133|  35|
| 168|  5|  86| 81|  57|  0| 144|  0|   144 |     0|        96 |         42| 127|   6|
|  54| 86|  71| 15|  57|  0| 144|  0|   144 |     0|        97 |          1|   6|  79|
|  96| 42|  57| 14|  57|  0| 145|  1|   145 |     1|       163 |         66| 170|  36|
|  97|  1| 189| 68|  57|  0| 145|  0|   145 |     0|       168 |          5| 180|  10|
| 133| 36| 124| 65|  57|  0| 145|  0|   145 |     0|       133 |         35| 180|   0|
|   6| 73| 115|  9|  56|  1| 145|  0|   145 |     0|       127 |          6| 127|  53|
| 170| 36|  93| 22|  56|  0| 146|  1|   146 |     1|         6 |         79| 111|  16|
| 127| 43| 199| 94|  55|  1| 147|  1|   147 |     1|       170 |         36|  84|  27|
| 180| 53|  76| 77|  55|  0| 147|  0|   147 |     0|       180 |         10|  52|  32|
| 111| 69| 106| 30|  55|  0| 147|  0|   147 |     0|       180 |          0|  71|  19|
|  52| 59| 128| 22|  55|  0| 147|  0|   147 |     0|       127 |         53| 120|  49|
| 180| 72|  68| 60|  55|  0| 147|  0|   147 |     0|       111 |         16| 135|  15|
|  84| 96|  22| 46|  55|  0| 147|  0|   147 |     0|        84 |         27| 153|  18|
| 127| 43|  53| 31|  55|  0| 147|  0|   147 |     0|        52 |         32| 194|  41|
| 120|  7| 177| 76|  55|  0| 147|  0|   147 |     0|        71 |         19| 173|  21|
| 194| 74| 128| 49|  55|  0| 147|  0|   147 |     0|       120 |         49| 173|   0|
|  71| 77| 101| 27|  54|  1| 147|  0|   147 |     0|       135 |         15|  41|  68|
| 153| 82|  58| 43|  54|  0| 148|  1|   148 |     1|       153 |         18|  31|  10|
| 135| 18|  90| 32|  53|  1| 148|  0|   148 |     0|       194 |         41|  27|   4|
|  27| 92| 159| 69|  53|  0| 148|  0|   148 |     0|       173 |         21|  29|   2|
| 173| 54|  65| 94|  53|  0| 148|  0|   148 |     0|       173 |          0|  45|  16|
|  31| 58| 114| 49|  53|  0| 148|  0|   148 |     0|        41 |         68| 140|  95|
| 173| 58|  22| 92|  53|  0| 148|  0|   148 |     0|        31 |         10| 149|   9|
|  41| 68|  70| 48|  52|  1| 148|  0|   148 |     0|        27 |          4| 159|  10|
| 159| 82| 176| 94|  52|  0| 148|  0|   148 |     0|        29 |          2| 149|  10|
|  29| 70|  86| 90|  52|  0| 148|  0|   148 |     0|        45 |         16| 106|  43|
| 149| 80|  78|  8|  52|  0| 149|  1|   149 |     1|       140 |         95|  86|  20|
|  45| 96| 166| 88|  51|  1| 149|  0|   149 |     0|       149 |          9|  60|  26|
| 140| 95|  69| 97|  51|  0| 149|  0|   149 |     0|       159 |         10|  13|  47|
| 106| 34|  68|  1|  51|  0| 149|  0|   149 |     0|       149 |         10|  32|  19|
|  86| 20|  18| 50|  51|  0| 149|  0|   149 |     0|       106 |         43|  50|  18|
|  60| 26| 128| 90|  51|  0| 150|  1|   150 |     1|        86 |         20| 179|  71|
|  13| 47|  66| 62|  51|  0| 150|  0|   150 |     0|        60 |         26| 181|   2|
| 149| 64|  51| 15|  50|  1| 151|  1|   151 |     1|        13 |         47|   4|  23|
| 181| 32| 180| 71|  50|  0| 151|  0|   151 |     0|        32 |         19|   5|   1|
|  50| 69|  17| 37|  50|  0| 151|  0|   151 |     0|        50 |         18|  16|  11|
|  32| 18| 170| 47|  50|  0| 151|  0|   151 |     0|       179 |         71|  45|  29|
| 179| 53|  48| 78|  50|  0| 151|  0|   151 |     0|       181 |          2| 144|  99|
|   4| 25|  13| 35|  49|  1| 151|  0|   151 |     0|         4 |         23| 164|  20|
|   5|  1| 170| 43|  49|  0| 152|  1|   152 |     1|         5 |          1| 159|   5|
| 164| 41|  42| 72|  49|  0| 152|  0|   152 |     0|        16 |         11| 151|   8|
|  16| 52| 186| 56|  49|  0| 153|  1|   153 |     1|        45 |         29|  98|  53|
| 144| 72| 108| 78|  48|  1| 153|  0|   153 |     0|       144 |         99|  21|  77|
|  45| 99|  11| 97|  48|  0| 153|  0|   153 |     0|       164 |         20| 177|  44|
|  21| 24| 138| 73|  48|  0| 153|  0|   153 |     0|       159 |          5| 169|   8|
| 151| 70| 129|  9|  48|  0| 153|  0|   153 |     0|       151 |          8| 145|  24|
|  98| 53|  75| 54|  47|  1| 153|  0|   153 |     0|        98 |         53|  99|  46|
| 159| 61| 109| 34|  47|  0| 154|  1|   154 |     1|        21 |         77|  82|  17|
| 177| 18| 163| 54|  46|  1| 154|  0|   154 |     0|       177 |         44|  50|  32|
|  99| 78| 131| 32|  46|  0| 155|  1|   155 |     1|       169 |          8|  57|   7|
|  82| 17| 192| 61|  46|  0| 155|  0|   155 |     0|       145 |         24| 103|  46|
|  50| 32|  35| 43|  46|  0| 155|  0|   155 |     0|        99 |         46| 110|   7|
| 145| 95|  55| 20|  46|  0| 155|  0|   155 |     0|        82 |         17| 116|   6|
| 169| 24|  61|  6|  45|  1| 155|  0|   155 |     0|        50 |         32| 171|  55|
| 171|  2|  57|  4|  45|  0| 156|  1|   156 |     1|        57 |          7| 171|   0|
| 116| 55|  67| 10|  45|  0| 156|  0|   156 |     0|       103 |         46| 182|  11|
| 103| 13| 130| 63|  45|  0| 156|  0|   156 |     0|       110 |          7|  89|  93|
| 110|  7|  31| 99|  45|  0| 156|  0|   156 |     0|       116 |          6|  67|  22|
|  57| 53| 156| 75|  44|  1| 156|  0|   156 |     0|       171 |         55|  32|  35|
| 182| 75|  72| 84|  44|  0| 156|  0|   156 |     0|       171 |          0|  44|  12|
|  67| 85| 127| 55|  44|  0| 156|  0|   156 |     0|       182 |         11| 112|  68|
|  32| 35|  37| 90|  44|  0| 156|  0|   156 |     0|        89 |         93| 128|  16|
|  89| 57| 198| 39|  43|  1| 156|  0|   156 |     0|        67 |         22| 135|   7|
| 171| 82|  43| 45|  43|  0| 156|  0|   156 |     0|        32 |         35|   8|  73|
| 112| 59|  28| 15|  43|  0| 156|  0|   156 |     0|        44 |         12|  93|  85|
| 128| 16| 109| 81|  43|  0| 156|  0|   156 |     0|       112 |         68| 149|  56|
| 135|  7|  86| 23|  43|  0| 157|  1|   157 |     1|       128 |         16| 171|  22|
|   8| 73| 187| 99|  43|  0| 157|  0|   157 |     0|       135 |          7| 186|  15|
|  44| 36|  87|100|  43|  0| 157|  0|   157 |     0|         8 |         73| 186|   0|
| 149| 95| 148| 61|  42|  1| 158|  1|   158 |     1|        93 |         85| 181|   5|
| 186| 37|  95| 53|  41|  1| 158|  0|   158 |     0|       149 |         56| 150|  31|
|  93| 93| 100|  5|  41|  0| 158|  0|   158 |     0|       171 |         22| 122|  28|
| 186| 93| 181| 81|  41|  0| 159|  1|   159 |     1|       186 |         15| 107|  15|
| 171| 15|  37| 56|  41|  0| 159|  0|   159 |     0|       186 |          0|  25|  82|
|  25| 54| 186| 51|  41|  0| 159|  0|   159 |     0|       181 |          5|  75|  50|
| 181| 44|  84| 98|  41|  0| 159|  0|   159 |     0|       150 |         31| 167|  92|
| 150| 31|  74| 10|  41|  0| 159|  0|   159 |     0|       122 |         28| 177|  10|
| 107| 43|  79|  5|  41|  0| 159|  0|   159 |     0|       107 |         15| 192|  15|
| 122| 15| 110| 31|  40|  1| 159|  0|   159 |     0|        25 |         82|  18|  26|
| 167| 45|   6| 96|  40|  0| 160|  1|   160 |     1|        75 |         50|  53|  35|
| 177| 10| 135| 71|  40|  0| 160|  0|   160 |     0|       167 |         92|  95|  42|
|  75| 98|  11| 76|  40|  0| 160|  0|   160 |     0|       177 |         10| 140|  45|
|  18| 57|  90| 79|  40|  0| 160|  0|   160 |     0|       192 |         15| 168|  28|
| 192| 26|  11| 79|  40|  0| 161|  1|   161 |     1|        18 |         26| 184|  16|
| 168| 24| 131| 80|  40|  0| 161|  0|   161 |     0|        53 |         35| 147|  37|
|  53| 85| 141| 10|  39|  1| 161|  0|   161 |     0|        95 |         42| 114|  33|
| 184| 69|  65| 76|  39|  0| 162|  1|   162 |     1|       140 |         45| 110|   4|
|  95| 89| 180| 85|  39|  0| 162|  0|   162 |     0|       168 |         28|  33|  77|
| 140| 45| 155| 25|  39|  0| 162|  0|   162 |     0|       184 |         16|  28|   5|
| 114| 26| 168| 13|  38|  1| 162|  0|   162 |     0|       147 |         37|  93|  65|
|  33| 81|  17| 49|  38|  0| 162|  0|   162 |     0|       114 |         33| 128|  35|
| 147| 86| 113| 96|  38|  0| 163|  1|   163 |     1|       110 |          4| 153|  25|
| 110| 37|   2| 89|  38|  0| 163|  0|   163 |     0|        33 |         77| 188|  35|
|  28| 82| 135| 67|  38|  0| 163|  0|   163 |     0|        28 |          5| 198|  10|
| 198| 30| 160| 25|  37|  1| 163|  0|   163 |     0|        93 |         65| 143|  55|
| 153| 45| 121| 39|  37|  0| 163|  0|   163 |     0|       128 |         35| 129|  14|
| 188| 35|  16| 95|  37|  0| 163|  0|   163 |     0|       153 |         25| 127|   2|
|  93| 95| 172| 44|  37|  0| 164|  1|   164 |     1|       188 |         35|  83|  44|
| 128| 35|  13| 41|  37|  0| 164|  0|   164 |     0|       198 |         10|  30|  53|
|  30| 98|  40| 27|  37|  0| 164|  0|   164 |     0|       143 |         55| 129|  99|
| 129| 99|  43|  3|  37|  0| 164|  0|   164 |     0|       129 |         14| 148|  19|
| 143| 14| 156| 87|  37|  0| 164|  0|   164 |     0|       127 |          2| 151|   3|
|  83| 60|   6| 50|  36|  1| 164|  0|   164 |     0|        83 |         44| 169|  18|
| 127| 44|  71| 65|  36|  0| 165|  1|   165 |     1|        30 |         53|  24|  55|
| 151| 24|  61| 10|  35|  1| 166|  1|   166 |     1|       129 |         99|  40|  16|
| 148|  3|  68|  7|  34|  1| 166|  0|   166 |     0|       148 |         19|  74|  34|
| 129| 19|  55| 13|  34|  0| 166|  0|   166 |     0|       151 |          3|  99|  25|
|  24| 95| 133| 78|  34|  0| 166|  0|   166 |     0|       169 |         18| 132|  33|
| 169| 55|   6| 73|  34|  0| 166|  0|   166 |     0|        24 |         55| 172|  40|
|  99| 70|  18| 12|  34|  0| 167|  1|   167 |     1|        40 |         16| 155|  17|
|  74| 25|  73| 55|  33|  1| 167|  0|   167 |     0|        74 |         34| 133|  22|
|  40| 34| 148| 75|  33|  0| 167|  0|   167 |     0|        99 |         25| 124|   9|
| 172| 68|  31| 83|  33|  0| 167|  0|   167 |     0|       132 |         33|  41|  83|
| 132| 40| 193| 38|  32|  1| 168|  1|   168 |     1|       172 |         40|  13|  28|
| 155| 23| 110| 83|  32|  0| 168|  0|   168 |     0|       155 |         17|  37|  24|
|  41| 86|  14| 96|  32|  0| 168|  0|   168 |     0|       133 |         22|  53|  16|
| 133| 92|  59| 45|  32|  0| 168|  0|   168 |     0|       124 |          9| 113|  60|
| 124|  9| 135| 76|  32|  0| 168|  0|   168 |     0|        41 |         83| 124|  11|
|  13| 89|  74| 61|  32|  0| 168|  0|   168 |     0|        13 |         28| 190|  66|
|  53| 40|   7| 67|  31|  1| 169|  1|   169 |     1|        37 |         24| 147|  43|
|  37| 16|  24| 17|  31|  0| 169|  0|   169 |     0|        53 |         16| 110|  37|
| 113| 76|  93| 69|  31|  0| 169|  0|   169 |     0|       113 |         60|  95|  15|
| 190| 77|  40| 53|  31|  0| 169|  0|   169 |     0|       124 |         11|  86|   9|
| 124| 66|  65| 25|  31|  0| 170|  1|   170 |     1|       190 |         66|  57|  29|
|  57| 67|  31| 34|  31|  0| 170|  0|   170 |     0|       147 |         43|  46|  11|
|  86| 29|  32|  1|  31|  0| 170|  0|   170 |     0|       110 |         37|  37|   9|
| 110| 24|  74| 42|  30|  1| 170|  0|   170 |     0|        95 |         15| 124|  87|
|  95| 15|  23| 51|  30|  0| 170|  0|   170 |     0|        86 |          9| 128|   4|
| 147| 52| 190| 33|  30|  0| 170|  0|   170 |     0|        57 |         29| 175|  47|
|  37| 90| 156| 34|  29|  1| 171|  1|   171 |     1|        46 |         11| 143|  32|
|  46|  9|  20| 64|  29|  0| 171|  0|   171 |     0|        37 |          9| 132|  11|
| 128| 82|  10| 10|  29|  0| 171|  0|   171 |     0|       124 |         87| 110|  22|
| 124|  4|   1|  9|  29|  0| 172|  1|   172 |     1|       128 |          4|  97|  13|
| 175| 51|  57| 56|  29|  0| 172|  0|   172 |     0|       175 |         47|  55|  42|
| 143| 32|  94| 37|  28|  1| 172|  0|   172 |     0|       143 |         32|  63|   8|
|  55| 88|  18| 76|  28|  0| 172|  0|   172 |     0|       132 |         11| 118|  55|
| 132| 77| 146| 72|  28|  0| 172|  0|   172 |     0|       110 |         22| 135|  17|
| 110| 22|  46|100|  28|  0| 173|  1|   173 |     1|        97 |         13| 155|  20|
|  97| 13| 179| 67|  27|  1| 173|  0|   173 |     0|        55 |         42|  21|  66|
| 155| 58|  39| 60|  27|  0| 173|  0|   173 |     0|        63 |          8|  25|   4|
| 135| 20|  59| 20|  27|  0| 173|  0|   173 |     0|       118 |         55|  51|  26|
|  21| 86|  26| 33|  27|  0| 173|  0|   173 |     0|       135 |         17|  55|   4|
| 118| 97|  59| 33|  26|  1| 173|  0|   173 |     0|       155 |         20| 142|  87|
|  63| 55|  43| 16|  26|  0| 174|  1|   174 |     1|        21 |         66| 164|  22|
| 142| 79|   7| 36|  26|  0| 174|  0|   174 |     0|        25 |          4| 173|   9|
|  25| 83| 149| 58|  26|  0| 174|  0|   174 |     0|        51 |         26| 184|  11|
|  55| 30| 112| 37|  26|  0| 174|  0|   174 |     0|        55 |          4| 163|  21|
| 164| 91| 123| 11|  26|  0| 174|  0|   174 |     0|       142 |         87| 149|  14|
|  51| 87| 164| 41|  25|  1| 175|  1|   175 |     1|       164 |         22|  25|  76|
| 184| 67|  71| 93|  25|  0| 175|  0|   175 |     0|       173 |          9|  74|  49|
|  25| 41|   6| 65|  25|  0| 175|  0|   175 |     0|       184 |         11|  78|   4|
| 149| 76| 114| 92|  25|  0| 176|  1|   176 |     1|       163 |         21|  96|  18|
| 163| 14| 140| 26|  25|  0| 176|  0|   176 |     0|       149 |         14| 125|  29|
| 173| 10| 131|  9|  25|  0| 176|  0|   176 |     0|        25 |         76| 153|  28|
|  74| 99| 105| 26|  25|  0| 176|  0|   176 |     0|        74 |         49| 119|  34|
| 153| 79| 131| 26|  25|  0| 176|  0|   176 |     0|        78 |          4| 103|  16|
| 125| 28|  46| 85|  24|  1| 177|  1|   177 |     1|        96 |         18|  91|  12|
|  78| 47| 111| 65|  24|  0| 177|  0|   177 |     0|       125 |         29|  73|  18|
|  96| 18| 175| 64|  24|  0| 177|  0|   177 |     0|       153 |         28|  69|   4|
| 119| 23| 191| 16|  24|  0| 177|  0|   177 |     0|       119 |         34|  65|   4|
| 103| 16|  90| 99|  24|  0| 177|  0|   177 |     0|       103 |         16|  55|  10|
|  91| 12| 121| 31|  24|  0| 177|  0|   177 |     0|        91 |         12|  37|  18|
|  73| 18|  96| 25|  23|  1| 178|  1|   178 |     1|        73 |         18|  10|  27|
|  69|  4|  34| 62|  23|  0| 178|  0|   178 |     0|        69 |          4| 108|  98|
|  10| 59| 121| 87|  23|  0| 178|  0|   178 |     0|        65 |          4| 133|  25|
|  65| 55|  53| 68|  22|  1| 178|  0|   178 |     0|        55 |         10| 162|  29|
|  55| 10|  21| 32|  22|  0| 178|  0|   178 |     0|        37 |         18| 189|  27|
| 108| 53|  55| 34|  22|  0| 179|  1|   179 |     1|        10 |         27|  64|  75|
|  37| 71|  37| 18|  22|  0| 179|  0|   179 |     0|       108 |         98|  11|  53|
| 133| 96| 194| 43|  22|  0| 179|  0|   179 |     0|       133 |         25|  77|  66|
|  11| 78| 156| 38|  22|  0| 179|  0|   179 |     0|       162 |         29|  96|  19|
| 162| 49|  26| 70|  21|  1| 179|  0|   179 |     0|       189 |         27| 126|  30|
|  64| 98| 139| 87|  21|  0| 179|  0|   179 |     0|        64 |         75| 188|  62|
| 189| 75| 105| 34|  21|  0| 180|  1|   180 |     1|        11 |         53| 189|   1|
| 188|  1|  95| 10|  21|  0| 180|  0|   180 |     0|        77 |         66| 158|  31|
| 189|  1| 104|  9|  21|  0| 180|  0|   180 |     0|        96 |         19| 144|  14|
|  96| 93| 137| 33|  20|  1| 180|  0|   180 |     0|       126 |         30| 133|  11|
|  77| 19|   3| 66|  20|  0| 180|  0|   180 |     0|       188 |         62|  69|  64|
| 126| 49| 145| 58|  20|  0| 180|  0|   180 |     0|       189 |          1|  26|  43|
|  26|100|  55| 90|  20|  0| 180|  0|   180 |     0|       158 |         31|  26|   0|
| 144| 82| 164| 91|  19|  1| 180|  0|   180 |     0|       144 |         14|   3|  23|
| 158| 14| 129| 35|  19|  0| 180|  0|   180 |     0|       133 |         11|  34|  31|
|  69| 89| 176| 47|  19|  0| 181|  1|   181 |     1|        69 |         64|  80|  46|
| 133| 64|  97| 79|  18|  1| 181|  0|   181 |     0|        26 |         43| 190|  90|
|  26| 93| 178| 81|  18|  0| 181|  0|   181 |     0|        26 |          0| 168|  22|
| 190| 36| 101| 77|  18|  0| 181|  0|   181 |     0|         3 |         23|  76|  92|
|  80| 90|  37| 64|  18|  0| 181|  0|   181 |     0|        34 |         31|  61|  15|
|  34| 46| 164| 73|  18|  0| 182|  1|   182 |     1|        80 |         46|  49|  12|
|   3| 31| 132| 32|  18|  0| 182|  0|   182 |     0|       190 |         90|  14|  35|
|  49| 46| 156| 24|  18|  0| 183|  1|   183 |     1|       168 |         22|  88|  74|
|  76| 27| 102| 54|  17|  1| 184|  1|   184 |     1|        76 |         92|  88|   0|
| 168| 92| 158| 56|  17|  0| 184|  0|   184 |     0|        61 |         15| 126|  38|
|  14| 46| 174| 16|  17|  0| 184|  0|   184 |     0|        49 |         12| 147|  21|
|  61| 47|  23| 49|  17|  0| 184|  0|   184 |     0|        14 |         35|   9|  62|
|  88| 27| 143| 80|  16|  1| 184|  0|   184 |     0|        88 |         74|  60|  51|
|  88|  0| 121| 22|  16|  0| 185|  1|   185 |     1|        88 |          0| 107|  47|
| 126| 38|  38| 83|  16|  0| 185|  0|   185 |     0|       126 |         38| 123|  16|
| 147| 21| 148| 90|  16|  0| 185|  0|   185 |     0|       147 |         21| 138|  15|
|   9| 62|  78| 70|  15|  1| 186|  1|   186 |     1|         9 |         62| 191|  53|
| 107| 98| 121| 43|  15|  0| 186|  0|   186 |     0|        60 |         51| 190|   1|
| 191| 84|  28| 93|  15|  0| 186|  0|   186 |     0|       107 |         47| 185|   5|
| 123| 68|  52| 24|  14|  1| 186|  0|   186 |     0|       123 |         16| 161|  24|
|  60| 63|  82| 30|  14|  0| 186|  0|   186 |     0|       138 |         15| 113|  48|
| 138| 78| 196| 86|  14|  0| 187|  1|   187 |     1|       191 |         53|  62|  51|
| 113| 25| 181| 15|  14|  0| 187|  0|   187 |     0|       190 |          1|  58|   4|
| 190| 77| 125| 56|  14|  0| 187|  0|   187 |     0|       185 |          5|  22|  36|
| 185|  5| 122|  3|  14|  0| 187|  0|   187 |     0|       161 |         24|  13|   9|
|  62| 77| 115|  7|  13|  1| 188|  1|   188 |     1|       113 |         48|   2|  11|
| 161| 99|  74| 41|  13|  0| 188|  0|   188 |     0|        62 |         51| 178|  24|
|  13| 52|  97| 23|  13|  0| 188|  0|   188 |     0|        58 |          4| 123|  55|
|   2| 11|  48| 49|  13|  0| 188|  0|   188 |     0|        22 |         36|  97|  26|
|  22| 20|  40|  8|  13|  0| 188|  0|   188 |     0|        13 |          9|  95|   2|
| 178| 44| 200| 40|  13|  0| 188|  0|   188 |     0|         2 |         11|  20|  75|
|  58| 80| 109| 91|  12|  1| 188|  0|   188 |     0|       178 |         24|  16|   4|
|  97| 39| 195| 86|  12|  0| 188|  0|   188 |     0|       123 |         55|  64|  48|
| 123| 26| 159| 36|  12|  0| 189|  1|   189 |     1|        97 |         26|  66|   2|
|  16| 93|  19| 60|  12|  0| 189|  0|   189 |     0|        95 |          2|  87|  21|
|  95| 79| 143| 76|  11|  1| 189|  0|   189 |     0|        20 |         75|  95|   8|
|  20| 75|  45| 98|  11|  0| 189|  0|   189 |     0|        16 |          4| 141|  46|
|  87| 67|  22| 23|  11|  0| 189|  0|   189 |     0|        64 |         48| 178|  37|
|  66| 21|  69| 47|  11|  0| 189|  0|   189 |     0|        66 |          2| 123|  55|
|  95| 29| 184| 85|  11|  0| 189|  0|   189 |     0|        87 |         21| 107|  16|
|  64| 31| 170| 14|  11|  0| 189|  0|   189 |     0|        95 |          8|  25|  82|
| 141| 77| 189| 19|  11|  0| 189|  0|   189 |     0|       141 |         46|  22|   3|
| 178| 37|  84| 95|  11|  0| 190|  1|   190 |     1|       178 |         37| 115|  93|
| 107| 71| 108| 24|  11|  0| 190|  0|   190 |     0|       123 |         55| 191|  76|
|  25| 82| 177| 69|  10|  1| 190|  0|   190 |     0|       107 |         16| 195|   4|
|  22|  3|  29| 52|  10|  0| 190|  0|   190 |     0|        25 |         82|  12|  17|
| 123| 99|   5| 24|  10|  0| 190|  0|   190 |     0|        22 |          3|   8|   4|
| 115|  8| 153| 52|   9|  1| 190|  0|   190 |     0|       115 |         93|   9|   1|
|   8| 93|   4| 51|   9|  0| 191|  1|   191 |     1|       191 |         76|  30|  21|
| 195| 13| 156| 48|   9|  0| 191|  0|   191 |     0|       195 |          4|  53|  23|
| 191|  4| 127| 29|   9|  0| 191|  0|   191 |     0|        12 |         17| 111|  58|
|  12| 21| 143| 16|   9|  0| 191|  0|   191 |     0|         8 |          4| 180|  69|
| 180| 32|  27| 84|   9|  0| 191|  0|   191 |     0|         9 |          1| 175|   5|
|  53| 73|  18|  9|   9|  0| 191|  0|   191 |     0|        30 |         21|  64|  89|
|   9| 44|  83| 65|   9|  0| 192|  1|   192 |     1|        53 |         23|  56|   8|
| 111| 98| 162| 79|   9|  0| 192|  0|   192 |     0|       111 |         58|  41|  15|
|  30| 81|   8| 46|   9|  0| 192|  0|   192 |     0|       180 |         69|  11|  30|
| 175| 55| 191| 17|   8|  1| 192|  0|   192 |     0|       175 |          5| 116|  95|
|  41| 66|  87| 96|   8|  0| 193|  1|   193 |     1|        64 |         89| 153|  37|
|  56| 15| 144| 57|   8|  0| 193|  0|   193 |     0|        56 |          8| 162|   9|
|  11| 45| 110| 34|   8|  0| 194|  1|   194 |     1|        41 |         15| 199|  37|
|  64| 53| 118|  8|   8|  0| 194|  0|   194 |     0|        11 |         30|   5|   6|
| 116| 52| 191| 73|   8|  0| 194|  0|   194 |     0|       116 |         95|  41|  36|
| 153| 37|  80| 89|   8|  0| 194|  0|   194 |     0|       153 |         37|  64|  23|
| 199| 46| 121| 41|   7|  1| 194|  0|   194 |     0|       162 |          9|  87|  23|
|   5|  6| 160| 39|   7|  0| 195|  1|   195 |     1|       199 |         37| 166|  79|
| 162| 43| 139| 21|   7|  0| 195|  0|   195 |     0|         5 |          6| 168|   2|
|  64| 98| 197| 58|   7|  0| 195|  0|   195 |     0|        41 |         36| 147|  21|
|  41| 23| 121| 76|   6|  1| 195|  0|   195 |     0|        64 |         23| 120|  27|
| 168| 73| 163| 42|   6|  0| 196|  1|   196 |     1|        87 |         23| 101|  19|
| 166|  2| 174| 11|   6|  0| 196|  0|   196 |     0|       166 |         79|  67|  34|
|  87| 79| 177|  3|   6|  0| 196|  0|   196 |     0|       168 |          2|   2|  65|
| 101| 14| 123| 54|   6|  0| 196|  0|   196 |     0|       147 |         21|  44|  42|
|  67| 34|  41| 82|   6|  0| 196|  0|   196 |     0|       120 |         27|  91|  47|
| 147| 80| 112| 71|   6|  0| 197|  1|   197 |     1|       101 |         19| 108|  17|
|   2| 55|  78| 34|   6|  0| 197|  0|   197 |     0|        67 |         34| 124|  16|
| 120| 82|   5| 73|   5|  1| 197|  0|   197 |     0|         2 |         65| 188|  64|
| 124|  4|  15| 10|   5|  0| 198|  1|   198 |     1|        44 |         42| 190|   2|
| 108| 16|  92| 77|   5|  0| 198|  0|   198 |     0|        91 |         47| 181|   9|
|  91| 17| 176| 84|   5|  0| 198|  0|   198 |     0|       108 |         17| 163|  18|
| 188| 97|  67| 91|   5|  0| 198|  0|   198 |     0|       124 |         16| 136|  27|
|  44| 56|  29| 38|   4|  1| 198|  0|   198 |     0|       188 |         64|  37|  99|
| 190| 54|   9| 20|   4|  0| 198|  0|   198 |     0|       190 |          2|  98|  61|
|  37| 47| 132| 77|   4|  0| 199|  1|   199 |     1|       181 |          9| 106|   8|
| 136| 99|  29| 97|   3|  1| 199|  0|   199 |     0|       163 |         18| 117|  11|
| 181| 45| 138| 91|   3|  0| 199|  0|   199 |     0|       136 |         27| 148|  31|
| 163| 18| 104| 34|   3|  0| 199|  0|   199 |     0|        37 |         99|  25|  77|
| 117| 46| 156| 52|   3|  0| 199|  0|   199 |     0|        98 |         61|  39|  14|
|  25| 92| 178| 22|   2|  1| 199|  0|   199 |     0|       106 |          8|  84|  45|
| 148| 77| 159| 19|   2|  0| 199|  0|   199 |     0|       117 |         11| 148|  64|
|  98| 50| 129| 30|   2|  0| 199|  0|   199 |     0|       148 |         31| 199|  51|
| 106|  8| 196| 67|   2|  0| 199|  0|   199 |     0|        25 |         77|  12|  13|
|  39| 67| 188|  8|   2|  0| 199|  0|   199 |     0|        39 |         14|   9|   3|
|  84| 45| 123| 65|   2|  0| 200|  1|   200 |     1|        84 |         45|   2|   7|
| 148| 64| 167| 44|   2|  0| 200|  0|   200 |     0|       148 |         64|  66|  64|
|  12| 64|  95| 72|   2|  0| 200|  0|   200 |     0|       199 |         51| 130|  64|
--------------------------------------------------------------------------------------
|   43 ns|  213 ns|   60 ns|   83 ns|         91 ns|                 141 ns|   200 ns|
--------------------------------------------------------------------------------------
|   49 ns|   49 ns|    0 ns|    0 ns|          0 ns|                  32 ns|    32 ns|
--------------------------------------------------------------------------------------
|  FIFO  |  LIFO  |  SSTF  |  SCAN  |    C-SCAN    |      N-STEP-SCAN      |  FSCAN  |
--------------------------------------------------------------------------------------
