
The table is organized as such:
| Policy Name |
| Starting Track |
| Next track | Tracks Moved |
| ... |
| Average Seek Length |
| Average Seek Time |
--------------------------------------------------------------------------------------
|  FIFO  |  LIFO  |  SSTF  |  SCAN  |    C-SCAN    |      N-STEP-SCAN      |  FSCAN  |
--------------------------------------------------------------------------------------
|     1  |     1  |     1  |     1  |         1    |                1      |      1  |
--------------------------------------------------------------------------------------
|  18| 17| 189| 12|   1|  0|   1|  0|     1 |     0|        18 |         17|  40|  39|
| 199| 19| 153| 36|   1|  0|   1|  0|     1 |     0|        67 |         49|  43|   3|
| 141| 58|  89| 64|   1|  0|   1|  0|     1 |     0|       116 |         49|  75|  32|
| 116| 25| 153| 64|   1|  0|   1|  0|     1 |     0|       141 |         25|  78|   3|
|  67| 49| 180| 27|   1|  0|   1|  0|     1 |     0|       199 |         58| 152|  74|
|  40| 27|  32| 52|   1|  0|   1|  0|     1 |     0|       152 |         47| 141|  11|
|  75| 35|  57| 25| 200|  1|   2|  1|     2 |     1|        78 |         74| 116|  25|
| 152| 77|  83| 26| 200|  0|   2|  0|     2 |     0|        75 |          3|  67|  49|
|  78| 74|   2| 81| 200|  0|   2|  0|     2 |     0|        43 |         32|  18|  49|
|  43| 35|  23| 21| 200|  0|   2|  0|     2 |     0|        40 |          3| 199|  19|
|  24| 19|  54| 31| 200|  0|   3|  1|     3 |     1|        24 |         16| 150|  49|
| 110| 86| 153| 99| 200|  0|   3|  0|     3 |     0|       110 |         86|  84|  66|
| 116|  6|  25| 72| 200|  0|   3|  0|     3 |     0|       116 |          6|  79|   5|
| 151| 35|  68| 43| 200|  0|   4|  1|     4 |     1|       151 |         35|  50|  29|
| 180| 29|  20| 48| 199|  1|   4|  0|     4 |     0|       180 |         29|  30|  20|
|  30| 50|  70| 50| 199|  0|   4|  0|     4 |     0|       150 |         30| 121|  91|
| 150| 80| 149| 79| 199|  0|   4|  0|     4 |     0|        84 |         66|  20|  99|
|  50|100|  38| 89| 199|  0|   4|  0|     4 |     0|        79 |          5|  11|   9|
|  79| 29|  58| 20| 199|  0|   4|  0|     4 |     0|        50 |         29|   7|   4|
|  84|  5| 170| 88| 198|  1|   5|  1|     5 |     1|        30 |         20|   1|   6|
| 121| 37| 120| 50| 198|  0|   5|  0|     5 |     0|       121 |         91|  63|  62|
|   7| 86|  70| 50| 198|  0|   5|  0|     5 |     0|        20 |         99| 106|  43|
|  11|  4| 103| 33| 198|  0|   6|  1|     6 |     1|        11 |          9| 158|  52|
|  20|  9|  54| 49| 198|  0|   6|  0|     6 |     0|         7 |          4| 175|  17|
|   1| 19| 111| 57| 198|  0|   6|  0|     6 |     0|         1 |          6| 200|  25|
| 175| 26| 145| 34| 198|  0|   6|  0|     6 |     0|        63 |         62| 188|  12|
| 200| 25|  88| 57| 197|  1|   6|  0|     6 |     0|       106 |         43| 136|  52|
| 158| 42| 131| 43| 197|  0|   6|  0|     6 |     0|       158 |         52| 131|   5|
| 106| 52|  19| 88| 197|  0|   6|  0|     6 |     0|       175 |         17| 125|   6|
|  63| 43| 186| 33| 197|  0|   7|  1|     7 |     1|       200 |         25|  72|  53|
| 136| 73| 139| 47| 196|  1|   7|  0|     7 |     0|       188 |         12|  74|   2|
| 188| 52| 188| 49| 196|  0|   7|  0|     7 |     0|       136 |         52| 119|  45|
| 125| 63|  67| 79| 196|  0|   7|  0|     7 |     0|       131 |          5| 142|  23|
| 131|  6|   2| 65| 196|  0|   7|  0|     7 |     0|       125 |          6| 147|   5|
|  72| 59| 102|100| 196|  0|   7|  0|     7 |     0|        72 |         53| 181|  34|
| 119| 47| 165| 63| 196|  0|   7|  0|     7 |     0|        74 |          2|  92|  89|
|  74| 45|  45| 80| 195|  1|   7|  0|     7 |     0|       119 |         45|  87|   5|
| 147| 73|  21| 24| 195|  0|   7|  0|     7 |     0|       142 |         23|  86|   1|
| 142|  5| 122| 99| 195|  0|   8|  1|     8 |     1|       147 |          5|  86|   0|
| 181| 39|  28| 94| 195|  0|   8|  0|     8 |     0|       181 |         34|   7|  79|
|  87| 94| 170| 58| 195|  0|   8|  0|     8 |     0|        92 |         89|  74|  67|
|  92|  5| 105| 65| 195|  0|   8|  0|     8 |     0|        87 |          5| 112|  38|
|   7| 85|  34| 71| 195|  0|   9|  1|     9 |     1|        86 |          1| 129|  17|
|  86| 79| 167| 67| 195|  0|   9|  0|     9 |     0|        86 |          0| 141|  12|
|  86|  0|  82| 85| 195|  0|   9|  0|     9 |     0|         7 |         79| 185|  44|
| 112| 26| 156| 74| 194|  1|   9|  0|     9 |     0|        74 |         67| 110|  75|
|  74| 38| 136| 20| 194|  0|   9|  0|     9 |     0|       112 |         38|  59|  51|
| 185| 89| 159| 23| 194|  0|   9|  0|     9 |     0|       129 |         17|  50|   9|
| 141| 44| 143| 16| 194|  0|  11|  2|    11 |     2|       141 |         12|  47|   3|
| 129| 12| 105| 38| 193|  1|  11|  0|    11 |     0|       185 |         44|  28|  19|
|  50| 79| 129| 24| 193|  0|  11|  0|    11 |     0|       110 |         75|  36|   8|
|  28| 22| 166| 37| 193|  0|  11|  0|    11 |     0|        59 |         51|  48|  12|
| 110| 82| 136| 30| 193|  0|  11|  0|    11 |     0|        50 |          9|  58|  10|
|  47| 63|  71| 65| 193|  0|  11|  0|    11 |     0|        47 |          3|  68|  10|
|  59| 12|  72|  1| 193|  0|  11|  0|    11 |     0|        28 |         19| 200|  68|
|  48| 11| 101| 29| 192|  1|  12|  1|    12 |     1|        36 |          8| 189|  11|
|  68| 20|  63| 38| 191|  1|  12|  0|    12 |     0|        48 |         12| 122|  67|
|  36| 32| 146| 83| 191|  0|  12|  0|    12 |     0|        58 |         10|  51|  71|
| 200| 36| 104| 42| 191|  0|  12|  0|    12 |     0|        68 |         10|   9|  42|
|  58| 58| 150| 46| 191|  0|  12|  0|    12 |     0|       200 |         68|   9|   0|
|   9| 49|  97| 53| 191|  0|  13|  1|    13 |     1|       189 |         11|  17|   8|
|   9|  0| 114| 17| 191|  0|  13|  0|    13 |     0|       122 |         67|  71|  54|
|  51| 42| 143| 29| 189|  2|  13|  0|    13 |     0|        51 |         71| 102|  31|
| 189| 62| 172| 29| 189|  0|  13|  0|    13 |     0|         9 |         42| 102|   0|
| 122| 67| 156| 16| 189|  0|  14|  1|    14 |     1|         9 |          0| 196|  94|
| 196| 74| 175| 19| 189|  0|  14|  0|    14 |     0|        17 |          8| 192|   4|
| 102| 94| 152| 23| 189|  0|  14|  0|    14 |     0|        71 |         54| 188|   4|
| 102|  0| 151|  1| 188|  1|  14|  0|    14 |     0|       102 |         31|  89|  99|
|  17| 85| 121| 30| 188|  0|  14|  0|    14 |     0|       102 |          0|  14|  75|
|  71| 54| 131| 10| 188|  0|  14|  0|    14 |     0|       196 |         94|   8|   6|
|  14| 57| 187| 56| 188|  0|  14|  0|    14 |     0|       192 |          4|  11|   3|
|   8|  6| 193|  6| 188|  0|  14|  0|    14 |     0|       188 |          4|  44|  33|
| 192| 16|   1|  8| 188|  0|  15|  1|    15 |     1|        89 |         99|  60|  16|
|  89| 97| 184| 17| 188|  0|  15|  0|    15 |     0|        14 |         75|  65|   5|
| 188| 99| 117| 67| 187|  1|  15|  0|    15 |     0|         8 |          6|  85|  20|
|  44| 56|  76| 41| 187|  0|  15|  0|    15 |     0|        11 |          3| 142|  57|
|  60| 16| 189| 87| 187|  0|  16|  1|    16 |     1|        44 |         33| 176|  34|
|  85| 25| 198|  9| 187|  0|  16|  0|    16 |     0|        60 |         16| 181|   5|
|  11| 74|  63| 65| 187|  0|  16|  0|    16 |     0|        65 |          5|  62|  81|
|  65| 54|  48| 15| 186|  1|  16|  0|    16 |     0|        85 |         20|  57|   5|
| 176| 89|  15| 33| 186|  0|  17|  1|    17 |     1|       142 |         57|  15|  42|
|  62| 86| 183| 32| 186|  0|  17|  0|    17 |     0|       176 |         34|  13|   2|
|  57|  5|  99| 84| 186|  0|  17|  0|    17 |     0|       181 |          5| 128|  85|
| 142| 85|  90|  9| 186|  0|  17|  0|    17 |     0|        62 |         81| 158|  30|
| 181| 39| 199| 91| 186|  0|  17|  0|    17 |     0|        57 |          5| 172|  14|
|  13| 32| 165| 34| 185|  1|  17|  0|    17 |     0|        15 |         42| 129|  43|
| 158| 55|  32| 67| 185|  0|  17|  0|    17 |     0|        13 |          2|  74|  55|
|  15| 57| 156| 76| 185|  0|  17|  0|    17 |     0|       128 |         85|  71|   3|
| 172| 43| 184| 28| 185|  0|  18|  1|    18 |     1|       158 |         30|  63|   8|
| 128| 44|  93| 91| 185|  0|  18|  0|    18 |     0|       172 |         14|  40|  23|
| 129|  1|  81| 12| 185|  0|  18|  0|    18 |     0|       129 |         43|  44|   4|
|  63| 66|  87|  6| 184|  1|  18|  0|    18 |     0|        74 |         55|  51|   7|
|  40| 23| 129| 42| 184|  0|  18|  0|    18 |     0|        71 |          3| 142|  91|
|  74| 34|  66| 63| 184|  0|  19|  1|    19 |     1|        63 |          8| 182|  40|
|  71|  3|  59|  7| 184|  0|  19|  0|    19 |     0|        40 |         23| 185|   3|
| 185| 86|  43| 16| 184|  0|  19|  0|    19 |     0|        44 |          4|  97|  88|
| 142| 43|  19| 24| 184|  0|  19|  0|    19 |     0|        51 |          7|  95|   2|
| 182| 40|  78| 59| 184|  0|  19|  0|    19 |     0|       142 |         91|  70|  25|
|  44| 62| 144| 66| 184|  0|  19|  0|    19 |     0|       182 |         40|  35|  35|
|  51|  7| 139|  5| 184|  0|  19|  0|    19 |     0|       185 |          3| 194|  41|
|  95| 44|   7| 68| 183|  1|  20|  1|    20 |     1|        97 |         88| 159|  35|
|  35| 60|  37| 30| 183|  0|  20|  0|    20 |     0|        95 |          2|  86|  73|
| 194| 41|  27| 10| 183|  0|  20|  0|    20 |     0|        70 |         25|  78|   8|
|  97| 97|  38| 11| 183|  0|  20|  0|    20 |     0|        35 |         35|  77|   1|
|  70| 27|  95| 57| 183|  0|  20|  0|    20 |     0|       194 |         41|  17|  60|
|  17| 53| 138| 43| 182|  1|  20|  0|    20 |     0|       159 |         35|  61|  44|
|  77| 60| 117| 21| 182|  0|  21|  1|    21 |     1|        86 |         73| 165|  96|
|  78|  1|  75| 42| 182|  0|  21|  0|    21 |     0|        78 |          8| 168|   3|
|  86|  8|  58| 17| 182|  0|  21|  0|    21 |     0|        77 |          1| 186|  18|
| 159| 73|   4| 54| 182|  0|  21|  0|    21 |     0|        17 |         60| 194|   8|
| 186| 27|  54| 50| 182|  0|  22|  1|    22 |     1|        61 |         44| 191|   3|
| 194|  8| 130| 76| 181|  1|  22|  0|    22 |     0|       165 |         96| 188|   3|
| 165| 29|  39| 91| 181|  0|  22|  0|    22 |     0|       168 |          3|  99|  89|
| 168|  3| 152| 87| 181|  0|  22|  0|    22 |     0|       186 |         18|  32|  67|
|  61| 93|  97| 55| 181|  0|  22|  0|    22 |     0|       194 |          8|  27|   5|
| 188| 73|  28| 69| 181|  0|  22|  0|    22 |     0|       191 |          3|  48|  21|
|  99| 89|  38| 10| 181|  0|  22|  0|    22 |     0|       188 |          3|  96|  48|
| 191| 92| 185| 53| 181|  0|  22|  0|    22 |     0|        99 |         89| 112|  16|
|  27| 36|  19| 34| 180|  1|  23|  1|    23 |     1|        32 |         67| 125|  13|
|  32|  5| 155| 64| 180|  0|  23|  0|    23 |     0|        27 |          5| 199|  74|
| 112| 80|  82| 73| 180|  0|  23|  0|    23 |     0|        48 |         21| 199|   0|
|  48| 64| 165| 83| 180|  0|  23|  0|    23 |     0|        96 |         48| 109|  90|
|  96| 48|  48| 83| 180|  0|  24|  1|    24 |     1|       112 |         16|  99|  10|
| 125| 29|  71| 23| 179|  1|  25|  1|    25 |     1|       125 |         13|  89|  10|
| 199| 74| 180| 91| 179|  0|  25|  0|    25 |     0|       199 |         74|  53|  36|
|  89| 90| 135| 45| 179|  0|  25|  0|    25 |     0|       199 |          0| 143|  90|
| 109| 20|  57| 78| 178|  1|  25|  0|    25 |     0|       109 |         90| 170|  27|
|  99| 10|  43| 14| 178|  0|  25|  0|    25 |     0|        99 |         10| 171|   1|
| 199|100| 148| 95| 178|  0|  25|  0|    25 |     0|        89 |         10| 177|   6|
|  53| 54|  45| 97| 178|  0|  25|  0|    25 |     0|        53 |         36|  31|  54|
| 177| 76| 198| 47| 178|  0|  26|  1|    26 |     1|       143 |         90| 158|  73|
|  31| 54| 188| 10| 177|  1|  26|  0|    26 |     0|       170 |         27| 162|   4|
| 170| 61|  29| 41| 177|  0|  26|  0|    26 |     0|       171 |          1| 188|  26|
| 171|  1| 191| 38| 177|  0|  27|  1|    27 |     1|       177 |          6|  30|  42|
| 143| 28|  70| 79| 177|  0|  27|  0|    27 |     0|        31 |         54|  12|  18|
| 188| 45|  36| 34| 176|  1|  27|  0|    27 |     0|       158 |         73|   6|   6|
|  30| 42| 176| 60| 176|  0|  27|  0|    27 |     0|       162 |          4|  83|  77|
| 162| 68|  77| 99| 176|  0|  27|  0|    27 |     0|       188 |         26| 159|  76|
| 158|  4|  95| 18| 176|  0|  27|  0|    27 |     0|        30 |         42| 168|   9|
|  12| 54| 179| 84| 176|  0|  28|  1|    28 |     1|        12 |         18| 183|  15|
|   6|  6| 112| 67| 176|  0|  28|  0|    28 |     0|         6 |          6| 148|  35|
| 159| 47| 135| 23| 176|  0|  28|  0|    28 |     0|        83 |         77|  93|  55|
| 183| 24| 182| 47| 176|  0|  28|  0|    28 |     0|       159 |         76|  56|  37|
|  83|100|  92| 90| 175|  1|  28|  0|    28 |     0|       168 |          9|   7|  49|
| 168| 85| 111| 19| 175|  0|  28|  0|    28 |     0|       183 |         15|   5|   2|
|   5| 37|  28| 83| 175|  0|  28|  0|    28 |     0|       148 |         35|  85|  80|
|  93| 88| 183| 45| 175|  0|  29|  1|    29 |     1|        93 |         55| 126|  41|
| 148| 55| 149| 34| 175|  0|  29|  0|    29 |     0|        56 |         37| 143|  17|
|  56| 92|  38| 89| 175|  0|  29|  0|    29 |     0|         7 |         49| 172|  29|
|   7| 49|  99| 61| 175|  0|  29|  0|    29 |     0|         5 |          2| 184|  12|
| 126| 81|  70| 29| 174|  1|  29|  0|    29 |     0|        85 |         80| 169|  15|
| 143| 17|   4| 66| 174|  0|  30|  1|    30 |     1|       126 |         41| 148|  21|
| 172| 29| 185| 19| 174|  0|  30|  0|    30 |     0|       143 |         17|  87|  61|
| 184| 12|   4| 19| 173|  1|  30|  0|    30 |     0|       172 |         29|  65|  22|
|  85| 99|  96| 92| 173|  0|  31|  1|    31 |     1|       184 |         12|  31|  34|
|  87|  2|  90|  6| 173|  0|  31|  0|    31 |     0|       169 |         15|  39|   8|
|  31| 56|   6| 84| 173|  0|  31|  0|    31 |     0|       148 |         21|  67|  28|
| 169| 62| 125| 81| 172|  1|  31|  0|    31 |     0|        87 |         61| 112|  45|
| 148| 21|  77| 48| 172|  0|  31|  0|    31 |     0|        65 |         22| 155|  43|
|  65| 83|   2| 75| 172|  0|  31|  0|    31 |     0|        31 |         34| 187|  32|
| 187| 78| 145| 57| 172|  0|  31|  0|    31 |     0|        39 |          8| 164|  23|
| 155| 32|  35| 90| 172|  0|  32|  1|    32 |     1|        67 |         28| 103|  61|
|  39| 84|  81| 46| 172|  0|  32|  0|    32 |     0|       112 |         45|  96|   7|
| 112| 73| 148| 67| 171|  1|  32|  0|    32 |     0|       155 |         43|  81|  15|
|  67| 45|  56| 92| 171|  0|  32|  0|    32 |     0|       187 |         32|  48|  33|
|  81| 14|  44| 12| 171|  0|  32|  0|    32 |     0|       164 |         23|  98|  50|
|  96| 15|  64| 20| 170|  1|  32|  0|    32 |     0|       103 |         61| 129|  31|
|  48| 48| 143| 79| 170|  0|  33|  1|    33 |     1|        96 |          7| 149|  20|
| 164| 84| 104| 39| 170|  0|  33|  0|    33 |     0|        81 |         15| 152|   3|
| 103| 61|  76| 28| 170|  0|  34|  1|    34 |     1|        48 |         33|   3|  51|
| 152| 49|  97| 21| 169|  1|  35|  1|    35 |     1|        98 |         50| 135|  68|
| 129| 23|  14| 83| 169|  0|  35|  0|    35 |     0|       129 |         31| 150|  15|
| 149| 20|  96| 82| 169|  0|  35|  0|    35 |     0|       149 |         20| 175|  25|
|   3| 54|  70| 26| 168|  1|  35|  0|    35 |     0|       152 |          3| 175|   0|
|  98| 95|  81| 11| 168|  0|  35|  0|    35 |     0|         3 |         51| 193|  18|
| 193| 95| 119| 38| 168|  0|  35|  0|    35 |     0|       135 |         68| 151|  42|
| 175| 18|  61| 58| 168|  0|  36|  1|    36 |     1|       150 |         15|  80|  71|
| 150| 25|  71| 10| 168|  0|  36|  0|    36 |     0|       175 |         25|  62|  18|
| 135| 15|  77|  6| 167|  1|  36|  0|    36 |     0|       175 |          0|  27|  35|
| 175| 40|  63| 14| 167|  0|  36|  0|    36 |     0|       193 |         18|   5|  22|
|  27| 52| 158| 95| 166|  1|  36|  0|    36 |     0|       151 |         42|  37|  32|
| 151| 76| 139| 19| 166|  0|  37|  1|    37 |     1|        80 |         71| 149|  88|
|   5| 54|  87| 52| 165|  1|  37|  0|    37 |     0|        62 |         18| 153|   4|
|  80| 75| 200| 87| 165|  0|  37|  0|    37 |     0|        27 |         35| 165|  12|
|  62| 18| 181| 19| 165|  0|  37|  0|    37 |     0|         5 |         22| 178|  13|
| 178| 84| 168| 13| 165|  0|  37|  0|    37 |     0|        37 |         32| 120|  58|
|  37| 59| 146| 22| 165|  0|  38|  1|    38 |     1|       149 |         88| 105|  15|
| 165| 72|  61| 85| 164|  1|  38|  0|    38 |     0|       153 |          4|  91|  14|
| 153| 12| 159| 98| 164|  0|  38|  0|    38 |     0|       165 |         12|   6|  85|
| 149|  4| 193| 34| 164|  0|  38|  0|    38 |     0|       178 |         13| 184|  22|
| 105| 44| 116| 77| 164|  0|  38|  0|    38 |     0|       120 |         58| 149|  35|
|  91| 14|  95| 21| 163|  1|  38|  0|    38 |     0|       105 |         15|  91|  58|
| 120| 29| 104|  9| 163|  0|  38|  0|    38 |     0|        91 |         14|  58|  33|
| 184| 64|  61| 43| 163|  0|  38|  0|    38 |     0|         6 |         85|  16|  42|
|   6| 22| 120| 59| 162|  1|  39|  1|    39 |     1|       184 |         22|   6|  10|
| 149| 57| 148| 28| 162|  0|  39|  0|    39 |     0|       149 |         35|  16|  10|
|  16| 67| 158| 10| 161|  1|  39|  0|    39 |     0|        91 |         58|  47|  31|
|  58| 42| 120| 38| 160|  1|  40|  1|    40 |     1|        58 |         33|  63|  16|
|  91| 33| 150| 30| 160|  0|  40|  0|    40 |     0|        16 |         42| 141|  78|
|   6| 85| 139| 11| 160|  0|  40|  0|    40 |     0|         6 |         10| 144|   3|
| 141| 65|  83| 56| 159|  1|  40|  0|    40 |     0|        16 |         10| 200|  56|
| 144|  3|  21| 62| 159|  0|  40|  0|    40 |     0|        47 |         31| 127|  73|
|  16| 72|  97| 76| 159|  0|  40|  0|    40 |     0|        63 |         16|  53|  74|
|  63| 47| 118| 21| 159|  0|  40|  0|    40 |     0|       141 |         78|  43|  10|
|  47| 16| 179| 61| 159|  0|  41|  1|    41 |     1|       144 |          3|  17|  26|
| 200| 47| 124| 55| 159|  0|  41|  0|    41 |     0|       200 |         56|  57|  40|
| 127| 73| 175| 51| 159|  0|  41|  0|    41 |     0|       127 |         73| 145|  88|
|  43| 84| 156| 19| 159|  0|  41|  0|    41 |     0|        53 |         74| 177|  32|
|  17| 26|  78| 78| 158|  1|  42|  1|    42 |     1|        43 |         10| 182|   5|
|  53| 36|  28| 50| 158|  0|  42|  0|    42 |     0|        17 |         26| 198|  16|
| 198| 55| 174| 54| 158|  0|  42|  0|    42 |     0|        57 |         40| 171|  27|
| 177| 21| 146| 28| 158|  0|  42|  0|    42 |     0|       145 |         88| 159|  12|
| 182|  5|  36| 90| 158|  0|  43|  1|    43 |     1|       177 |         32| 153|   6|
| 145| 37|  13| 23| 158|  0|  43|  0|    43 |     0|       182 |          5| 151|   2|
|  57| 88|  21|  8| 158|  0|  43|  0|    43 |     0|       198 |         16|  53|  98|
| 171| 86|  89| 68| 158|  0|  43|  0|    43 |     0|       171 |         27|  43|  10|
| 159| 12| 139| 50| 157|  1|  43|  0|    43 |     0|       159 |         12|  16|  27|
| 151|  8| 107| 32| 157|  0|  43|  0|    43 |     0|       153 |          6|  58|  42|
| 153|  2|  41| 66| 157|  0|  43|  0|    43 |     0|       151 |          2| 178|  80|
|  53|100| 145| 96| 156|  1|  43|  0|    43 |     0|        53 |         98| 191|  13|
|  16| 37|  70| 75| 156|  0|  44|  1|    44 |     1|        43 |         10| 179|  12|
|  58| 42| 186| 84| 156|  0|  44|  0|    44 |     0|        16 |         27| 159|  20|
|  43| 15|  89| 97| 156|  0|  44|  0|    44 |     0|        58 |         42| 121|  38|
| 191| 52|  36| 53| 156|  0|  44|  0|    44 |     0|       178 |         80| 106|  15|
| 178| 13|  40|  4| 156|  0|  44|  0|    44 |     0|       191 |         13| 100|   6|
| 106| 72|   6| 34| 156|  0|  44|  0|    44 |     0|       179 |         12| 102|   2|
| 121| 15| 180| 26| 155|  1|  45|  1|    45 |     1|       159 |         20| 121|  19|
| 100| 21| 200| 20| 155|  0|  45|  0|    45 |     0|       121 |         38| 182|  61|
| 179| 79|  81| 81| 155|  0|  45|  0|    45 |     0|       106 |         15|  71|  89|
| 159| 20|  61| 20| 155|  0|  45|  0|    45 |     0|       100 |          6|  45|  26|
| 102| 57| 151| 90| 154|  1|  45|  0|    45 |     0|       102 |          2|  84|  39|
| 121| 19| 185| 34| 154|  0|  46|  1|    46 |     1|       121 |         19| 104|  20|
|  45| 76| 100| 85| 154|  0|  46|  0|    46 |     0|       182 |         61| 122|  18|
|  71| 26|  96|  4| 153|  1|  46|  0|    46 |     0|        71 |         89| 134|  12|
| 182| 89| 102|  6| 153|  0|  46|  0|    46 |     0|        45 |         26| 157|  23|
| 134| 48|  41| 61| 153|  0|  47|  1|    47 |     1|        84 |         39| 154|   3|
| 104| 30| 119| 78| 153|  0|  47|  0|    47 |     0|       104 |         20| 119|  35|
| 122| 18|   1| 82| 153|  0|  47|  0|    47 |     0|       122 |         18|  46|  73|
|  84| 38|  85| 84| 153|  0|  48|  1|    48 |     1|       134 |         12|  17|  29|
| 157| 73| 110| 25| 153|  0|  48|  0|    48 |     0|       157 |         23|   2|  15|
|  46| 89|  98| 12| 152|  1|  48|  0|    48 |     0|       154 |          3|   7|   5|
| 154| 92|  84| 14| 152|  0|  48|  0|    48 |     0|       119 |         35|  38|  31|
| 119| 35| 142| 58| 152|  0|  48|  0|    48 |     0|        46 |         73| 140|  98|
|  17| 98| 195| 53| 152|  0|  48|  0|    48 |     0|        17 |         29| 176|  36|
|   2| 15|  22| 27| 151|  1|  48|  0|    48 |     0|         2 |         15| 198|  22|
| 140| 62| 119| 97| 151|  0|  48|  0|    48 |     0|         7 |          5| 180|  18|
|  38| 98| 193| 74| 151|  0|  48|  0|    48 |     0|        38 |         31| 168|  12|
| 176| 62|  57| 64| 151|  0|  48|  0|    48 |     0|       140 |         98| 159|   9|
|   7| 31|  78| 21| 151|  0|  48|  0|    48 |     0|       176 |         36|  88|  71|
| 198|  9|  90| 12| 150|  1|  48|  0|    48 |     0|       198 |         22|  45|  43|
| 159| 39|  52| 38| 150|  0|  49|  1|    49 |     1|       180 |         18|  48|   3|
| 180| 21| 157| 95| 150|  0|  49|  0|    49 |     0|       168 |         12|  55|   7|
| 168| 12|  91| 66| 150|  0|  50|  1|    50 |     1|       159 |          9| 105|  50|
|  45| 77|  38| 53| 150|  0|  50|  0|    50 |     0|        88 |         71| 164|  59|
|  88| 43| 146| 92| 150|  0|  50|  0|    50 |     0|        45 |         43|  25|  61|
| 105| 17|  98| 48| 149|  1|  50|  0|    50 |     0|        48 |          3|  71|  46|
| 164| 59| 137| 39| 149|  0|  50|  0|    50 |     0|        55 |          7|  71|   0|
|  55| 91|  18| 81| 149|  0|  50|  0|    50 |     0|       105 |         50| 146|  75|
|  25| 30| 195| 23| 149|  0|  51|  1|    51 |     1|       164 |         59| 147|   1|
|  48| 23|  61| 66| 149|  0|  51|  0|    51 |     0|        25 |         61| 181|  34|
|  71| 23|  31| 30| 149|  0|  51|  0|    51 |     0|        71 |         46| 158|  23|
|  71|  0| 163| 68| 149|  0|  51|  0|    51 |     0|        71 |          0| 137|  21|
| 181| 90|  33| 70| 149|  0|  52|  1|    52 |     1|       146 |         75|  35|  98|
| 147| 34| 105| 72| 148|  1|  53|  1|    53 |     1|       147 |          1| 182|  53|
| 146|  1| 132| 27| 148|  0|  53|  0|    53 |     0|       181 |         34| 196|  14|
| 137|  9|  64| 68| 148|  0|  53|  0|    53 |     0|       158 |         23| 188|   8|
| 158| 21| 159| 95| 148|  0|  53|  0|    53 |     0|       137 |         21| 126|  62|
|  35| 77| 158|  1| 148|  0|  53|  0|    53 |     0|        35 |         98| 100|  26|
| 196| 39|  65| 93| 148|  0|  54|  1|    54 |     1|       182 |         53|  65|  35|
| 182| 14|  87| 22| 148|  0|  54|  0|    54 |     0|       196 |         14|   9|  56|
| 100| 82| 196| 91| 147|  1|  54|  0|    54 |     0|       188 |          8|  19|  10|
| 126| 26| 122| 74| 147|  0|  54|  0|    54 |     0|       126 |         62|  31|  12|
|  65| 61|  21| 99| 147|  0|  55|  1|    55 |     1|       100 |         26|  95|  64|
|   9| 56| 168| 53| 146|  1|  55|  0|    55 |     0|        65 |         35| 114|  19|
| 188| 21| 101| 67| 146|  0|  55|  0|    55 |     0|         9 |         56| 126|  12|
| 126| 62| 115| 14| 146|  0|  56|  1|    56 |     1|        19 |         10| 114|  12|
|  95| 31|  66| 49| 146|  0|  56|  0|    56 |     0|        31 |         12| 111|   3|
|  19| 76|  84| 18| 146|  0|  57|  1|    57 |     1|        95 |         64| 109|   2|
| 114| 95| 164| 80| 146|  0|  57|  0|    57 |     0|       114 |         19|  58|  51|
|  31| 83|  98| 66| 146|  0|  57|  0|    57 |     0|       126 |         12|   7|  51|
|  58| 27| 175| 77| 146|  0|  57|  0|    57 |     0|       114 |         12|  31|  24|
| 114| 56|  60| 85| 146|  0|  57|  0|    57 |     0|       111 |          3|  48|  17|
|   7| 93| 195| 65| 145|  1|  57|  0|    57 |     0|       109 |          2| 115|  67|
| 111| 96| 175| 20| 145|  0|  57|  0|    57 |     0|        58 |         51| 196|  81|
| 109|  2|  36| 61| 145|  0|  58|  1|    58 |     1|         7 |         51|   4|   8|
|  31| 78|  25| 11| 145|  0|  58|  0|    58 |     0|        31 |         24|  20|  16|
|   4| 27| 129| 96| 145|  0|  58|  0|    58 |     0|        48 |         17|  50|  30|
|  48| 44|  23| 94| 144|  1|  58|  0|    58 |     0|       115 |         67|  75|  25|
| 196| 52|  72| 49| 144|  0|  58|  0|    58 |     0|       196 |         81| 176|  99|
| 115| 81|  37| 35| 144|  0|  58|  0|    58 |     0|         4 |          8| 178|   2|
| 176| 61|   7| 30| 144|  0|  58|  0|    58 |     0|        20 |         16| 178|   0|
|  75| 99|  62| 55| 143|  1|  58|  0|    58 |     0|        50 |         30| 170|   8|
|  20| 55| 131| 69| 143|  0|  58|  0|    58 |     0|        75 |         25| 154|  16|
|  50| 30| 132|  1| 143|  0|  59|  1|    59 |     1|       176 |         99| 103|  51|
| 178| 72| 173| 41| 143|  0|  59|  0|    59 |     0|       178 |          2|  30|  73|
| 170|  8|  90| 83| 143|  0|  59|  0|    59 |     0|       178 |          0|  29|   1|
|  30| 60| 184| 94| 143|  0|  59|  0|    59 |     0|       170 |          8|  25|   4|
| 178| 52|  73| 89| 142|  1|  59|  0|    59 |     0|       154 |         16|  14|  11|
| 103| 75|  49| 24| 142|  0|  60|  1|    60 |     1|       103 |         51| 101|  87|
| 154| 51| 102| 53| 142|  0|  60|  0|    60 |     0|        30 |         73| 176|  75|
|  14| 60| 146| 44| 142|  0|  60|  0|    60 |     0|        29 |          1|  95|  81|
| 101| 87|  29| 83| 142|  0|  60|  0|    60 |     0|        25 |          4|  26|  69|
| 176| 75| 172| 57| 142|  0|  60|  0|    60 |     0|        14 |         11|  22|   4|
|  29| 53|  11| 39| 141|  1|  61|  1|    61 |     1|       101 |         87| 193|  29|
|  25|  4|  89| 78| 141|  0|  61|  0|    61 |     0|       176 |         75| 195|   2|
|  95| 70| 197| 92| 141|  0|  61|  0|    61 |     0|        95 |         81| 133|  62|
| 193| 98| 140| 57| 141|  0|  61|  0|    61 |     0|        26 |         69|  98|  35|
| 195|  2|  23| 83| 141|  0|  61|  0|    61 |     0|        22 |          4|  87|  11|
|  22| 27| 156| 67| 141|  0|  61|  0|    61 |     0|       193 |         29|  57|  30|
|  26|  4| 149|  7| 141|  0|  62|  1|    62 |     1|       195 |          2|  38|  19|
|  57| 31| 163| 14| 140|  1|  62|  0|    62 |     0|       133 |         62|  11|  27|
|  87| 30| 153| 10| 140|  0|  62|  0|    62 |     0|        98 |         35|   8|   3|
|  38| 49| 117| 36| 140|  0|  62|  0|    62 |     0|        87 |         11|  48|  40|
|  98| 60|  26| 91| 140|  0|  62|  0|    62 |     0|        57 |         30| 128|  80|
| 133| 35| 126|100| 139|  1|  62|  0|    62 |     0|        38 |         19| 161|  33|
|   8| 75|  73| 53| 139|  0|  63|  1|    63 |     1|        11 |         27| 176|  15|
|  48| 40|  18| 55| 139|  0|  63|  0|    63 |     0|         8 |          3| 129|  47|
|  11| 37| 177| 41| 139|  0|  63|  0|    63 |     0|        48 |         40|  60|  69|
| 161| 50|  99| 78| 139|  0|  63|  0|    63 |     0|       128 |         80|   8|  52|
| 128| 33| 127| 28| 139|  0|  63|  0|    63 |     0|       161 |         33|   1|   7|
| 176| 48|  44| 83| 139|  0|  63|  0|    63 |     0|       176 |         15|  11|  10|
|   8| 32|  64| 20| 138|  1|  63|  0|    63 |     0|       129 |         47|  46|  35|
|  60| 52|  75| 11| 138|  0|  64|  1|    64 |     1|        60 |         69|  51|   5|
| 129| 69|  93| 18| 137|  1|  64|  0|    64 |     0|         8 |         52| 119|  68|
|   1| 72|  90|  3| 137|  0|  64|  0|    64 |     0|         1 |          7| 162|  43|
|  11| 10|  89|  1| 137|  0|  64|  0|    64 |     0|        11 |         10| 160|   2|
| 162| 49| 181| 92| 136|  1|  65|  1|    65 |     1|        46 |         35| 146|  14|
|  46| 84|  92| 89| 136|  0|  65|  0|    65 |     0|        51 |          5| 144|   2|
|  51|  5|  92|  0| 136|  0|  65|  0|    65 |     0|       119 |         68| 126|  18|
| 119| 68|  25| 67| 136|  0|  65|  0|    65 |     0|       162 |         43|  50|  76|
|  50| 69|  77| 52| 136|  0|  66|  1|    66 |     1|       160 |          2|  50|   0|
| 144| 94| 184| 93| 135|  1|  66|  0|    66 |     0|       146 |         14|  13|  37|
| 146|  2| 119| 65| 135|  0|  66|  0|    66 |     0|       144 |          2|  63|  50|
| 126| 20| 191| 72| 135|  0|  66|  0|    66 |     0|       126 |         18| 149|  86|
| 160| 34|  15| 24| 134|  1|  67|  1|    67 |     1|        50 |         76| 163|  14|
|  50| 90|  20|  5| 134|  0|  67|  0|    67 |     0|        50 |          0| 121|  42|
|  63| 13| 117| 97| 134|  0|  67|  0|    67 |     0|        13 |         37| 106|  15|
| 149| 86| 196| 79| 134|  0|  67|  0|    67 |     0|        63 |         50|  83|  23|
| 163| 14| 187|  9| 134|  0|  67|  0|    67 |     0|       149 |         86|  71|  12|
|  13| 50|   4| 17| 133|  1|  67|  0|    67 |     0|       163 |         14|  69|   2|
| 106| 93|  81| 77| 132|  1|  68|  1|    68 |     1|       121 |         42|  81|  12|
|  83| 23|  28| 53| 132|  0|  68|  0|    68 |     0|       106 |         15| 107|  26|
|  71| 12|  14| 14| 132|  0|  68|  0|    68 |     0|        83 |         23| 116|   9|
|  69|  2|  31| 17| 132|  0|  68|  0|    68 |     0|        71 |         12| 199|  83|
| 121| 52| 196| 35| 132|  0|  68|  0|    68 |     0|        69 |          2|  35|  36|
| 116|  5|  87| 91| 132|  0|  69|  1|    69 |     1|        81 |         12|  66|  31|
|  81| 35| 128| 41| 132|  0|  69|  0|    69 |     0|       107 |         26|  87|  21|
| 199| 82|   9| 81| 132|  0|  70|  1|    70 |     1|       116 |          9| 136|  49|
|  35| 36| 115| 94| 131|  1|  70|  0|    70 |     0|       199 |         83| 137|   1|
| 107| 72|  72| 43| 131|  0|  70|  0|    70 |     0|        35 |         36| 197|  60|
|  87| 20|   8| 64| 131|  0|  70|  0|    70 |     0|        66 |         31| 160|  37|
| 137| 50|  48| 40| 131|  0|  70|  0|    70 |     0|        87 |         21| 122|  38|
| 197| 60|   1| 47| 131|  0|  70|  0|    70 |     0|       136 |         49|  60|  62|
|  66| 69| 181| 20| 131|  0|  70|  0|    70 |     0|       137 |          1|  48|  12|
| 136| 70|  99| 82| 130|  1|  71|  1|    71 |     1|       197 |         60|   7|  41|
|  60| 76|  44| 55| 130|  0|  71|  0|    71 |     0|       160 |         37|  37|  30|
|  48| 12| 108| 64| 129|  1|  71|  0|    71 |     0|       122 |         38|  71|  34|
|   7| 41|  97| 11| 129|  0|  71|  0|    71 |     0|        60 |         62| 148|  77|
| 122| 85| 105|  8| 129|  0|  71|  0|    71 |     0|        48 |         12| 155|   7|
| 160| 38| 189| 84| 129|  0|  71|  0|    71 |     0|         7 |         41| 157|   2|
| 148| 12|  12| 23| 129|  0|  71|  0|    71 |     0|        37 |         30| 149|   8|
|  37| 89|  17|  5| 129|  0|  71|  0|    71 |     0|        71 |         34|  45|  96|
|  71| 34| 132| 85| 129|  0|  71|  0|    71 |     0|       148 |         77|  42|   3|
| 155| 84| 120| 12| 129|  0|  71|  0|    71 |     0|       155 |          7|  18|  24|
| 157|  2|  14| 94| 128|  1|  71|  0|    71 |     0|       157 |          2|   5|  13|
|  42| 85| 136| 78| 128|  0|  72|  1|    72 |     1|       149 |          8|  22|  17|
| 149| 93|  66| 70| 128|  0|  72|  0|    72 |     0|        45 |         96|  40|  18|
|  18| 69| 139| 73| 127|  1|  72|  0|    72 |     0|        42 |          3|  82|  42|
|  45| 27| 123| 16| 127|  0|  72|  0|    72 |     0|        18 |         24| 111|  29|
|   5| 40| 134| 11| 127|  0|  73|  1|    73 |     1|         5 |         13| 118|   7|
| 118| 87| 150| 16| 127|  0|  73|  0|    73 |     0|        22 |         17| 124|   6|
|  22| 96|  40| 90| 126|  1|  73|  0|    73 |     0|        40 |         18| 167|  43|
|  82| 60|  53| 13| 126|  0|  74|  1|    74 |     1|        82 |         42|  58|  91|
|  40| 42|  27| 26| 126|  0|  74|  0|    74 |     0|       111 |         29|  42|  16|
| 111| 71|  19|  8| 126|  0|  74|  0|    74 |     0|       118 |          7|  11|  31|
| 167| 56| 115| 96| 126|  0|  74|  0|    74 |     0|       124 |          6|  22|  11|
| 124| 43| 105| 10| 125|  1|  75|  1|    75 |     1|       167 |         43|  71|  49|
|  11| 87|  22| 83| 125|  0|  75|  0|    75 |     0|        58 |         91| 101|  30|
|  58| 47|  92| 70| 125|  0|  75|  0|    75 |     0|        42 |         16| 118|  17|
|  42| 16|  58| 34| 124|  1|  75|  0|    75 |     0|        11 |         31| 156|  38|
| 101| 59|  14| 44| 124|  0|  75|  0|    75 |     0|        22 |         11| 160|   4|
| 156| 55| 134| 80| 124|  0|  75|  0|    75 |     0|        71 |         49| 176|  16|
| 118| 38|  81| 53| 124|  0|  75|  0|    75 |     0|       101 |         30| 187|  11|
|  71| 47| 169| 88| 123|  1|  76|  1|    76 |     1|       118 |         17|  53|  66|
|  22| 49| 195| 26| 122|  1|  76|  0|    76 |     0|       156 |         38|  44|   9|
| 187| 35|  27| 32| 122|  0|  76|  0|    76 |     0|       160 |          4|  89|  45|
| 160| 27|  38| 11| 122|  0|  76|  0|    76 |     0|       176 |         16| 114|  25|
| 176| 16| 119| 81| 122|  0|  77|  1|    77 |     1|       187 |         11| 195|  81|
|  44| 68| 198| 79| 122|  0|  77|  0|    77 |     0|        53 |         66|  26|  31|
|  53|  9| 105| 93| 122|  0|  77|  0|    77 |     0|        44 |          9|  14|  12|
| 114| 61|   9| 96| 121|  1|  77|  0|    77 |     0|        89 |         45|  24|  10|
| 195| 81| 182| 27| 121|  0|  77|  0|    77 |     0|       114 |         25| 110|  86|
|  89| 94|  32| 50| 121|  0|  77|  0|    77 |     0|       195 |         81| 116|   6|
|  14| 75|   3| 29| 121|  0|  77|  0|    77 |     0|        26 |         31| 151|  35|
|  26| 12| 172| 31| 121|  0|  78|  1|    78 |     1|        14 |         12| 180|  29|
| 191| 35|   7| 35| 121|  0|  78|  0|    78 |     0|        98 |         84| 191|  11|
| 130| 61| 183| 24| 120|  1|  78|  0|    78 |     0|       122 |         24| 171|  20|
| 122|  8|  99| 84| 120|  0|  78|  0|    78 |     0|       130 |          8| 130|  41|
| 171| 49|  22| 77| 120|  0|  78|  0|    78 |     0|       171 |         41| 122|   8|
|  98| 73| 132| 90| 120|  0|  79|  1|    79 |     1|       191 |         20|  98|  24|
|  32| 66| 129|  3| 120|  0|  80|  1|    80 |     1|       185 |          6|  55|  43|
|  55| 23|  51| 78| 120|  0|  81|  1|    81 |     1|       169 |         16|  32|  23|
|  13| 42|  77| 26| 120|  0|  81|  0|    81 |     0|        55 |         86|  13|  19|
| 185| 28| 134| 57| 119|  1|  81|  0|    81 |     0|        32 |         23| 169|  44|
| 169| 16|  17| 83| 119|  0|  81|  0|    81 |     0|        13 |         19| 185|  16|
| 166|  3| 191| 26| 119|  0|  81|  0|    81 |     0|        19 |          6| 166|  19|
| 100| 66|  42| 51| 119|  0|  81|  0|    81 |     0|        91 |         72| 132|  34|
|  19| 81|  92| 50| 119|  0|  81|  0|    81 |     0|       100 |          9| 100|  32|
|  91| 72|  89|  3| 119|  0|  81|  0|    81 |     0|       132 |         32|  91|   9|
| 132| 41|  87|  2| 119|  0|  82|  1|    82 |     1|       166 |         34|  19|  72|
| 172| 40|  68| 19| 119|  0|  82|  0|    82 |     0|       172 |          6| 120|  99|
| 184| 12|  20| 48| 119|  0|  82|  0|    82 |     0|       184 |         12| 127|   7|
|  75| 91|  25|  5| 118|  1|  82|  0|    82 |     0|       127 |         57| 186|  59|
| 127| 52|  31|  6| 118|  0|  83|  1|    83 |     1|        75 |         52| 186|   0|
|  18| 91| 184| 47| 118|  0|  83|  0|    83 |     0|        18 |         57| 195|   9|
| 186| 32|  76| 92| 117|  1|  83|  0|    83 |     0|       120 |         98| 193|   2|
| 186|  0| 124| 48| 117|  0|  83|  0|    83 |     0|       127 |          7| 141|  52|
| 195|  9| 115|  9| 117|  0|  83|  0|    83 |     0|       186 |         59|  43|  98|
| 127| 68|  69| 46| 117|  0|  84|  1|    84 |     1|       186 |          0|  43|   0|
| 120|  7|  14| 55| 117|  0|  84|  0|    84 |     0|       195 |          9|  41|   2|
| 141| 21|  39| 25| 116|  1|  84|  0|    84 |     0|       193 |          2|  49|   8|
|  41|100|  68| 29| 116|  0|  84|  0|    84 |     0|       141 |         52|  98|  49|
| 193| 48| 194| 74| 116|  0|  85|  1|    85 |     1|        43 |         98|  99|   1|
|  43| 50| 183| 11| 116|  0|  85|  0|    85 |     0|        43 |          0| 124|  25|
|  43|  0|  47| 64| 116|  0|  85|  0|    85 |     0|        41 |          2| 187|  63|
| 124| 81| 189| 58| 116|  0|  85|  0|    85 |     0|        49 |          8| 155|  32|
|  98| 26| 140| 49| 115|  1|  86|  1|    86 |     1|        98 |         49|  90|  65|
|  99|  1| 144|  4| 115|  0|  86|  0|    86 |     0|        99 |          1|  75|  15|
| 187| 88|   9| 65| 115|  0|  86|  0|    86 |     0|       124 |         25|  20|  55|
|  49| 62|  99| 90| 115|  0|  87|  1|    87 |     1|       187 |         63| 200|  20|
| 155| 94| 106|  7| 115|  0|  87|  0|    87 |     0|       155 |         32| 148|  52|
|  75| 80| 132| 26| 115|  0|  87|  0|    87 |     0|        90 |         65| 141|   7|
|  90| 15| 198| 66| 114|  1|  87|  0|    87 |     0|        75 |         15| 104|  37|
| 200| 90|  11| 13| 114|  0|  87|  0|    87 |     0|        20 |         55|  94|  10|
|  20| 20|  99| 88| 114|  0|  87|  0|    87 |     0|       200 |         20|  40|  54|
|  94| 74|  62| 37| 114|  0|  87|  0|    87 |     0|       148 |         52|  59|  19|
|  40| 54|  40| 22| 112|  2|  87|  0|    87 |     0|       141 |          7| 103|  44|
| 104| 64| 178| 62| 112|  0|  87|  0|    87 |     0|       104 |         37| 156|  53|
| 148| 44|  88| 90| 112|  0|  87|  0|    87 |     0|        94 |         10| 158|   2|
| 141|  7| 173| 85| 112|  0|  88|  1|    88 |     1|        40 |         54|  28|  70|
| 103| 38| 132| 41| 112|  0|  88|  0|    88 |     0|        59 |         19|  60|  32|
| 158| 55| 138|  6| 111|  1|  88|  0|    88 |     0|       103 |         44| 104|  44|
|  28| 70| 153| 15| 111|  0|  88|  0|    88 |     0|       156 |         53| 108|   4|
|  59| 31|  16| 63| 111|  0|  89|  1|    89 |     1|       158 |          2| 131|  23|
| 156| 97| 146| 70| 111|  0|  89|  0|    89 |     0|        28 |         70| 200|  69|
| 200| 44|  73| 73| 110|  1|  89|  0|    89 |     0|        60 |         32| 117|  83|
| 108| 92|  32| 41| 110|  0|  89|  0|    89 |     0|       104 |         44|  64|  53|
| 131| 23|  15| 17| 110|  0|  89|  0|    89 |     0|       108 |          4|  59|   5|
| 104| 27|  67| 52| 110|  0|  89|  0|    89 |     0|       131 |         23|  29|  30|
|  60| 44|  77| 10| 110|  0|  89|  0|    89 |     0|       200 |         69|  25|   4|
|  59|  1|  62| 15| 110|  0|  89|  0|    89 |     0|       117 |         83|  48|  23|
|  25| 34|  46| 16| 109|  1|  89|  0|    89 |     0|        64 |         53|  90|  42|
| 117| 92| 116| 70| 109|  0|  90|  1|    90 |     1|        59 |          5|  94|   4|
|  64| 53| 200| 84| 108|  1|  90|  0|    90 |     0|        29 |         30| 176|  82|
|  29| 35|  82| 82| 108|  0|  90|  0|    90 |     0|        25 |          4| 177|   1|
| 176| 53| 150| 68| 107|  1|  90|  0|    90 |     0|        48 |         23|  83|  94|
| 177|  1|  68| 82| 107|  0|  90|  0|    90 |     0|        90 |         42|  48|  35|
|  48| 71| 120| 52| 106|  1|  90|  0|    90 |     0|        94 |          4|  37|  11|
|  90| 42|  12| 92| 106|  0|  90|  0|    90 |     0|       176 |         82| 195|  42|
|  94|  4|  55| 43| 106|  0|  91|  1|    91 |     1|       177 |          1| 197|   2|
|  48| 46| 139| 84| 106|  0|  91|  0|    91 |     0|        83 |         94| 197|   0|
| 197| 51| 146|  7| 106|  0|  91|  0|    91 |     0|        48 |         35| 105|  92|
|  37| 40| 134| 12| 105|  1|  91|  0|    91 |     0|        37 |         11|  74|  31|
|  83| 46| 145| 11| 105|  0|  92|  1|    92 |     1|       195 |         42|   6|  68|
| 195| 88| 173| 28| 105|  0|  92|  0|    92 |     0|       197 |          2|   6|   0|
|  74| 79|  17| 44| 105|  0|  92|  0|    92 |     0|       197 |          0|  23|  17|
|   6| 68| 147| 70| 105|  0|  92|  0|    92 |     0|       105 |         92| 110|  87|
|   6|  0|  42| 95| 105|  0|  92|  0|    92 |     0|        74 |         31| 140|  30|
| 197|  9| 115| 73| 105|  0|  92|  0|    92 |     0|         6 |         68| 154|  14|
| 105| 92| 142| 27| 105|  0|  93|  1|    93 |     1|         6 |          0| 174|  20|
|  23| 82| 141|  1| 105|  0|  93|  0|    93 |     0|        23 |         17| 143|  31|
| 140| 83| 184| 43| 104|  1|  93|  0|    93 |     0|       110 |         87| 142|   1|
| 110| 30| 132| 52| 104|  0|  94|  1|    94 |     1|       140 |         30|  87|  55|
| 154| 44|  41| 91| 104|  0|  94|  0|    94 |     0|       154 |         14|  67|  20|
| 174| 20| 121| 80| 104|  0|  95|  1|    95 |     1|       174 |         20|   3|  64|
|  67| 93|  29| 92| 104|  0|  95|  0|    95 |     0|       143 |         31|  19|  16|
| 143| 76|  33|  4| 104|  0|  95|  0|    95 |     0|       142 |          1|  43|  24|
|   3| 60|  22| 11| 103|  1|  95|  0|    95 |     0|        87 |         55|  50|   7|
|  87| 84|  76| 54| 103|  0|  95|  0|    95 |     0|        67 |         20| 119|  69|
| 142| 55|  95| 19| 103|  0|  95|  0|    95 |     0|         3 |         64| 174|  55|
|  43| 99|  27| 68| 103|  0|  95|  0|    95 |     0|        19 |         16|  95|  79|
|  50|  7|  59| 32| 102|  1|  95|  0|    95 |     0|        43 |         24|   4|  91|
| 174| 76|  35| 24| 102|  0|  96|  1|    96 |     1|        50 |          7|   1|   3|
| 119| 55| 181| 54| 102|  0|  96|  0|    96 |     0|       119 |         69| 186|  15|
|  19|100| 195| 14| 102|  0|  96|  0|    96 |     0|       174 |         55| 198|  12|
|   1| 18| 110| 85| 102|  0|  96|  0|    96 |     0|        95 |         79| 194|   4|
| 198|  3|  46| 64| 102|  0|  96|  0|    96 |     0|         4 |         91| 110|  84|
|  95| 97|  67| 21| 101|  1|  97|  1|    97 |     1|         1 |          3| 101|   9|
|   4| 91|  62|  5| 101|  0|  97|  0|    97 |     0|       186 |         15|  75|  26|
| 186| 18|  12| 50| 101|  0|  97|  0|    97 |     0|       198 |         12|  58|  17|
| 194|  8| 173| 39| 101|  0|  97|  0|    97 |     0|       194 |          4|  85|  27|
|  58| 64| 164|  9| 101|  0|  97|  0|    97 |     0|       110 |         84| 141|  56|
| 101| 43| 112| 52| 100|  1|  97|  0|    97 |     0|       101 |          9|  35|  94|
| 110|  9| 106|  6| 100|  0|  98|  1|    98 |     1|        75 |         26|  22|  13|
|  75| 35|  57| 49| 100|  0|  98|  0|    98 |     0|        58 |         17|  17|   5|
| 141| 66|  88| 31| 100|  0|  98|  0|    98 |     0|        85 |         27|  54|  37|
|  22| 81|  54| 34|  99|  1|  98|  0|    98 |     0|       141 |         56|  88|  34|
|  17|  5|  12| 42|  99|  0|  98|  0|    98 |     0|        35 |         94| 116|  28|
|  85| 68| 131| 81|  99|  0|  98|  0|    98 |     0|        22 |         13| 131|  15|
|  35| 50| 116| 15|  99|  0|  98|  0|    98 |     0|        17 |          5|  12|  81|
| 116| 81|  35| 81|  99|  0|  99|  1|    99 |     1|        54 |         37|  57|  45|
| 131| 15|  85| 50|  99|  0|  99|  0|    99 |     0|        88 |         34| 106|  49|
|  12| 81|  17| 68|  99|  0|  99|  0|    99 |     0|       116 |         28| 112|   6|
|  54| 42|  22|  5|  99|  0|  99|  0|    99 |     0|       131 |         15| 164|  52|
|  88| 34| 141| 81|  99|  0|  99|  0|    99 |     0|        12 |         81| 173|   9|
|  57| 31|  75| 66|  99|  0|  99|  0|    99 |     0|        57 |         45| 110|  63|
| 106| 49| 110| 35|  98|  1|  99|  0|    99 |     0|       106 |         49|  67|  43|
| 112|  6| 101|  9|  98|  0|  99|  0|    99 |     0|       112 |          6|  62|   5|
| 164| 52|  58| 43|  98|  0|  99|  0|    99 |     0|       164 |         52|  46|  16|
| 173|  9| 194| 64|  98|  0|  99|  0|    99 |     0|       173 |          9|  12|  34|
|  12| 39| 186|  8|  98|  0| 100|  1|   100 |     1|       110 |         63|  27|  15|
|  62| 50|   4| 18|  98|  0| 100|  0|   100 |     0|        67 |         43|  35|   8|
|  67|  5|  95| 91|  98|  0| 100|  0|   100 |     0|        62 |          5|  59|  24|
|  46| 21| 198| 97|  97|  1| 100|  0|   100 |     0|        46 |         16| 181|  78|
| 110| 64|   1|  3|  97|  0| 101|  1|   101 |     1|        12 |         34| 195|  14|
| 195| 85|  19| 18|  97|  0| 101|  0|   101 |     0|        27 |         15|  95| 100|
| 181| 14| 119|100|  97|  0| 101|  0|   101 |     0|        35 |          8|  76|  19|
|  35| 54| 174| 55|  97|  0| 101|  0|   101 |     0|        59 |         24|  33|  43|
|  59| 24|  50| 76|  97|  0| 101|  0|   101 |     0|       181 |         78|  29|   4|
|  27| 32|  43|  7|  96|  1| 102|  1|   102 |     1|       195 |         14|  22|   7|
|  95| 68| 142| 99|  96|  0| 102|  0|   102 |     0|        95 |        100|  41|  19|
|  76| 19|  87| 55|  96|  0| 102|  0|   102 |     0|        76 |         19| 121|  80|
|  22| 54|   3| 84|  96|  0| 102|  0|   102 |     0|        33 |         43| 132|  11|
|  33| 11| 143| 60|  96|  0| 102|  0|   102 |     0|        29 |          4| 141|   9|
|  29|  4|  67| 76|  95|  1| 102|  0|   102 |     0|        22 |          7| 184|  43|
| 121| 92| 174| 93|  95|  0| 103|  1|   103 |     1|        41 |         19| 147|  37|
|  41| 80| 154| 20|  95|  0| 103|  0|   103 |     0|       121 |         80| 142|   5|
| 132| 91| 110| 44|  95|  0| 103|  0|   103 |     0|       132 |         11| 115|  27|
| 184| 52| 140| 30|  95|  0| 103|  0|   103 |     0|       141 |          9|  42|  73|
| 141| 43|  23| 83|  95|  0| 104|  1|   104 |     1|       184 |         43|  17|  25|
| 142|  1| 105| 82|  95|  0| 104|  0|   104 |     0|       147 |         37| 134|  83|
| 115| 27| 197| 92|  95|  0| 104|  0|   104 |     0|       142 |          5| 139|   5|
|  42| 73|   6|  9|  94|  1| 104|  0|   104 |     0|       115 |         27| 145|   6|
| 147| 95|   6|  0|  94|  0| 104|  0|   104 |     0|        42 |         73| 146|   1|
|  17| 70|  74| 68|  93|  1| 104|  0|   104 |     0|        17 |         25| 173|  27|
| 173| 44| 195| 79|  93|  0| 105|  1|   105 |     1|       134 |         83| 172|   1|
| 145| 28|  83| 88|  93|  0| 105|  0|   105 |     0|       139 |          5| 127|  45|
| 134| 11|  37| 46|  92|  1| 105|  0|   105 |     0|       145 |          6|  75|  52|
| 146| 12| 197| 40|  92|  0| 105|  0|   105 |     0|       146 |          1|  18|  57|
| 139|  7|  48| 51|  92|  0| 105|  0|   105 |     0|       173 |         27| 184|  34|
|  55| 84|  94| 46|  92|  0| 105|  0|   105 |     0|       150 |         23| 150|  34|
|  12| 43|  90|  4|  92|  0| 105|  0|   105 |     0|       120 |         30| 120|  30|
| 120| 92|  48| 42|  92|  0| 105|  0|   105 |     0|        68 |         52|  68|  52|
|  68| 52| 177| 71|  91|  1| 105|  0|   105 |     0|        55 |         13|  55|  13|
| 150| 82| 176|  1|  91|  0| 106|  1|   106 |     1|        12 |         43|  12|  43|
|  82| 68|  29| 53|  91|  0| 106|  0|   106 |     0|        46 |         34|  46|  34|
| 200| 82|  64| 35|  91|  0| 106|  0|   106 |     0|        62 |         16|  62|  16|
| 116| 84| 117| 53|  90|  1| 106|  0|   106 |     0|        82 |         20|  82|  20|
|  46| 70|  25| 92|  90|  0| 106|  0|   106 |     0|       116 |         34| 116|  34|
|  62| 16|  59| 34|  90|  0| 107|  1|   107 |     1|       200 |         84| 200|  84|
|  77| 15|  60|  1|  90|  0| 107|  0|   107 |     0|        77 |         77| 153|  47|
|  67| 10| 104| 44|  90|  0| 108|  1|   108 |     1|        73 |          4| 146|   7|
|  15| 52| 131| 27|  90|  0| 108|  0|   108 |     0|        67 |          6| 138|   8|
|  32| 17| 108| 23|  90|  0| 109|  1|   109 |     1|        32 |         35| 132|   6|
|  73| 41| 200| 92|  89|  1| 109|  0|   109 |     0|        15 |         17|  16|  84|
| 146| 73| 156| 44|  89|  0| 110|  1|   110 |     1|        16 |          1|  40|  24|
|  16| 70|  59| 97|  89|  0| 110|  0|   110 |     0|       132 |         84|  62|  22|
| 153| 63|  28| 31|  89|  0| 110|  0|   110 |     0|       138 |          6|  88|  26|
| 138| 15| 158| 70|  89|  0| 110|  0|   110 |     0|       146 |          8| 173|  85|
| 132|  6| 103| 55|  89|  0| 110|  0|   110 |     0|       153 |          7| 178|   5|
| 173| 41| 141| 38|  89|  0| 110|  0|   110 |     0|       173 |         20| 132|  46|
|  88| 85| 148|  7|  89|  0| 111|  1|   111 |     1|       178 |          5| 106|  26|
| 178| 90| 104| 44|  89|  0| 111|  0|   111 |     0|        88 |         90|  99|   7|
|  40| 62|  40| 64|  88|  1| 111|  0|   111 |     0|        62 |         26|  11|  88|
|  62| 22|  94| 54|  88|  0| 111|  0|   111 |     0|        40 |         22| 198|  13|
|  99| 37|  20| 74|  88|  0| 112|  1|   112 |     1|        99 |         59| 189|   9|
|  11| 88| 200| 20|  88|  0| 112|  0|   112 |     0|       106 |          7| 144|  45|
| 198| 13|  90| 90|  87|  1| 112|  0|   112 |     0|       132 |         26| 140|   4|
| 132| 66|  75| 15|  87|  0| 112|  0|   112 |     0|       198 |         66|  99|  41|
| 106| 26| 155| 80|  87|  0| 112|  0|   112 |     0|        11 |         13|   9|  90|
|  99|  7|  49| 94|  87|  0| 114|  2|   114 |     2|        99 |         88|  39|  30|
|   9| 90| 187| 62|  87|  0| 114|  0|   114 |     0|       140 |         41|  47|   8|
| 144| 65|  99| 88|  87|  0| 114|  0|   114 |     0|       144 |          4|  68|  21|
| 140|  4|  98|  1|  87|  0| 114|  0|   114 |     0|       189 |         45| 183|  85|
| 189| 49| 124| 26|  87|  0| 115|  1|   115 |     1|         9 |         20| 194|  11|
|  47| 58|  43| 81|  87|  0| 115|  0|   115 |     0|        39 |         30| 124|  70|
| 183| 64|  43|  0|  87|  0| 115|  0|   115 |     0|        47 |          8| 115|   9|
| 194| 11| 193| 50|  86|  1| 115|  0|   115 |     0|        68 |         21|  76|  39|
|  68| 74|  41| 48|  86|  0| 115|  0|   115 |     0|       183 |         85|  69|   7|
|  39| 29| 141|100|  86|  0| 115|  0|   115 |     0|       194 |         11|  14|  55|
|  14| 25| 120| 21|  85|  1| 116|  1|   116 |     1|       124 |         70|  20|   6|
|  69| 55| 127|  7|  85|  0| 116|  0|   116 |     0|       115 |          9|  25|   5|
| 115| 46| 195| 68|  85|  0| 116|  0|   116 |     0|        76 |         39|  31|   6|
| 124|  9| 186|  9|  85|  0| 116|  0|   116 |     0|        69 |          7|  68|  37|
|  76| 48| 186|  0|  84|  1| 116|  0|   116 |     0|        14 |         55| 184|  84|
| 184| 92|  18| 32|  84|  0| 116|  0|   116 |     0|        20 |          6|  92|  92|
|  31| 47| 127| 91|  84|  0| 117|  1|   117 |     1|        25 |          5|  89|   3|
|  25|  6|  75| 52|  84|  0| 117|  0|   117 |     0|        31 |          6|  87|   2|
|  20|  5| 184| 91|  83|  1| 117|  0|   117 |     0|        68 |         37|  42|  45|
|  68| 48| 172| 12|  83|  0| 117|  0|   117 |     0|       184 |         84| 191|  51|
|  87| 19| 132| 40|  83|  0| 117|  0|   117 |     0|        92 |         92| 134|  57|
|  89|  2|  91| 41|  83|  0| 118|  1|   118 |     1|        89 |          3| 129|   5|
|  92|  3|  19| 72|  83|  0| 118|  0|   118 |     0|        87 |          2|  77|  52|
|  42| 50| 100| 81|  82|  1| 118|  0|   118 |     0|        42 |         45|  51|  26|
| 191| 51| 166| 66|  82|  0| 119|  1|   119 |     1|       191 |         51|  17|  34|
|  17| 26| 169|  3|  82|  0| 119|  0|   119 |     0|       134 |         57|  22|   5|
| 134| 83| 185| 16|  82|  0| 119|  0|   119 |     0|       129 |          5|  99|  77|
|  77| 57|  13| 28|  81|  1| 119|  0|   119 |     0|        77 |         52| 132|  33|
|  51| 26|  55| 42|  81|  0| 119|  0|   119 |     0|        51 |         26| 183|  51|
| 129| 78|  32| 23|  81|  0| 119|  0|   119 |     0|        17 |         34|   7|  24|
| 132|  3|  98| 66|  81|  0| 119|  0|   119 |     0|        22 |          5|   9|   2|
|  22| 90| 171| 73|  81|  0| 119|  0|   119 |     0|        99 |         77|  32|  23|
|  99| 77| 122| 49|  81|  0| 119|  0|   119 |     0|       132 |         33| 172|  60|
| 183| 84| 130|  8|  81|  0| 120|  1|   120 |     1|       183 |         51| 182|  10|
|   7| 24| 191| 61|  81|  0| 120|  0|   120 |     0|         7 |         24|   3|  21|
| 172| 35|  26| 35|  80|  1| 120|  0|   120 |     0|         9 |          2|  27|  24|
|   3| 31|  14| 12|  79|  1| 120|  0|   120 |     0|        32 |         23|  38|  11|
|  32| 29|  89| 75|  78|  1| 120|  0|   120 |     0|       172 |         60| 105|  67|
| 182| 50| 195| 94|  78|  0| 120|  0|   120 |     0|       182 |         10| 119|  14|
|   9| 27| 114| 81|  78|  0| 120|  0|   120 |     0|         3 |         21| 198|  79|
| 105| 96|  53| 61|  78|  0| 121|  1|   121 |     1|        27 |         24| 195|   3|
| 198| 93|  44|  9|  78|  0| 121|  0|   121 |     0|        38 |         11| 169|  26|
| 119| 79| 176| 68|  77|  1| 121|  0|   121 |     0|       105 |         67| 134|  35|
|  38| 81| 160| 16|  77|  0| 121|  0|   121 |     0|       119 |         14|  81|  53|
|  27| 11| 187| 27|  77|  0| 121|  0|   121 |     0|       198 |         79|  14|  67|
| 195| 32|  22| 35|  77|  0| 121|  0|   121 |     0|       195 |          3|  22|   8|
| 169| 26|  71| 49|  77|  0| 122|  1|   122 |     1|       169 |         26|  58|  36|
|  81| 88| 118| 47|  77|  0| 122|  0|   122 |     0|       134 |         35|  92|  34|
| 134| 53| 156| 38|  77|  0| 122|  0|   122 |     0|        81 |         53| 105|  13|
|  14| 80| 101| 55|  76|  1| 122|  0|   122 |     0|        14 |         67| 115|  10|
|  58| 44|  42| 59|  76|  0| 122|  0|   122 |     0|        22 |          8|  53|  62|
|  92| 34|  58| 16|  76|  0| 122|  0|   122 |     0|        58 |         36|  40|  13|
|  22| 70|  11| 47|  76|  0| 123|  1|   123 |     1|        92 |         34|  27|  13|
| 105| 83| 124| 87|  75|  1| 124|  1|   124 |     1|       105 |         13|  19|   8|
| 115| 10| 167| 43|  75|  0| 124|  0|   124 |     0|       115 |         10| 150|  69|
|  19| 96| 111| 56|  75|  0| 124|  0|   124 |     0|        53 |         62| 139|  11|
|  27|  8|  40| 71|  75|  0| 124|  0|   124 |     0|        40 |         13| 136|   3|
|  53| 26|  82| 42|  75|  0| 125|  1|   125 |     1|        27 |         13| 134|   2|
|  40| 13|  22| 60|  75|  0| 125|  0|   125 |     0|        19 |          8| 123|  11|
| 150| 90| 118| 96|  75|  0| 125|  0|   125 |     0|       150 |         69|  66|  57|
| 134| 16|   5| 87|  74|  1| 126|  1|   126 |     1|       139 |         11|  17|  49|
| 123| 11|  45| 40|  74|  0| 126|  0|   126 |     0|       136 |          3|  14|   3|
| 139| 16|  18| 27|  74|  0| 126|  0|   126 |     0|       134 |          2|  12|   2|
|  66| 73| 149| 69|  74|  0| 126|  0|   126 |     0|       123 |         11| 120|  92|
| 136| 70|  42| 93|  73|  1| 126|  0|   126 |     0|        66 |         57| 132|  12|
|  14| 78| 157| 85|  73|  0| 127|  1|   127 |     1|        17 |         49| 189|  57|
| 120| 94| 155|  2|  73|  0| 127|  0|   127 |     0|        14 |          3| 108|  81|
| 132| 12|  71| 84|  72|  1| 127|  0|   127 |     0|        12 |          2| 105|   3|
|  17| 85|  37| 34|  72|  0| 127|  0|   127 |     0|       120 |         92|  97|   8|
|  12|  5| 148| 89|  72|  0| 128|  1|   128 |     1|       132 |         12|  44|  53|
| 189| 23| 160| 12|  72|  0| 128|  0|   128 |     0|       189 |         57|  48|   4|
| 105| 84| 122| 38|  71|  1| 128|  0|   128 |     0|       108 |         81|  99|  51|
|  97|  8|   7| 85|  71|  0| 129|  1|   129 |     1|       105 |          3| 181|  82|
| 108| 11|  48| 41|  71|  0| 129|  0|   129 |     0|        97 |          8|   8|  27|
|  44| 64|  60| 12|  71|  0| 129|  0|   129 |     0|        44 |         53|   1|   7|
|  99| 55| 136| 76|  71|  0| 129|  0|   129 |     0|        48 |          4|   9|   8|
| 181| 82|  66| 70|  71|  0| 129|  0|   129 |     0|        99 |         51|  72|  63|
|   1| 20| 197| 69|  71|  0| 129|  0|   129 |     0|       181 |         82|  87|  15|
|  48| 47| 137| 60|  71|  0| 129|  0|   129 |     0|         8 |         27| 115|  28|
|   8| 40|  87| 50|  71|  0| 129|  0|   129 |     0|         1 |          7| 128|  13|
|  72| 64| 107| 20|  71|  0| 130|  1|   130 |     1|         9 |          8| 196|  68|
| 115| 43|  35| 72|  71|  0| 130|  0|   130 |     0|        72 |         63|  81|  85|
|   9| 94| 199| 36|  70|  1| 131|  1|   131 |     1|        87 |         15|  31|  50|
| 128| 81|  81| 82|  70|  0| 131|  0|   131 |     0|       115 |         28|  28|   3|
|  87| 41| 116| 35|  70|  0| 131|  0|   131 |     0|       128 |         13|  14|  14|
| 196| 91| 121|  5|  70|  0| 131|  0|   131 |     0|       196 |         68|   4|  10|
|  31| 35|  69| 52|  70|  0| 131|  0|   131 |     0|        81 |         85|  20|  16|
|  14| 17|  71|  2|  70|  0| 131|  0|   131 |     0|        31 |         50| 117|  97|
|  28| 14|  83| 12|  70|  0| 132|  1|   132 |     1|        28 |          3| 187|  70|
|  81| 53| 106| 23|  69|  1| 132|  0|   132 |     0|        14 |         14| 196|   9|
|   4| 77|  13| 93|  69|  0| 132|  0|   132 |     0|         4 |         10| 191|   5|
| 187| 17| 163| 50|  68|  1| 132|  0|   132 |     0|        20 |         16| 184|   7|
| 196|  9| 149| 14|  68|  0| 132|  0|   132 |     0|       117 |         97| 119|  65|
| 117| 79|  63| 86|  68|  0| 132|  0|   132 |     0|       187 |         70|  77|  42|
|  20| 97|  50| 13|  68|  0| 132|  0|   132 |     0|       196 |          9|  15|  62|
|  15|  5| 160| 90|  68|  0| 132|  0|   132 |     0|       191 |          5|  25|  10|
| 191| 24| 126| 34|  67|  1| 133|  1|   133 |     1|       184 |          7|  89|  64|
| 119| 72| 146| 20|  67|  0| 134|  1|   134 |     1|       119 |         65|  92|   3|
| 184| 65| 144|  2|  67|  0| 134|  0|   134 |     0|        77 |         42|  92|   0|
|  77| 93|  50| 94|  67|  0| 134|  0|   134 |     0|        15 |         62| 181|  89|
|  25| 52| 119| 69|  67|  0| 134|  0|   134 |     0|        25 |         10|  93|  88|
|  92| 67|  51| 68|  67|  0| 134|  0|   134 |     0|        89 |         64|  90|   3|
|  92|  0|  46|  5|  66|  1| 135|  1|   135 |     1|        92 |          3|  75|  15|
| 181| 89| 162| 84|  66|  0| 135|  0|   135 |     0|        92 |          0|  64|  11|
|  89| 92|  11| 49|  66|  0| 135|  0|   135 |     0|       181 |         89|  44|  20|
|  90|  1|   1| 10|  66|  0| 136|  1|   136 |     1|        93 |         88|  73|  29|
|  93|  3| 129| 72|  65|  1| 136|  0|   136 |     0|        90 |          3|  99|  26|
|  75| 18|  60| 69|  65|  0| 136|  0|   136 |     0|        75 |         15| 127|  28|
|  64| 11|   8| 52|  65|  0| 136|  0|   136 |     0|        64 |         11| 177|  50|
|  44| 20| 176| 32|  65|  0| 136|  0|   136 |     0|        44 |         20|  18|  41|
| 127| 83| 128| 48|  64|  1| 137|  1|   137 |     1|        73 |         29|  26|   8|
|  99| 28| 161| 33|  64|  0| 137|  0|   137 |     0|        99 |         26| 117|  91|
| 177| 78|  11| 50|  64|  0| 137|  0|   137 |     0|       127 |         28| 126|   9|
|  18| 41|  48| 37|  64|  0| 138|  1|   138 |     1|       177 |         50| 153|  27|
|  73| 55|   8| 40|  63|  1| 138|  0|   138 |     0|        18 |         41| 163|  10|
| 126| 53| 133| 75|  63|  0| 139|  1|   139 |     1|        26 |          8| 156|   7|
|  26|100|  98| 35|  63|  0| 139|  0|   139 |     0|       117 |         91| 149|   7|
| 117| 91|  38| 60|  63|  0| 139|  0|   139 |     0|       126 |          9| 140|   9|
| 153| 36|  87| 49|  63|  0| 139|  0|   139 |     0|       153 |         27|  23|  83|
| 163| 10|  57| 30|  63|  0| 139|  0|   139 |     0|       163 |         10| 197|  26|
| 149| 14|  26| 31|  63|  0| 139|  0|   139 |     0|       156 |          7| 172|  25|
| 156|  7|  22|  4|  62|  1| 139|  0|   139 |     0|       149 |          7| 146|  26|
|  23| 67| 195| 27|  62|  0| 140|  1|   140 |     1|       140 |          9|  89|  57|
| 140| 83| 193|  2|  62|  0| 140|  0|   140 |     0|        23 |         83|  29|  60|
| 197| 57|  95| 98|  62|  0| 140|  0|   140 |     0|       197 |         26|  11|  18|
|  89| 92|  25| 70|  62|  0| 140|  0|   140 |     0|       172 |         25|  49|  38|
|  11| 78|  29|  4|  62|  0| 141|  1|   141 |     1|       146 |         26|  73|  24|
| 172| 39| 176| 53|  61|  1| 141|  0|   141 |     0|        89 |         57|  90|  17|
|  29| 57| 101| 75|  61|  0| 141|  0|   141 |     0|        29 |         60| 102|  12|
| 146| 83|  14| 87|  61|  0| 141|  0|   141 |     0|        11 |         18| 184|  82|
| 102| 44| 154| 60|  61|  0| 141|  0|   141 |     0|        49 |         38| 173|  11|
|  49| 53| 103| 51|  61|  0| 141|  0|   141 |     0|        73 |         24| 132|  41|
|  73| 24| 178| 75|  61|  0| 141|  0|   141 |     0|        90 |         17| 131|   1|
| 184| 89|  30| 52|  60|  1| 142|  1|   142 |     1|       102 |         12|  62|  69|
|  90| 94| 170| 60|  60|  0| 142|  0|   142 |     0|       184 |         82|   7|  55|
| 173| 83| 178|  8|  60|  0| 142|  0|   142 |     0|       173 |         11|  23|  16|
| 132| 41|  50| 72|  60|  0| 142|  0|   142 |     0|       132 |         41|  25|   2|
| 131|  1|  20| 30|  60|  0| 142|  0|   142 |     0|       131 |          1|  37|  12|
|  62| 69|  75| 55|  59|  1| 142|  0|   142 |     0|        62 |         69|  72|  35|
|   7| 55| 176| 99|  59|  0| 143|  1|   143 |     1|         7 |         55| 129|  57|
|  37| 30| 115| 61|  59|  0| 143|  0|   143 |     0|        23 |         16|  60|  69|
|  72| 35| 196| 81|  59|  0| 143|  0|   143 |     0|        25 |          2|  36|  24|
|  23| 49|  48| 52|  59|  0| 143|  0|   143 |     0|        37 |         12| 175|  61|
| 129| 94|   4| 44|  58|  1| 143|  0|   143 |     0|        72 |         35| 175|   0|
|  25| 96|  31| 27|  58|  0| 143|  0|   143 |     0|       129 |         57| 195|  20|
|  36| 11| 109| 78|  58|  0| 144|  1|   144 |     1|        60 |         69| 164|  31|
| 175| 61| 111|  2|  58|  0| 144|  0|   144 |     0|        36 |         24| 115|  49|
| 195| 20|   7| 96|  58|  0| 144|  0|   144 |     0|       175 |         61|  98|  17|
|  60| 65| 114| 93|  58|  0| 144|  0|   144 |     0|       175 |          0|  84|  14|
| 175| 85|  58| 56|  58|  0| 145|  1|   145 |     1|       195 |         20|  66|  18|
|  98| 77|  31| 27|  58|  0| 145|  0|   145 |     0|       164 |         31| 101|  35|
| 164| 66| 114| 83|  58|  0| 145|  0|   145 |     0|       115 |         49| 122|  21|
|  84| 80|  19| 95|  57|  1| 145|  0|   145 |     0|        98 |         17| 168|  46|
|  66| 18|  95| 76|  57|  0| 145|  0|   145 |     0|        84 |         14| 196|  28|
| 115| 49| 126| 31|  57|  0| 146|  1|   146 |     1|        66 |         18|  21|  25|
| 101| 14| 188| 62|  57|  0| 146|  0|   146 |     0|       101 |         35|  64|  43|
| 168| 67|   9| 21|  57|  0| 146|  0|   146 |     0|       122 |         21|  65|   1|
|  21| 53|  65| 56|  57|  0| 146|  0|   146 |     0|       168 |         46|  87|  22|
| 122| 99| 126| 61|  57|  0| 146|  0|   146 |     0|       196 |         28| 158|  71|
| 196| 74| 100| 26|  56|  1| 146|  0|   146 |     0|        21 |         25| 159|   1|
|  87| 91| 182| 82|  56|  0| 146|  0|   146 |     0|        64 |         43| 132|  27|
|  65| 22| 196| 14|  55|  1| 146|  0|   146 |     0|        65 |          1| 105|  27|
| 158| 93|  35| 39|  55|  0| 146|  0|   146 |     0|        87 |         22|  33|  72|
| 159|  1| 158| 77|  55|  0| 147|  1|   147 |     1|       158 |         71|  31|   2|
|  64| 95| 137| 21|  54|  1| 147|  0|   147 |     0|       159 |          1| 163|  68|
| 132| 68| 146|  9|  54|  0| 147|  0|   147 |     0|       132 |         27| 137|  26|
| 105| 27| 147|  1|  54|  0| 148|  1|   148 |     1|       105 |         27|  98|  39|
|  33| 72| 181| 34|  54|  0| 148|  0|   148 |     0|        33 |         72|  61|  37|
| 163| 70|  71| 90|  53|  1| 148|  0|   148 |     0|        31 |          2|  18|  43|
|  31| 68|  71|  0|  53|  0| 148|  0|   148 |     0|       163 |         68| 195|  23|
|  61| 30|  48| 23|  53|  0| 148|  0|   148 |     0|       137 |         26| 157|  38|
| 195| 66|  25| 23|  53|  0| 148|  0|   148 |     0|        98 |         39| 146|  11|
|  18| 23|  55| 30|  53|  0| 148|  0|   148 |     0|        61 |         37|  91|  55|
| 137| 81| 164| 91|  52|  1| 149|  1|   149 |     1|        18 |         43|  52|  39|
|  98| 39| 105| 59|  51|  1| 149|  0|   149 |     0|       195 |         23|  38|  14|
| 146| 48|  88| 17|  51|  0| 149|  0|   149 |     0|       157 |         38|  57|  19|
|  38| 92|  45| 43|  51|  0| 149|  0|   149 |     0|       146 |         11|  78|  21|
|  91| 53| 168| 77|  51|  0| 149|  0|   149 |     0|        91 |         55|  90|  12|
| 157| 66| 180| 12|  50|  1| 149|  0|   149 |     0|        52 |         39| 119|  29|
|  52| 95| 159| 21|  50|  0| 149|  0|   149 |     0|        38 |         14| 193|  74|
|  90| 38| 198| 39|  50|  0| 149|  0|   149 |     0|        57 |         19| 142|  51|
|  78| 12|   7|  9|  50|  0| 150|  1|   150 |     1|        78 |         21|  98|  44|
|  57| 21| 176| 31|  50|  0| 150|  0|   150 |     0|        90 |         12|  84|  14|
| 193| 64|  38| 62|  50|  0| 150|  0|   150 |     0|       119 |         29|  22|  62|
| 119| 74| 140| 98|  49|  1| 150|  0|   150 |     0|       193 |         74| 195|  27|
|  22| 97|   2| 62|  49|  0| 150|  0|   150 |     0|       142 |         51| 119|  76|
| 195| 27|  17| 15|  48|  1| 150|  0|   150 |     0|        98 |         44| 110|   9|
| 142| 53| 119| 98|  48|  0| 151|  1|   151 |     1|        84 |         14|  85|  25|
|  84| 58| 154| 35|  48|  0| 151|  0|   151 |     0|        22 |         62|  41|  44|
|  98| 14|  46| 92|  48|  0| 151|  0|   151 |     0|       195 |         27|   1|  40|
| 110| 12| 157| 89|  48|  0| 151|  0|   151 |     0|       119 |         76|  96|  95|
|  85| 25|  84| 73|  48|  0| 151|  0|   151 |     0|       110 |          9| 100|   4|
|   1| 84| 122| 38|  48|  0| 152|  1|   152 |     1|        85 |         25| 102|   2|
| 119| 82| 104| 18|  48|  0| 152|  0|   152 |     0|        41 |         44| 151|  49|
|  41| 78| 134| 30|  48|  0| 152|  0|   152 |     0|         1 |         40| 185|  34|
| 102| 61| 182| 48|  48|  0| 152|  0|   152 |     0|        96 |         95| 180|   5|
|  96|  6|  71| 89|  48|  0| 153|  1|   153 |     1|       100 |          4|  81|  99|
| 100|  4|  45| 26|  48|  0| 153|  0|   153 |     0|       102 |          2|  61|  20|
| 185| 85| 121| 76|  47|  1| 153|  0|   153 |     0|       151 |         49|   6|  55|
| 151| 34| 102| 19|  47|  0| 153|  0|   153 |     0|       185 |         34| 200|   6|
|  61| 90| 159| 57|  47|  0| 153|  0|   153 |     0|       180 |          5| 186|  14|
|  81| 20| 179| 20|  46|  1| 153|  0|   153 |     0|        81 |         99|  89|  97|
| 200| 81| 100| 79|  46|  0| 153|  0|   153 |     0|        61 |         20|  70|  19|
| 180| 20| 121| 21|  46|  0| 154|  1|   154 |     1|         6 |         55|  40|  30|
|   6| 26| 106| 15|  46|  0| 154|  0|   154 |     0|       200 |          6|  36|   4|
|  40| 34| 178| 72|  45|  1| 154|  0|   154 |     0|       186 |         14|  41|   5|
|  36|  4| 191| 13|  45|  0| 155|  1|   155 |     1|        89 |         97|  89|  48|
|  89| 53|  43| 52|  45|  0| 155|  0|   155 |     0|        70 |         19| 107|  18|
| 186| 97|  58| 15|  45|  0| 155|  0|   155 |     0|        40 |         30| 139|  32|
|  70| 84|  16| 42|  45|  0| 155|  0|   155 |     0|        36 |          4| 145|   6|
| 145| 75|  53| 37|  44|  1| 156|  1|   156 |     1|        41 |          5|  36|  91|
|  41| 96| 153|100|  44|  0| 156|  0|   156 |     0|        89 |         48|  21|  15|
| 107| 66| 151|  2|  44|  0| 156|  0|   156 |     0|       107 |         18|  13|   8|
| 139| 32| 159|  8|  44|  0| 156|  0|   156 |     0|       139 |         32| 146|  67|
|  89| 50| 171| 12|  44|  0| 156|  0|   156 |     0|       145 |          6| 174|  28|
|  21| 68|  57| 86|  44|  0| 156|  0|   156 |     0|        36 |         91| 156|  18|
|  13|  8| 145| 88|  43|  1| 156|  0|   156 |     0|        21 |         15| 124|  32|
|  36| 23| 182| 37|  43|  0| 157|  1|   157 |     1|        13 |          8|  78|  46|
| 146| 90| 177|  5|  43|  0| 157|  0|   157 |     0|       146 |         67|  28|  50|
| 174| 28| 198| 21|  43|  0| 157|  0|   157 |     0|       174 |         28| 175|  53|
|  28| 54|  53| 55|  43|  0| 158|  1|   158 |     1|       156 |         18| 179|   4|
|  78| 50|  17| 36|  43|  0| 158|  0|   158 |     0|       124 |         32| 118|  61|
| 156| 78|  43| 26|  43|  0| 158|  0|   158 |     0|        78 |         46|  97|  21|
| 175| 19| 127| 84|  43|  0| 158|  0|   158 |     0|        28 |         50|  83|  14|
| 124| 51| 200| 73|  42|  1| 158|  0|   158 |     0|       175 |         53|  21|  62|
| 179| 55|  47| 47|  42|  0| 158|  0|   158 |     0|       179 |          4| 120|  99|
| 118| 61|  63| 16|  42|  0| 158|  0|   158 |     0|       118 |         61| 139|  19|
|  97| 21|  16| 47|  42|  0| 158|  0|   158 |     0|        97 |         21| 148|   9|
|  21| 76| 144| 72|  41|  1| 159|  1|   159 |     1|        83 |         14| 150|   2|
|  83| 62| 141|  3|  41|  0| 159|  0|   159 |     0|        21 |         62| 158|   8|
| 139| 56|   6| 65|  41|  0| 159|  0|   159 |     0|       120 |         99| 120|  38|
| 150| 11|  91| 85|  41|  0| 159|  0|   159 |     0|       139 |         19| 116|   4|
| 120| 30|  58| 33|  40|  1| 159|  0|   159 |     0|       148 |          9| 104|  12|
| 158| 38|  16| 42|  40|  0| 159|  0|   159 |     0|       150 |          2|  95|   9|
| 148| 10| 149| 67|  40|  0| 159|  0|   159 |     0|       158 |          8|  61|  34|
| 120| 28|   6| 57|  40|  0| 159|  0|   159 |     0|       120 |         38|  61|   0|
|  61| 59| 184| 22|  40|  0| 160|  1|   160 |     1|       116 |          4| 146|  85|
| 104| 43| 120| 64|  40|  0| 160|  0|   160 |     0|       104 |         12| 159|  13|
|  95|  9|  91| 29|  40|  0| 160|  0|   160 |     0|        95 |          9| 168|   9|
| 116| 21| 105| 14|  39|  1| 161|  1|   161 |     1|        61 |         34| 193|  25|
| 193| 77| 149| 44|  39|  0| 162|  1|   162 |     1|        61 |          0| 181|  12|
| 159| 34| 153|  4|  39|  0| 162|  0|   162 |     0|       146 |         85| 158|  23|
|  61| 98| 165| 12|  38|  1| 163|  1|   163 |     1|       159 |         13| 139|  19|
| 146| 85|  37| 72|  38|  0| 163|  0|   163 |     0|       168 |          9|  87|  52|
| 168| 22| 178| 59|  38|  0| 163|  0|   163 |     0|       193 |         25| 200|  87|
| 181| 13|  62| 84|  38|  0| 164|  1|   164 |     1|       181 |         12| 119|  81|
| 200| 19|  80| 18|  38|  0| 164|  0|   164 |     0|       158 |         23|  77|  42|
|  87| 87|   5| 75|  38|  0| 164|  0|   164 |     0|       139 |         19|  71|   6|
| 139| 52| 151| 54|  38|  0| 164|  0|   164 |     0|        87 |         52|  63|   8|
| 158| 19|  27| 76|  38|  0| 165|  1|   165 |     1|       200 |         87|  61|   2|
|  63| 95| 175| 52|  37|  1| 165|  0|   165 |     0|       119 |         81|  70|   9|
|  77| 14| 135| 40|  37|  0| 165|  0|   165 |     0|        77 |         42|  81|  11|
|  71|  6| 150| 15|  37|  0| 165|  0|   165 |     0|        71 |          6|  96|  15|
|  61| 10| 175| 25|  37|  0| 165|  0|   165 |     0|        63 |          8|  97|   1|
| 119| 58| 193| 18|  37|  0| 166|  1|   166 |     1|        61 |          2|  14|  83|
|  81| 38|  98| 95|  36|  1| 166|  0|   166 |     0|        70 |          9|  44|  30|
|  70| 11|   3| 95|  36|  0| 167|  1|   167 |     1|        81 |         11|  64|  20|
|  96| 26| 149| 54|  36|  0| 167|  0|   167 |     0|        96 |         15|  76|  12|
|  14| 82| 129| 20|  36|  0| 168|  1|   168 |     1|        97 |          1| 104|  28|
|  97| 83| 152| 23|  36|  0| 168|  0|   168 |     0|        14 |         83| 143|  39|
|  76| 21| 103| 49|  35|  1| 168|  0|   168 |     0|        44 |         30|  81|  62|
| 104| 28| 164| 61|  35|  0| 168|  0|   168 |     0|        64 |         20|  56|  25|
| 143| 39|  48| 84|  35|  0| 168|  0|   168 |     0|        76 |         12|  35|  21|
|  64| 79|  96| 48|  35|  0| 169|  1|   169 |     1|       104 |         28| 145|  90|
|  44| 20|  81| 15|  35|  0| 169|  0|   169 |     0|       143 |         39| 148|   3|
|  56| 12|  67| 14|  35|  0| 169|  0|   169 |     0|        81 |         62| 125|  23|
| 148| 92| 112| 45|  34|  1| 170|  1|   170 |     1|        56 |         25|  90|  35|
|  81| 67|  39| 73|  33|  1| 170|  0|   170 |     0|        35 |         21|  77|  13|
|  35| 46| 155| 84|  33|  0| 170|  0|   170 |     0|       145 |         90|   6|  71|
| 145| 90| 187| 32|  32|  1| 170|  0|   170 |     0|       148 |          3|   2|   4|
|   2| 57|  65| 78|  32|  0| 171|  1|   171 |     1|       125 |         23|   4|   2|
|  77| 75| 148| 83|  32|  0| 171|  0|   171 |     0|        90 |         35|   4|   0|
| 125| 48| 169| 21|  32|  0| 171|  0|   171 |     0|        77 |         13|  70|  66|
|   6| 81|  31| 62|  32|  0| 172|  1|   172 |     1|         6 |         71|  96|  26|
|  90| 84|  87| 56|  32|  0| 172|  0|   172 |     0|         2 |          4| 185|  89|
|  96|  6|  85|  2|  31|  1| 172|  0|   172 |     0|         4 |          2| 183|   2|
|   4| 92| 184| 99|  31|  0| 172|  0|   172 |     0|         4 |          0| 149|  34|
| 185| 19| 172| 12|  31|  0| 172|  0|   172 |     0|        70 |         66|  99|  50|
|   4| 19| 143| 29|  31|  0| 172|  0|   172 |     0|        96 |         26|  38|  61|
|  70| 66| 126| 17|  31|  0| 173|  1|   173 |     1|       185 |         89|  28|  10|
|  99| 29|   7| 81|  31|  0| 173|  0|   173 |     0|       183 |          2|  92|  64|
|  38| 61|  56| 49|  31|  0| 173|  0|   173 |     0|       149 |         34| 111|  19|
| 149| 89| 148| 92|  30|  1| 173|  0|   173 |     0|        99 |         50| 112|   1|
| 183| 34|  93| 55|  30|  0| 174|  1|   174 |     1|        38 |         61| 135|  23|
|  28| 45|   5| 88|  30|  0| 174|  0|   174 |     0|        28 |         10| 182|  47|
| 111| 83| 168| 37|  29|  1| 174|  0|   174 |     0|        92 |         64|  77|  95|
|  92| 19|  83| 85|  29|  0| 175|  1|   175 |     1|       111 |         19|  73|   4|
| 182| 90| 183|100|  29|  0| 175|  0|   175 |     0|       112 |          1|  67|   6|
| 135| 47| 159| 24|  29|  0| 175|  0|   175 |     0|       135 |         23|  32|  35|
| 112| 23|   6| 47|  29|  0| 175|  0|   175 |     0|       182 |         47|  15|  17|
| 179| 67|  12|  6|  28|  1| 175|  0|   175 |     0|       179 |          3|  36|  21|
|  95| 84| 158| 54|  28|  0| 175|  0|   175 |     0|       176 |          3|  77|  41|
|  77| 18| 162|  4|  28|  0| 175|  0|   175 |     0|        95 |         81|  95|  18|
| 176| 99|  30| 68|  28|  0| 176|  1|   176 |     1|        77 |         18| 176|  81|
|  36| 60| 188| 42|  28|  0| 176|  0|   176 |     0|        36 |         41| 179|   3|
|  70| 34| 143| 45|  28|  0| 176|  0|   176 |     0|        70 |         34| 148|  31|
| 191| 79| 171| 28|  28|  0| 176|  0|   176 |     0|       188 |         82| 135|  13|
|  29| 38| 170|  1|  27|  1| 176|  0|   176 |     0|       191 |          3|  57|  78|
| 188| 41|  31| 61|  27|  0| 176|  0|   176 |     0|       198 |          7|  45|  12|
| 198| 10| 177| 54|  27|  0| 176|  0|   176 |     0|        29 |         31|  43|   2|
|  45| 47|  53| 76|  27|  0| 176|  0|   176 |     0|        43 |         14|  48|   5|
| 148| 97| 199| 54|  27|  0| 177|  1|   177 |     1|        45 |          2|  71|  23|
|  43| 95|  99|100|  27|  0| 177|  0|   177 |     0|        57 |         12|  82|  11|
|  57| 14| 109| 10|  26|  1| 177|  0|   177 |     0|       135 |         78| 165|  83|
| 135| 78|  89| 20|  26|  0| 177|  0|   177 |     0|       148 |         13| 180|  15|
| 180| 45| 199| 90|  26|  0| 178|  1|   178 |     1|       165 |         17| 155|  25|
|  71| 91| 125| 74|  25|  1| 178|  0|   178 |     0|       180 |         15|  38|  83|
|  48| 23|  96| 29|  25|  0| 178|  0|   178 |     0|        82 |         98|  28|  10|
| 165| 83|  48| 48|  25|  0| 178|  0|   178 |     0|        71 |         11|  19|   9|
|  82| 83| 112| 64|  25|  0| 178|  0|   178 |     0|        48 |         23| 185|  34|
| 155| 73|  32| 80|  25|  0| 179|  1|   179 |     1|       155 |         93| 152|  33|
|  19| 64|  27|  5|  25|  0| 179|  0|   179 |     0|       185 |         30| 130|  22|
| 185| 34| 191| 36|  25|  0| 179|  0|   179 |     0|        38 |         53|  97|  33|
|  38| 53|  99| 92|  24|  1| 180|  1|   180 |     1|        28 |         10|  54|  43|
|  28| 10| 188| 89|  23|  1| 180|  0|   180 |     0|        19 |          9|  39|  15|
|  97| 69|  61| 73|  23|  0| 180|  0|   180 |     0|        39 |         20|   4|  35|
| 152| 55| 168| 93|  23|  0| 180|  0|   180 |     0|        54 |         15|  58|  54|
|  39| 87| 165|  3|  23|  0| 180|  0|   180 |     0|        97 |         43|  75|  17|
| 130| 91| 194| 29|  22|  1| 181|  1|   181 |     1|       130 |         33| 117|  42|
|  54| 76| 186|  8|  22|  0| 181|  0|   181 |     0|       152 |         22| 138|  21|
|   4| 50| 159| 27|  22|  0| 181|  0|   181 |     0|       138 |         14|  95|  43|
|  58| 54|  86| 73|  22|  0| 181|  0|   181 |     0|       117 |         21|  38|  57|
|  75| 17|  78|  8|  22|  0| 181|  0|   181 |     0|        75 |         42|  37|   1|
| 117| 42|  77|  1|  22|  0| 181|  0|   181 |     0|        58 |         17|  27|  10|
| 138| 21|  17| 60|  22|  0| 181|  0|   181 |     0|         4 |         54|   7|  20|
|  95| 43|  70| 53|  22|  0| 182|  1|   182 |     1|         7 |          3|  19|  12|
|  38| 57|  97| 27|  21|  1| 182|  0|   182 |     0|        27 |         20|  43|  24|
|  27| 11| 194| 97|  21|  0| 182|  0|   182 |     0|        37 |         10|  78|  35|
|  37| 10|  35| 41|  21|  0| 182|  0|   182 |     0|        38 |          1| 139|  61|
|   7| 30|  95| 60|  21|  0| 182|  0|   182 |     0|        95 |         57| 144|   5|
| 139| 68|  51| 44|  20|  1| 182|  0|   182 |     0|       139 |         44| 129|  15|
| 144|  5|  44|  7|  20|  0| 183|  1|   183 |     1|       144 |          5|  87|  42|
|  78| 66| 182| 62|  20|  0| 183|  0|   183 |     0|        78 |         66|  81|   6|
|  19| 59| 142| 40|  20|  0| 183|  0|   183 |     0|        43 |         35|  66|  15|
|  43| 24| 185| 43|  20|  0| 183|  0|   183 |     0|        19 |         24|  59|   7|
|  59| 16|  71| 86|  20|  0| 183|  0|   183 |     0|        59 |         40|  93|  34|
|  66|  7|  74|  3|  19|  1| 184|  1|   184 |     1|        66 |          7| 156|  63|
| 129| 63|  40| 34|  19|  0| 184|  0|   184 |     0|        81 |         15| 165|   9|
|  87| 42|  63| 23|  19|  0| 184|  0|   184 |     0|        87 |          6| 184|  19|
|  81|  6| 129| 66|  19|  0| 184|  0|   184 |     0|       129 |         42|  32|  48|
|  93| 12| 128|  1|  19|  0| 184|  0|   184 |     0|        93 |         36|  90|  58|
| 184| 91| 172| 44|  19|  0| 184|  0|   184 |     0|        32 |         61|  99|   9|
| 156| 28|  15| 43|  19|  0| 184|  0|   184 |     0|       156 |         76| 183|  84|
|  32| 76| 158| 57|  18|  1| 184|  0|   184 |     0|       165 |          9| 199|  16|
| 165| 67|  13| 55|  18|  0| 184|  0|   184 |     0|       184 |         19|  15|  16|
| 199| 34| 181| 32|  18|  0| 185|  1|   185 |     1|       199 |         15|  48|  33|
|  90| 91| 142| 39|  18|  0| 185|  0|   185 |     0|       183 |         16|  63|  15|
|  99|  9|  57| 85|  18|  0| 185|  0|   185 |     0|        99 |         84|  76|  13|
| 183| 84|  62|  5|  17|  1| 185|  0|   185 |     0|        90 |          9| 189|  87|
|  15| 32| 176| 86|  17|  0| 185|  0|   185 |     0|        15 |         75| 198|   9|
|  48| 33|  65| 89|  17|  0| 185|  0|   185 |     0|        48 |         33| 198|   0|
|  63| 15|  11| 54|  17|  0| 186|  1|   186 |     1|        63 |         15| 191|   7|
| 198| 65|  85| 74|  17|  0| 186|  0|   186 |     0|        76 |         13| 188|   3|
| 189|  9|  60| 25|  17|  0| 186|  0|   186 |     0|       189 |         87|  70|  82|
|  76| 87|  44| 16|  17|  0| 186|  0|   186 |     0|       198 |          9|  29|  41|
| 117| 41| 188| 56|  17|  0| 186|  0|   186 |     0|       193 |          5| 117|  88|
| 184| 67|  89| 99|  16|  1| 186|  0|   186 |     0|       187 |          6| 184|  67|
|   1| 17| 192| 97|  16|  0| 187|  1|   187 |     1|       184 |          3| 187|   3|
| 193|  8|   8| 16|  16|  0| 187|  0|   187 |     0|       117 |         67| 193|   6|
| 187|  6|  14|  6|  16|  0| 187|  0|   187 |     0|         1 |         84|   1|   8|
| 131| 56|  71| 57|  15|  1| 187|  0|   187 |     0|       121 |         80|  97|  96|
| 121| 10|  17| 54|  15|  0| 187|  0|   187 |     0|       131 |         10| 114|  17|
| 151| 30| 102| 85|  15|  0| 188|  1|   188 |     1|       151 |         20| 143|  29|
| 152|  1| 102|  0|  15|  0| 188|  0|   188 |     0|       152 |          1| 156|  13|
| 175| 23| 196| 94|  14|  1| 188|  0|   188 |     0|       175 |         23| 172|  16|
| 156| 19| 122| 74|  14|  0| 188|  0|   188 |     0|       172 |          3| 152|  20|
| 172| 16| 189| 67|  14|  0| 188|  0|   188 |     0|       156 |         16| 151|   1|
| 143| 29|  51| 62|  14|  0| 188|  0|   188 |     0|       143 |         13| 131|  20|
| 114| 29|   9| 42|  14|  0| 188|  0|   188 |     0|       114 |         29| 121|  10|
|  97| 17|   9|  0|  14|  0| 189|  1|   189 |     1|        97 |         17| 175|  54|
| 150| 53|  58| 49|  14|  0| 189|  0|   189 |     0|       101 |          4| 150|  25|
| 104| 46| 200| 58|  14|  0| 189|  0|   189 |     0|       104 |          3| 146|   4|
| 146| 42|  36| 36|  13|  1| 189|  0|   189 |     0|       146 |         42| 104|  42|
|  63| 83|  68| 32|  13|  0| 189|  0|   189 |     0|       150 |          4| 101|   3|
| 101| 38|  48| 20|  13|  0| 191|  2|   191 |     2|        63 |         87|  63|  38|
|  72| 29|  59| 11|  13|  0| 191|  0|   191 |     0|        71 |          8|  71|   8|
|  71|  1|  47| 12|  12|  1| 191|  0|   191 |     0|        72 |          1|  72|   1|
| 136| 65| 110| 63|  12|  0| 191|  0|   191 |     0|       129 |         57| 129|  57|
| 166| 30|  28| 82|  12|  0| 191|  0|   191 |     0|       136 |          7| 136|   7|
| 129| 37|  50| 22|  12|  0| 191|  0|   191 |     0|       166 |         30| 166|  30|
| 105| 24| 129| 79|  12|  0| 192|  1|   192 |     1|       159 |          7| 159|   7|
| 143| 38| 141| 12|  11|  1| 193|  1|   193 |     1|       156 |          3| 156|   3|
| 159| 16| 185| 44|  11|  0| 193|  0|   193 |     0|       143 |         13| 143|  13|
| 136| 23|  74| 89|  11|  0| 193|  0|   193 |     0|       136 |          7| 136|   7|
| 156| 20| 112| 38|  11|  0| 193|  0|   193 |     0|       105 |         31| 105|  31|
|  82| 74|  86| 26|  11|  0| 193|  0|   193 |     0|       105 |          0| 105|   0|
| 167| 85|  86|  0|  11|  0| 193|  0|   193 |     0|        82 |         23|  82|  23|
|  34| 67|   7| 79|  11|  0| 194|  1|   194 |     1|        34 |         48|  34|  48|
| 105| 71|  92| 85|   9|  2| 194|  0|   194 |     0|       167 |         67| 167|  67|
| 170| 65|  87|  5|   9|  0| 194|  0|   194 |     0|       170 |          3| 170|   3|
|  28| 58| 181| 94|   9|  0| 194|  0|   194 |     0|       165 |          5| 139|  31|
| 122| 94| 142| 39|   9|  0| 195|  1|   195 |     1|       122 |         43| 102|  37|
|  21| 99| 147|  5|   9|  0| 195|  0|   195 |     0|        45 |         77|  67|  35|
|  45| 24|  74| 73|   9|  0| 195|  0|   195 |     0|        28 |         17|   2|  65|
| 165| 80| 119| 45|   8|  1| 195|  0|   195 |     0|        21 |          7| 188|  14|
| 102| 63|  72| 47|   8|  0| 195|  0|   195 |     0|        67 |         46| 165|  23|
|   2|100| 131| 59|   8|  0| 195|  0|   195 |     0|       102 |         35| 122|  43|
|  67| 65| 125|  6|   8|  0| 195|  0|   195 |     0|       139 |         37|  45|  77|
| 188| 79| 188| 63|   7|  1| 195|  0|   195 |     0|       188 |         49|  28|  17|
| 139| 49| 136| 52|   7|  0| 195|  0|   195 |     0|         2 |         14|  21|   7|
| 186| 47|  63| 73|   7|  0| 196|  1|   196 |     1|        19 |         17|  88|  67|
|  19| 33| 106| 43|   7|  0| 196|  0|   196 |     0|        88 |         69| 131|  43|
| 131| 88| 158| 52|   7|  0| 196|  0|   196 |     0|       131 |         43| 145|  14|
|  88| 43| 200| 42|   7|  0| 196|  0|   196 |     0|       145 |         14| 186|  41|
| 145| 57| 175| 25|   7|  0| 196|  0|   196 |     0|       186 |         41|  19|  33|
| 111| 34|   1| 26|   7|  0| 196|  0|   196 |     0|       120 |         66|  38|  19|
|  54| 57|  20| 19|   7|  0| 197|  1|   197 |     1|       111 |          9|  58|  20|
| 103| 49|  11|  9|   6|  1| 197|  0|   197 |     0|       103 |          8|  70|  12|
|  70| 33|   7|  4|   6|  0| 197|  0|   197 |     0|        70 |         33| 149|  79|
| 120| 50| 121| 86|   6|  0| 197|  0|   197 |     0|        54 |         16| 170|  21|
| 170| 50|  84| 37|   6|  0| 198|  1|   198 |     1|        58 |          4| 153|  17|
|  58| 88|  79|  5|   6|  0| 198|  0|   198 |     0|        70 |         12|  68|  85|
|  38| 20|  50| 29|   6|  0| 198|  0|   198 |     0|       149 |         79|  54|  14|
| 149| 89| 150|100|   6|  0| 198|  0|   198 |     0|       170 |         21|  25|  29|
|  70| 79|  30| 80|   5|  1| 198|  0|   198 |     0|        38 |         68|  20|   5|
|  20| 50| 180| 50|   5|  0| 198|  0|   198 |     0|        25 |         13|  23|   3|
|  68| 48| 151| 29|   5|  0| 198|  0|   198 |     0|        20 |          5|  32|   9|
|  25| 43| 116| 35|   4|  1| 199|  1|   199 |     1|        54 |         34|  57|  25|
| 153| 72| 110|  6|   4|  0| 199|  0|   199 |     0|        68 |         14|  83|  26|
|  54| 99|  24| 86|   4|  0| 199|  0|   199 |     0|       153 |         85|   2|  81|
|  23| 31|  43| 19|   4|  0| 199|  0|   199 |     0|        83 |         70|  89|  87|
|   2| 21|  78| 35|   4|  0| 199|  0|   199 |     0|        57 |         26| 153|  64|
|  83| 81| 152| 74|   4|  0| 200|  1|   200 |     1|        32 |         25| 153|   0|
|  57| 26|  75| 77|   3|  1| 200|  0|   200 |     0|        23 |          9| 180|  27|
|  32| 25|  40| 35|   3|  0| 200|  0|   200 |     0|         2 |         21| 189|   9|
| 180| 52|  67| 27|   3|  0| 200|  0|   200 |     0|        89 |         87| 120|  69|
| 153| 27| 116| 49|   2|  1| 200|  0|   200 |     0|       153 |         64| 111|   9|
|  89| 64| 141| 25|   2|  0| 200|  0|   200 |     0|       153 |          0| 103|   8|
| 153| 64| 199| 58|   2|  0| 200|  0|   200 |     0|       180 |         27|  70|  33|
--------------------------------------------------------------------------------------
|  122 ns|  226 ns|   83 ns|   85 ns|        100 ns|                  86 ns|   168 ns|
--------------------------------------------------------------------------------------
|   48 ns|   48 ns|    0 ns|    0 ns|          0 ns|                  32 ns|    32 ns|
--------------------------------------------------------------------------------------
|  FIFO  |  LIFO  |  SSTF  |  SCAN  |    C-SCAN    |      N-STEP-SCAN      |  FSCAN  |
--------------------------------------------------------------------------------------
