
The table is organized as such:
| Policy Name |
| Starting Track |
| Next track | Tracks Moved |
| ... |
| Average Seek Length |
| Average Seek Time |
--------------------------------------------------------------------------------------
|  FIFO  |  LIFO  |  SSTF  |  SCAN  |    C-SCAN    |      N-STEP-SCAN      |  FSCAN  |
--------------------------------------------------------------------------------------
|     1  |     1  |     1  |     1  |         1    |                1      |      1  |
--------------------------------------------------------------------------------------
|  17| 16| 172| 29|   1|  0|   1|  0|     1 |     0|        11 |         10|  11|  10|
|  40| 23| 111| 61|   1|  0|   1|  0|     1 |     0|        17 |          6|  17|   6|
| 117| 77| 178| 67|   1|  0|   1|  0|     1 |     0|        39 |         22|  39|  22|
|  39| 78|  91| 87|   2|  1|   2|  1|     2 |     1|        40 |          1|  40|   1|
|  11| 28|  23| 68|   2|  0|   2|  0|     2 |     0|       117 |         77| 117|  77|
|  92| 81|  24|  1|   3|  1|   3|  1|     3 |     1|        92 |         25|  66|  51|
|  52| 40|  31|  7|   3|  0|   3|  0|     3 |     0|        69 |         23|  54|  12|
| 170| 82|  56| 25|   3|  0|   3|  0|     3 |     0|        52 |         17| 140|  86|
|  69| 99| 114| 58|   3|  0|   3|  0|     3 |     0|        23 |         29| 144|   4|
|  23| 46| 175| 61|   3|  0|   3|  0|     3 |     0|       170 |         53| 167|  23|
|  54| 31|  80| 95|   3|  0|   3|  0|     3 |     0|       167 |          3| 131|  36|
|  66| 12| 147| 67|   3|  0|   3|  0|     3 |     0|       144 |         23|  94|  37|
| 167| 99|  26| 79|   3|  0|   3|  0|     3 |     0|       140 |          4|  13|  81|
| 140| 27|  79| 53|   4|  1|   4|  1|     4 |     1|        66 |         74|   9|   4|
| 144|  4|  51| 28|   4|  0|   4|  0|     4 |     0|        54 |         12| 198|  11|
|  13| 69| 167| 84|   4|  0|   4|  0|     4 |     0|        13 |         41| 198|   0|
|  94| 81|  22| 55|   4|  0|   4|  0|     4 |     0|         9 |          4| 140|  58|
| 131| 37| 126| 96|   5|  1|   5|  1|     5 |     1|        94 |         85|  95|  45|
| 198| 67|  93| 33|   5|  0|   5|  0|     5 |     0|       131 |         37|  78|  17|
|   9| 11|  34| 59|   6|  1|   6|  1|     6 |     1|       198 |         67|   3|  75|
| 198| 11|  11| 23|   6|  0|   6|  0|     6 |     0|       198 |          0|  68|  65|
| 140| 58|  63| 52|   7|  1|   7|  1|     7 |     1|       140 |         58|  73|   5|
|   3| 63|  76| 13|   7|  0|   7|  0|     7 |     0|        95 |         45|  79|   6|
|  78| 75|  56| 20|   7|  0|   7|  0|     7 |     0|        78 |         17| 120|  41|
|  95| 17|  37| 19|   7|  0|   7|  0|     7 |     0|         3 |         75| 198|  78|
|  79| 16| 196| 41|   8|  1|   8|  1|     8 |     1|        68 |         65| 123|  75|
|  68| 11|  12| 16|   8|  0|   8|  0|     8 |     0|        73 |          5|  53|  70|
| 198| 70| 116| 96|   8|  0|   8|  0|     8 |     0|        79 |          6|  23|  30|
| 120| 78|  14| 98|   8|  0|   8|  0|     8 |     0|       120 |         41|  18|   5|
|  73| 47| 131| 83|   8|  0|   8|  0|     8 |     0|       198 |         78|   6|  12|
|   6| 67| 113| 18|   9|  1|   9|  1|     9 |     1|       123 |         75|  46|  40|
| 123| 83|  14| 99|   9|  0|   9|  0|     9 |     0|        53 |         70|  83|  37|
|  53| 70|  85| 71|   9|  0|   9|  0|     9 |     0|        23 |         30| 116|  33|
|  18| 35| 171| 86|   9|  0|   9|  0|     9 |     0|        18 |          5| 166|  50|
|  23|  5|   4| 33|   9|  0|   9|  0|     9 |     0|         6 |         12| 172|   6|
| 166| 57| 122| 82|   9|  0|   9|  0|     9 |     0|        46 |         40| 131|  41|
| 116| 50| 196| 74|   9|  0|   9|  0|     9 |     0|        83 |         37|  78|  53|
| 172| 56| 176| 20|   9|  0|   9|  0|     9 |     0|       116 |         33|  74|   4|
|  83| 89| 123| 53|  10|  1|  10|  1|    10 |     1|       166 |         50|  35|  39|
|  46| 37|  33| 90|  10|  0|  10|  0|    10 |     0|       172 |          6|  16|  19|
|  16| 30|  61| 28|  10|  0|  10|  0|    10 |     0|       131 |         41|  29|  13|
|  78| 62|  26| 35|  10|  0|  10|  0|    10 |     0|        78 |         53|  33|   4|
|  74|  4| 159| 67|  11|  1|  11|  1|    11 |     1|        74 |          4|  84|  51|
|  35| 39| 107| 52|  11|  0|  11|  0|    11 |     0|        35 |         39| 124|  40|
| 131| 96| 142| 35|  11|  0|  11|  0|    11 |     0|        16 |         19| 173|  49|
| 124|  7| 127| 15|  11|  0|  11|  0|    11 |     0|        29 |         13| 134|  39|
|  33| 91| 178| 51|  11|  0|  11|  0|    11 |     0|        33 |          4|  78|  56|
|  84| 51| 170|  8|  11|  0|  11|  0|    11 |     0|        84 |         51|  67|  11|
|  29| 55| 172|  2|  11|  0|  11|  0|    11 |     0|       124 |         40|  31|  36|
| 173| 56|   5| 33|  11|  0|  11|  0|    11 |     0|       173 |         49|   9|  22|
|  31| 58|  70| 65|  11|  0|  11|  0|    11 |     0|       134 |         39|   8|   1|
| 134| 97| 161| 91|  11|  0|  11|  0|    11 |     0|        78 |         56|  33|  25|
|  78| 56|  97| 64|  12|  1|  12|  1|    12 |     1|        67 |         11|  53|  20|
|  67| 11|  70| 27|  12|  0|  12|  0|    12 |     0|        31 |         36|  86|  33|
|   9| 58|  67|  3|  12|  0|  12|  0|    12 |     0|         9 |         22| 134|  48|
|   8|  1| 177| 90|  12|  0|  12|  0|    12 |     0|         8 |          1| 104|  30|
|  53| 45| 175|  2|  12|  0|  12|  0|    12 |     0|        33 |         25|  46|  58|
|  33| 20|  44| 69|  13|  1|  13|  1|    13 |     1|        53 |         20|  16|  30|
|  86| 53|  72| 28|  13|  0|  13|  0|    13 |     0|        86 |         33| 166|  50|
| 134| 48| 134| 62|  13|  0|  13|  0|    13 |     0|       134 |         48| 199|  33|
|  46| 88| 108| 26|  13|  0|  13|  0|    13 |     0|       104 |         30| 150|  49|
|  16| 30|  71| 37|  14|  1|  14|  1|    14 |     1|        46 |         58| 149|   1|
| 104| 88|  58| 13|  14|  0|  14|  0|    14 |     0|        16 |         30| 131|  18|
| 199| 95| 146| 88|  14|  0|  14|  0|    14 |     0|       166 |         50| 113|  18|
| 166| 33|  52| 94|  14|  0|  14|  0|    14 |     0|       199 |         33|  95|  18|
| 113| 53|  19| 33|  15|  1|  15|  1|    15 |     1|       150 |         49|  61|  34|
| 131| 18| 196| 23|  15|  0|  15|  0|    15 |     0|       149 |          1|  37|  24|
|  95| 36|  75| 79|  15|  0|  15|  0|    15 |     0|       131 |         18|  13|  24|
| 150| 55| 153| 78|  15|  0|  15|  0|    15 |     0|       113 |         18|  11|   2|
| 149|  1| 149|  4|  15|  0|  15|  0|    15 |     0|        95 |         18| 157|  54|
|  37| 88| 111| 38|  15|  0|  15|  0|    15 |     0|        61 |         34| 153|   4|
| 157| 80| 114|  3|  16|  1|  16|  1|    16 |     1|        37 |         24| 133|  20|
|  61| 96|  62| 52|  16|  0|  16|  0|    16 |     0|        13 |         24|  67|  66|
|  11| 50|  89| 27|  16|  0|  16|  0|    16 |     0|        11 |          2|  64|   3|
|  13|  2| 182| 93|  16|  0|  16|  0|    16 |     0|       157 |         54|  62|   2|
|  67| 54| 128| 54|  16|  0|  16|  0|    16 |     0|       153 |          4|  73|  11|
| 133| 66| 165| 37|  16|  0|  16|  0|    16 |     0|       133 |         20| 106|  33|
|  62| 71| 166|  1|  16|  0|  16|  0|    16 |     0|        67 |         66| 136|  30|
|  64|  2|  18| 52|  16|  0|  16|  0|    16 |     0|        64 |          3|  39|  97|
| 153| 89|  26|  8|  17|  1|  17|  1|    17 |     1|        62 |          2|  23|  16|
| 106| 47|  67| 41|  17|  0|  17|  0|    17 |     0|        73 |         11|  23|   0|
|  23| 83| 155| 88|  17|  0|  17|  0|    17 |     0|       106 |         33|  34|  11|
| 136| 87|  78| 77|  17|  0|  17|  0|    17 |     0|       136 |         30|  62|  28|
|  39| 97| 196| 82|  17|  0|  17|  0|    17 |     0|        39 |         97|  63|   1|
|  73| 34| 153| 43|  17|  0|  17|  0|    17 |     0|        23 |         16|  84|  21|
|  62| 11|  95| 58|  18|  1|  18|  1|    18 |     1|        23 |          0|  94|  10|
|  63|  1| 186| 91|  18|  0|  18|  0|    18 |     0|        34 |         11| 161|  67|
|  84| 21| 179|  7|  18|  0|  18|  0|    18 |     0|        62 |         28|  46|  85|
|  23| 61|  52| 73|  18|  0|  18|  0|    18 |     0|        63 |          1|  28|  18|
|  34| 11| 186| 66|  19|  1|  19|  1|    19 |     1|        84 |         21|  22|   6|
| 161| 73| 104| 82|  19|  0|  19|  0|    19 |     0|        94 |         10|  16|   6|
|  28| 67|  24| 80|  19|  0|  19|  0|    19 |     0|       161 |         67|  33|  17|
|  46| 18| 159| 65|  19|  0|  19|  0|    19 |     0|        46 |         85|  45|  12|
|  22| 24| 144| 15|  20|  1|  20|  1|    20 |     1|        28 |         18| 131|  86|
|  94| 72|  93| 51|  20|  0|  20|  0|    20 |     0|        22 |          6| 190|  59|
|  16| 78| 129| 36|  20|  0|  20|  0|    20 |     0|        16 |          6| 170|  20|
|  45| 29| 151| 22|  20|  0|  20|  0|    20 |     0|        33 |         17|  92|  78|
| 131| 86|  12| 61|  20|  0|  20|  0|    20 |     0|        45 |         12|  69|  23|
|  33| 98|  90| 78|  20|  0|  20|  0|    20 |     0|       131 |         86|  52|  17|
| 190| 43| 161| 71|  21|  1|  21|  1|    21 |     1|       190 |         59|  23|  29|
|  84| 94| 115| 46|  21|  0|  21|  0|    21 |     0|       170 |         20|  96|  73|
| 133| 49|  47| 68|  21|  0|  21|  0|    21 |     0|       133 |         37| 135|  39|
| 124|  9|  40|  7|  21|  0|  21|  0|    21 |     0|       124 |          9| 147|  12|
| 170| 46| 200| 40|  21|  0|  21|  0|    21 |     0|        87 |         37| 161|  14|
|  87| 83|  55| 55|  21|  0|  21|  0|    21 |     0|        84 |          3| 170|   9|
| 170| 83| 121| 66|  22|  1|  22|  1|    22 |     1|        96 |         12| 170|   0|
| 135| 35| 177| 56|  22|  0|  22|  0|    22 |     0|       135 |         39| 133|  37|
| 147| 12| 135| 42|  22|  0|  22|  0|    22 |     0|       147 |         12| 124|   9|
| 161| 14|   3| 68|  22|  0|  22|  0|    22 |     0|       161 |         14|  87|  37|
|  96| 65| 135| 68|  22|  0|  22|  0|    22 |     0|       170 |          9|  84|   3|
|  14| 82| 144|  9|  23|  1|  23|  1|    23 |     1|       164 |          6| 104|  20|
|  80| 66|  74| 70|  23|  0|  23|  0|    23 |     0|       124 |         40| 115|  11|
| 164| 84|  79|  5|  23|  0|  23|  0|    23 |     0|        85 |         39| 129|  14|
| 124| 40|  99| 20|  23|  0|  23|  0|    23 |     0|        80 |          5| 140|  11|
|  85| 39|  59| 40|  23|  0|  23|  0|    23 |     0|        14 |         66|  23|  83|
| 140| 55| 131| 72|  23|  0|  23|  0|    23 |     0|        23 |          9|  40|  17|
| 115| 25|  34| 97|  23|  0|  23|  0|    23 |     0|       104 |         81|  72|  32|
|  23| 92|  92| 58|  23|  0|  23|  0|    23 |     0|       115 |         11|  98|  26|
| 104| 81|  74| 18|  23|  0|  23|  0|    23 |     0|       129 |         14| 160|  62|
| 129| 25| 194| 80|  24|  1|  24|  1|    24 |     1|       140 |         11|  17|  57|
|  98| 31|  47| 53|  24|  0|  24|  0|    24 |     0|        98 |         42|  86|  69|
| 160| 62| 153| 94|  24|  0|  24|  0|    24 |     0|        72 |         26| 118|  32|
|  72| 88|  46| 93|  24|  0|  24|  0|    24 |     0|        40 |         32| 131|  13|
|  17| 55| 135| 89|  24|  0|  24|  0|    24 |     0|        17 |         23| 167|  36|
|  40| 23| 109| 26|  25|  1|  25|  1|    25 |     1|       160 |         57| 187|  20|
| 167| 73|  72| 37|  25|  0|  25|  0|    25 |     0|       167 |          7| 100|  87|
| 131| 36| 191| 81|  25|  0|  25|  0|    25 |     0|       187 |         20|  73|  27|
| 187| 56|  35| 44|  25|  0|  25|  0|    25 |     0|       131 |         56|  57|  16|
| 118| 69|  15| 20|  26|  1|  26|  1|    26 |     1|       118 |         13|  34|  23|
|  86| 32|  43| 28|  26|  0|  26|  0|    26 |     0|        86 |         32| 191|  43|
|  57| 29| 178| 65|  26|  0|  26|  0|    26 |     0|        73 |         13| 186|   5|
|  34| 23| 160| 18|  26|  0|  26|  0|    26 |     0|        57 |         16| 151|  35|
| 191| 43| 193| 33|  26|  0|  26|  0|    26 |     0|        34 |         23| 109|  42|
| 100| 91| 136| 57|  26|  0|  26|  0|    26 |     0|       100 |         66|  83|  26|
|  73| 27|  68| 68|  26|  0|  26|  0|    26 |     0|       191 |         91|  77|   6|
| 186| 87| 186| 82|  27|  1|  27|  1|    27 |     1|       186 |          5|  93|  16|
| 109| 77|  27| 41|  27|  0|  27|  0|    27 |     0|       151 |         35| 123|  30|
| 151| 42|  35|  8|  27|  0|  27|  0|    27 |     0|       109 |         42| 170|  47|
|  83| 68|  82| 47|  27|  0|  27|  0|    27 |     0|        83 |         26| 175|   5|
|  77|  6| 156| 74|  27|  0|  27|  0|    27 |     0|        77 |          6|  40|  65|
| 175| 98|  95| 61|  27|  0|  27|  0|    27 |     0|        93 |         16| 105|  65|
|  93| 82|  75| 20|  27|  0|  27|  0|    27 |     0|       123 |         30| 175|  70|
| 123| 30|  44| 31|  28|  1|  28|  1|    28 |     1|       170 |         47|  27|  52|
|  40| 83|  57| 13|  28|  0|  28|  0|    28 |     0|       175 |          5|  20|   7|
| 170| 70| 116| 59|  28|  0|  28|  0|    28 |     0|        40 |         65|   9|  11|
| 105| 65|  72| 44|  28|  0|  28|  0|    28 |     0|       105 |         65|  23|  14|
| 175| 70|  88| 16|  28|  0|  28|  0|    28 |     0|       175 |         70|  37|  14|
|  20| 45| 197| 91|  28|  0|  28|  0|    28 |     0|        27 |         52|  72|  35|
|  27|  7|  26| 29|  29|  1|  29|  1|    29 |     1|        20 |          7| 145|  73|
|   9| 18|  87| 61|  29|  0|  29|  0|    29 |     0|         9 |         11| 158|  13|
| 145| 64|  74| 13|  29|  0|  29|  0|    29 |     0|        23 |         14| 154|   4|
|  23| 78| 130| 56|  30|  1|  30|  1|    30 |     1|        37 |         14| 132|  22|
| 158| 65|  43| 87|  30|  0|  30|  0|    30 |     0|        72 |         35| 108|  24|
|  72| 86| 129| 86|  30|  0|  30|  0|    30 |     0|       145 |         73|  43|  65|
|  37| 35| 164| 35|  30|  0|  30|  0|    30 |     0|       158 |         13|   4|  39|
| 132| 95|  32| 68|  30|  0|  30|  0|    30 |     0|       154 |          4|  14|  10|
|  43| 89|  69| 37|  31|  1|  31|  1|    31 |     1|       132 |         22|  80|  66|
| 108| 65|  54| 15|  31|  0|  31|  0|    31 |     0|       108 |         24|  85|   5|
|   4| 96| 142| 88|  31|  0|  31|  0|    31 |     0|        43 |         65| 124|  39|
| 154| 50| 166| 24|  31|  0|  31|  0|    31 |     0|         4 |         39| 164|  40|
| 121| 33| 112| 54|  31|  0|  31|  0|    31 |     0|        33 |         29| 141|  23|
|  64| 57|  38| 74|  32|  1|  32|  1|    32 |     1|        46 |         13| 121|  20|
| 141| 77| 157| 81|  32|  0|  32|  0|    32 |     0|        64 |         18|  64|  57|
|  33| 92| 121| 36|  32|  0|  32|  0|    32 |     0|       121 |         57|  46|  18|
|  46| 13| 186| 65|  32|  0|  32|  0|    32 |     0|       141 |         20|  33|  13|
| 160| 86| 199| 13|  33|  1|  33|  1|    33 |     1|       153 |         12|  76|  43|
| 128| 32| 185| 14|  33|  0|  33|  0|    33 |     0|       160 |          7| 128|  52|
| 153| 25|  78| 93|  33|  0|  33|  0|    33 |     0|       167 |          7| 153|  25|
| 167| 14| 109| 31|  33|  0|  33|  0|    33 |     0|       128 |         39| 160|   7|
|  76| 91|  95| 14|  33|  0|  33|  0|    33 |     0|        76 |         52| 167|   7|
|   4| 72| 105| 10|  33|  0|  33|  0|    33 |     0|        43 |         33| 182|  15|
|  43| 39| 111|  6|  33|  0|  33|  0|    33 |     0|         4 |         39| 141|  41|
| 194| 49|  35| 76|  33|  0|  33|  0|    33 |     0|       104 |        100|  75|  66|
| 196|  2| 142| 93|  34|  1|  34|  1|    34 |     1|       194 |         90|  62|  13|
| 104| 92| 167| 25|  34|  0|  34|  0|    34 |     0|       196 |          2|  19|  43|
| 182| 78| 142| 25|  34|  0|  34|  0|    34 |     0|       182 |         14|  38|  19|
|  75| 93|  47| 95|  34|  0|  34|  0|    34 |     0|       141 |         41|  61|  23|
| 141| 66|  66| 19|  34|  0|  34|  0|    34 |     0|        75 |         66|  95|  34|
|  62| 79| 123| 57|  34|  0|  34|  0|    34 |     0|        62 |         13| 146|  51|
|  19| 43|  61| 62|  34|  0|  34|  0|    34 |     0|        19 |         43| 170|  24|
| 146| 73|   3| 58|  35|  1|  35|  1|    35 |     1|        38 |         19| 158|  12|
|  95| 51|  11|  8|  35|  0|  35|  0|    35 |     0|        61 |         23| 150|   8|
| 170| 75|  48| 37|  35|  0|  35|  0|    35 |     0|        95 |         34|  96|  54|
|  61| 91|  49|  1|  35|  0|  35|  0|    35 |     0|       146 |         51|  10|  86|
|  38| 23| 199| 50|  35|  0|  35|  0|    35 |     0|       170 |         24| 187|  23|
| 150| 88| 117| 82|  35|  0|  35|  0|    35 |     0|       158 |         12| 168|  19|
| 158|  8| 185| 68|  35|  0|  35|  0|    35 |     0|       150 |          8| 142|  26|
|  10| 52| 113| 72|  35|  0|  35|  0|    35 |     0|        96 |         54| 123|  19|
|  96| 86|  64| 49|  36|  1|  36|  1|    36 |     1|        10 |         86|  84|  39|
| 187| 91|  60|  4|  37|  1|  37|  1|    37 |     1|       187 |         23|  40|  44|
| 142| 45|  66|  6|  37|  0|  37|  0|    37 |     0|       168 |         19| 103|  63|
| 168| 26| 108| 42|  37|  0|  37|  0|    37 |     0|       142 |         26| 182|  79|
|  84| 84|  72| 36|  37|  0|  37|  0|    37 |     0|       123 |         19| 197|  15|
| 123| 39|  93| 21|  38|  1|  38|  1|    38 |     1|        84 |         39|  15|  18|
|  40| 83|  49| 44|  38|  0|  38|  0|    38 |     0|        40 |         44|  12|   3|
| 182| 58|   9| 40|  38|  0|  38|  0|    38 |     0|       103 |         63|  20|   8|
| 197| 15|  33| 24|  38|  0|  38|  0|    38 |     0|       182 |         79| 104|  84|
|  15| 18| 162| 71|  38|  0|  38|  0|    38 |     0|       197 |         15| 107|   3|
| 103| 88| 168|  6|  39|  1|  39|  1|    39 |     1|        15 |         18| 110|   3|
|  12| 91|  21| 53|  39|  0|  39|  0|    39 |     0|        12 |          3| 195|  85|
|  20|  8|  32| 11|  39|  0|  39|  0|    39 |     0|        20 |          8| 139|  56|
| 107| 87| 122| 90|  39|  0|  39|  0|    39 |     0|       104 |         84| 105|  34|
| 104|  3|  57| 65|  40|  1|  40|  1|    40 |     1|       107 |          3|  96|   9|
| 110|  6|  47| 10|  40|  0|  40|  0|    40 |     0|       110 |          3|  47|  49|
| 195| 85|  53|  6|  40|  0|  40|  0|    40 |     0|       195 |         85|  16|  31|
|  47| 52|  26| 27|  40|  0|  40|  0|    40 |     0|       139 |         56|  16|   0|
|  16| 31| 124| 98|  40|  0|  40|  0|    40 |     0|       105 |         34|  22|   6|
|  96| 80| 193| 69|  40|  0|  40|  0|    40 |     0|        96 |          9|  32|  10|
| 105|  9|  26| 33|  40|  0|  40|  0|    40 |     0|        47 |         49|  50|  18|
| 139| 34|   7| 19|  40|  0|  40|  0|    40 |     0|        16 |         31| 142|  92|
|  32| 93| 113| 94|  40|  0|  40|  0|    40 |     0|        16 |          0| 119|  23|
|  50| 18|  65| 48|  40|  0|  40|  0|    40 |     0|        22 |          6|  91|  28|
| 142| 92| 125| 60|  40|  0|  40|  0|    40 |     0|        32 |         10|  13|  78|
|  22| 80| 121|  4|  40|  0|  40|  0|    40 |     0|        50 |         18|   2|  11|
|  16|  6|  15| 94|  41|  1|  41|  1|    41 |     1|       142 |         92| 198|   4|
|   2| 14|  35| 20|  41|  0|  41|  0|    41 |     0|       119 |         23|  88|  90|
|  13| 11|  55| 20|  41|  0|  41|  0|    41 |     0|        91 |         28|  58|  30|
|  91| 78|  50|  5|  42|  1|  42|  1|    42 |     1|        13 |         78|  38|  20|
| 198| 93|  15| 35|  42|  0|  42|  0|    42 |     0|         2 |         11|  35|   3|
| 119| 79| 124| 91|  42|  0|  42|  0|    42 |     0|       198 |          4|   1|  34|
|   1| 82|  90| 34|  43|  1|  43|  1|    43 |     1|        88 |         90|   9|   8|
|  35| 34| 177| 87|  43|  0|  43|  0|    43 |     0|        58 |         30|  11|   2|
|  38|  3|  58| 81|  43|  0|  43|  0|    43 |     0|        38 |         20|  15|   4|
|  58| 20|  28| 30|  43|  0|  43|  0|    43 |     0|        35 |          3| 100|  85|
|  88| 30| 195| 33|  43|  0|  43|  0|    43 |     0|         1 |         34| 193|  93|
|  15| 73| 136| 59|  44|  1|  44|  1|    44 |     1|         9 |          8| 142|  51|
|  11|  4|  68| 68|  44|  0|  44|  0|    44 |     0|        11 |          2| 107|  35|
|   9|  2| 150| 82|  44|  0|  44|  0|    44 |     0|        15 |          4|  72|  35|
| 193| 16|  96| 54|  44|  0|  44|  0|    44 |     0|       100 |         85|  59|  13|
| 100| 93|  55| 41|  44|  0|  44|  0|    44 |     0|       193 |         93|  40|  19|
| 107|  7| 181| 74|  44|  0|  44|  0|    44 |     0|       142 |         51| 116|  76|
| 142| 35|  54| 73|  45|  1|  45|  1|    45 |     1|       107 |         35| 149|  33|
|  72| 70|   6| 48|  46|  1|  46|  1|    46 |     1|        72 |         35| 171|  22|
|  59| 13|  27| 21|  46|  0|  46|  0|    46 |     0|        59 |         13| 185|  14|
|  40| 19| 188| 39|  46|  0|  46|  0|    46 |     0|        40 |         19| 193|   8|
| 116| 76|  13| 25|  46|  0|  46|  0|    46 |     0|       116 |         76| 143|  50|
| 185| 69| 186| 27|  46|  0|  46|  0|    46 |     0|       149 |         33|  72|  71|
| 149| 36|  61| 75|  46|  0|  46|  0|    46 |     0|       171 |         22|  28|  44|
| 193| 44|  20| 41|  46|  0|  46|  0|    46 |     0|       185 |         14|  26|   2|
| 171| 22|  17|  3|  46|  0|  46|  0|    46 |     0|       193 |          8|  20|   6|
|  26| 55|  34| 17|  46|  0|  46|  0|    46 |     0|       143 |         50|  63|  43|
| 143| 83|  90| 56|  47|  1|  47|  1|    47 |     1|        72 |         71|  81|  18|
|  28| 85| 140| 50|  47|  0|  47|  0|    47 |     0|        28 |         44| 131|  50|
|  20|  8| 100| 40|  47|  0|  47|  0|    47 |     0|        26 |          2| 192|  61|
|  72| 52|  92|  8|  47|  0|  47|  0|    47 |     0|        20 |          6|  12|  20|
| 192| 80|   7| 85|  47|  0|  47|  0|    47 |     0|        63 |         43|  71|  59|
| 131| 61| 127| 80|  47|  0|  47|  0|    47 |     0|        81 |         18|  86|  15|
|  12| 81|  97| 30|  47|  0|  47|  0|    47 |     0|       131 |         50| 102|  16|
|  81| 69| 182| 85|  47|  0|  47|  0|    47 |     0|       192 |         61| 193|  91|
|  63| 18|  75| 93|  48|  1|  48|  1|    48 |     1|        12 |         20|  11|  18|
| 193| 70| 163| 88|  48|  0|  48|  0|    48 |     0|        71 |         59|  68|  57|
|  11| 18|  29| 66|  48|  0|  48|  0|    48 |     0|        86 |         15|  73|   5|
| 102| 91| 136| 93|  48|  0|  48|  0|    48 |     0|       102 |         16| 105|  32|
|  86| 16| 148| 12|  49|  1|  49|  1|    49 |     1|       193 |         91| 130|  25|
|  71| 15| 111| 37|  49|  0|  49|  0|    49 |     0|        11 |         18| 142|  12|
|  73|  2|  82| 29|  49|  0|  49|  0|    49 |     0|        68 |         57| 120|  22|
|  68|  5|  30| 52|  49|  0|  49|  0|    49 |     0|        73 |          5|  78|  42|
| 130| 62|  38|  8|  49|  0|  49|  0|    49 |     0|       105 |         32|  55|  23|
| 142| 12| 183| 55|  49|  0|  49|  0|    49 |     0|       130 |         25|  30|  25|
| 105| 37| 185|  2|  50|  1|  50|  1|    50 |     1|       142 |         12| 182|  48|
|  78| 27| 198| 13|  50|  0|  50|  0|    50 |     0|       120 |         22| 171|  11|
|  55| 23|  84| 86|  50|  0|  50|  0|    50 |     0|        78 |         42| 156|  15|
| 120| 65| 138| 54|  50|  0|  50|  0|    50 |     0|        55 |         23| 103|  53|
|  30| 90|  63| 75|  51|  1|  51|  1|    51 |     1|        30 |         25|  19|  84|
| 182| 48| 148| 85|  51|  0|  51|  0|    51 |     0|       182 |         48|  16|   3|
| 156| 26|  40| 92|  51|  0|  51|  0|    51 |     0|       171 |         11| 114|  98|
|  16| 60|   7| 33|  51|  0|  51|  0|    51 |     0|       156 |         15| 155|  41|
| 103| 87| 188| 19|  52|  1|  52|  1|    52 |     1|       103 |         53| 167|  12|
|  19| 84| 182|  6|  52|  0|  52|  0|    52 |     0|        19 |         84| 167|   0|
| 171| 48|  25| 43|  52|  0|  52|  0|    52 |     0|        16 |          3|   1|  34|
| 167|  4|  12| 13|  52|  0|  52|  0|    52 |     0|       114 |         98|  80|  79|
| 167|  0| 134| 78|  52|  0|  52|  0|    52 |     0|       155 |         41|  94|  14|
| 114| 53|  30| 96|  53|  1|  53|  1|    53 |     1|       167 |         12| 116|  22|
| 155| 41| 130|100|  53|  0|  53|  0|    53 |     0|       167 |          0| 133|  17|
|   1| 46| 178| 48|  53|  0|  53|  0|    53 |     0|         1 |         34| 200|  67|
| 200|  1|  11| 33|  53|  0|  53|  0|    53 |     0|        80 |         79| 198|   2|
| 116| 84| 132| 79|  54|  1|  54|  1|    54 |     1|        94 |         14| 153|  45|
|  94| 22|  39| 93|  54|  0|  54|  0|    54 |     0|       116 |         22| 124|  29|
| 133| 39| 132| 93|  54|  0|  54|  0|    54 |     0|       133 |         17|  85|  39|
|  80| 53| 106| 26|  54|  0|  54|  0|    54 |     0|       200 |         67|  40|  45|
|  40| 40| 122| 16|  54|  0|  54|  0|    54 |     0|       198 |          2|  73|  33|
| 124| 84| 127|  5|  54|  0|  54|  0|    54 |     0|       153 |         45|  77|   4|
| 153| 29|  85| 42|  54|  0|  54|  0|    54 |     0|       124 |         29|  98|  21|
| 198| 45| 181| 96|  54|  0|  54|  0|    54 |     0|        85 |         39| 169|  71|
|  85| 87| 114| 67|  55|  1|  55|  1|    55 |     1|        40 |         45| 195|  26|
|  77|  8| 182| 68|  55|  0|  55|  0|    55 |     0|        73 |         33| 159|  36|
|  98| 21| 143| 39|  55|  0|  55|  0|    55 |     0|        77 |          4| 134|  25|
| 169| 71|  43|100|  55|  0|  55|  0|    55 |     0|        98 |         21| 122|  12|
| 195| 26|  39|  4|  55|  0|  55|  0|    55 |     0|       169 |         71|  25|  97|
|  73| 78|  85| 46|  55|  0|  55|  0|    55 |     0|       195 |         26|  21|   4|
|  21| 52|  33| 52|  56|  1|  56|  1|    56 |     1|       159 |         36|  27|   6|
| 134| 87| 113| 80|  56|  0|  56|  0|    56 |     0|       134 |         25|  49|  22|
| 159| 25| 196| 83|  56|  0|  56|  0|    56 |     0|       122 |         12|  60|  11|
|  25| 66|  99| 97|  56|  0|  56|  0|    56 |     0|        25 |         97| 154|  94|
| 122| 97|  51| 48|  57|  1|  57|  1|    57 |     1|        21 |          4| 187|  33|
|  27| 95| 128| 77|  57|  0|  57|  0|    57 |     0|        27 |          6| 188|   1|
|  60| 33|  56| 72|  57|  0|  57|  0|    57 |     0|        49 |         22| 170|  18|
|  49| 11| 143| 87|  57|  0|  57|  0|    57 |     0|        60 |         11| 115|  55|
| 154| 95|  76| 67|  57|  0|  57|  0|    57 |     0|       154 |         94|  81|  34|
| 187| 33| 136| 60|  58|  1|  58|  1|    58 |     1|       187 |         33|  48|  33|
| 188|  1|  97| 39|  58|  0|  58|  0|    58 |     0|       188 |          1|  11|  37|
|  48| 60| 162| 65|  58|  0|  58|  0|    58 |     0|       170 |         18|   3|   8|
| 115| 67| 148| 14|  58|  0|  58|  0|    58 |     0|       115 |         55|  72|  69|
| 170| 55|  23| 75|  58|  0|  58|  0|    58 |     0|        81 |         34| 141|  69|
|  81| 89| 187| 36|  58|  0|  58|  0|    58 |     0|        48 |         33| 150|   9|
|   3| 78| 143| 44|  59|  1|  59|  1|    59 |     1|        11 |         37| 145|   5|
| 141| 62| 113| 30|  59|  0|  59|  0|    59 |     0|         3 |          8| 134|  11|
|  11| 70|  79| 34|  59|  0|  59|  0|    59 |     0|        72 |         69|  88|  46|
|  72| 61| 135| 56|  59|  0|  59|  0|    59 |     0|       141 |         69|  46|  42|
| 150| 78|  57| 78|  60|  1|  60|  1|    60 |     1|       150 |          9| 182|  64|
| 134| 16| 149| 92|  60|  0|  60|  0|    60 |     0|       145 |          5| 124|  58|
| 182| 48|  71| 78|  60|  0|  60|  0|    60 |     0|       134 |         11| 100|  24|
|  46| 64| 160| 89|  60|  0|  60|  0|    60 |     0|        88 |         46|  35|  65|
|  88| 42| 147| 13|  61|  1|  61|  1|    61 |     1|        46 |         42|  18|  17|
| 145| 57|  38| 91|  61|  0|  61|  0|    61 |     0|       182 |         64|   2|  16|
| 100| 45|  93| 55|  61|  0|  61|  0|    61 |     0|       124 |         58|  76|  74|
|  35| 65|   1| 92|  61|  0|  61|  0|    61 |     0|       100 |         24| 110|  34|
|   2| 33|  64| 63|  61|  0|  61|  0|    61 |     0|        35 |         65| 111|   1|
| 124| 78| 180| 84|  62|  1|  62|  1|    62 |     1|        18 |         17| 126|  15|
|  18| 94| 127| 53|  62|  0|  62|  0|    62 |     0|         2 |         16| 167|  41|
| 110| 92| 148| 21|  62|  0|  62|  0|    62 |     0|        76 |         74| 130|  37|
| 111|  1|  58| 90|  62|  0|  62|  0|    62 |     0|       110 |         34| 120|  10|
| 126| 15|  82| 24|  62|  0|  62|  0|    62 |     0|       111 |          1|  74|  46|
|  76| 50|  17| 65|  62|  0|  62|  0|    62 |     0|       126 |         15|  30|  44|
| 167| 91|  46| 29|  63|  1|  63|  1|    63 |     1|       167 |         41|  16|  14|
|  30| 63| 175| 71|  63|  0|  63|  0|    63 |     0|       130 |         37|  62|  46|
|  16| 14| 151| 24|  63|  0|  63|  0|    63 |     0|       120 |         10|  67|   5|
| 120| 96|  80| 71|  63|  0|  63|  0|    63 |     0|        74 |         46|  89|  22|
|  74| 46| 175| 95|  63|  0|  63|  0|    63 |     0|        30 |         44| 103|  14|
| 130| 56|  54| 79|  63|  0|  63|  0|    63 |     0|        16 |         14| 175|  72|
| 175| 45|   3| 51|  64|  1|  64|  1|    64 |     1|        62 |         46| 142|  33|
|  67| 92|  77| 74|  64|  0|  64|  0|    64 |     0|        67 |          5| 101|  41|
|  62|  5| 129| 52|  64|  0|  64|  0|    64 |     0|        89 |         22|  66|  35|
| 103| 41| 193| 64|  64|  0|  64|  0|    64 |     0|       103 |         14|  54|  12|
|  89| 14|  21| 28|  64|  0|  64|  0|    64 |     0|       175 |         72| 180|  74|
| 101| 12|  22|  1|  64|  0|  64|  0|    64 |     0|       142 |         33| 106|  74|
| 142| 41| 147| 75|  64|  0|  64|  0|    64 |     0|       101 |         41| 100|   6|
| 180| 38|  87| 60|  64|  0|  64|  0|    64 |     0|        66 |         35|  46|  54|
|  54| 74|  67| 20|  65|  1|  65|  1|    65 |     1|        54 |         12|  28|  18|
|  66| 12| 189| 78|  65|  0|  65|  0|    65 |     0|       180 |         74|  16|  12|
|  28| 38|  72| 83|  66|  1|  66|  1|    66 |     1|       106 |         74| 100|  84|
|  46| 18|  69|  3|  66|  0|  66|  0|    66 |     0|       100 |          6| 106|   6|
| 100| 54| 122| 53|  66|  0|  66|  0|    66 |     0|        46 |         54| 120|  14|
| 106|  6| 176| 54|  66|  0|  66|  0|    66 |     0|        28 |         18| 131|  11|
|  16| 90| 180|  4|  66|  0|  66|  0|    66 |     0|        16 |         12|  11|  80|
| 106| 90| 134| 46|  67|  1|  67|  1|    67 |     1|       100 |         84|  23|  12|
| 100|  6| 120| 14|  67|  0|  67|  0|    67 |     0|       106 |          6|  59|  36|
| 131| 31|  44| 76|  67|  0|  67|  0|    67 |     0|       120 |         14| 151|  92|
| 120| 11|  21| 23|  67|  0|  67|  0|    67 |     0|       131 |         11| 177|  26|
|  11| 91| 123| 98|  67|  0|  67|  0|    67 |     0|        11 |         80| 182|   5|
| 182| 29|  92| 31|  67|  0|  67|  0|    67 |     0|        23 |         12| 130|  52|
|  59| 77| 167| 75|  67|  0|  67|  0|    67 |     0|        59 |         36| 115|  15|
| 151| 92|  70| 97|  67|  0|  67|  0|    67 |     0|       151 |         92| 108|   7|
|  23| 72| 100| 30|  68|  1|  68|  1|    68 |     1|       177 |         26|  78|  30|
| 177| 46| 118| 18|  68|  0|  68|  0|    68 |     0|       182 |          5|  50|  28|
|  78| 99| 119|  1|  68|  0|  68|  0|    68 |     0|       130 |         52|  60|  10|
|  50| 28| 174| 55|  68|  0|  68|  0|    68 |     0|       115 |         15| 180|  80|
| 115| 65|  27| 53|  69|  1|  69|  1|    69 |     1|       108 |          7| 187|   7|
| 108|  7| 107| 80|  69|  0|  69|  0|    69 |     0|        78 |         30|  24|  37|
| 130| 22|   9| 98|  69|  0|  69|  0|    69 |     0|        50 |         28|  10|  14|
| 180| 50| 174| 35|  69|  0|  69|  0|    69 |     0|        60 |         10| 114|  96|
|  60| 80|  72| 98|  69|  0|  69|  0|    69 |     0|       180 |         80| 140|  26|
|  10| 50|  79|  7|  70|  1|  70|  1|    70 |     1|       187 |          7| 150|  10|
| 187| 23| 158| 79|  70|  0|  70|  0|    70 |     0|        24 |         37| 152|   2|
|  24| 37| 106| 52|  70|  0|  70|  0|    70 |     0|        10 |         14|   8|  56|
| 140| 84| 192| 86|  71|  1|  71|  1|    71 |     1|       114 |         96|  18|  10|
|   8| 68| 154| 38|  71|  0|  71|  0|    71 |     0|       140 |         26|  24|   6|
| 114| 94|  85| 69|  71|  0|  71|  0|    71 |     0|       150 |         10|  25|   1|
| 152| 38|  49| 36|  71|  0|  71|  0|    71 |     0|       152 |          2|  88|  63|
| 150|  2|  81| 32|  72|  1|  72|  1|    72 |     1|         8 |         56|  90|   2|
|  25| 75| 112| 31|  72|  0|  72|  0|    72 |     0|        18 |         10|  40|  50|
|  24|  1| 136| 24|  72|  0|  72|  0|    72 |     0|        24 |          6|  22|  18|
|  88| 64| 195| 59|  72|  0|  72|  0|    72 |     0|        25 |          1|  19|   3|
|  90|  2| 190|  5|  72|  0|  72|  0|    72 |     0|        88 |         63| 156|  63|
|  18| 72| 189|  1|  72|  0|  72|  0|    72 |     0|        90 |          2| 164|   8|
|  40| 22|  31| 42|  72|  0|  72|  0|    72 |     0|        40 |         50| 145|  19|
|  22| 18| 167| 64|  72|  0|  72|  0|    72 |     0|        22 |         18| 135|  10|
| 164| 58|  47| 80|  72|  0|  72|  0|    72 |     0|        19 |          3|  72|  63|
| 156|  8| 119| 72|  72|  0|  72|  0|    72 |     0|       156 |         63| 168|  96|
|  19| 63| 157| 38|  72|  0|  72|  0|    72 |     0|       164 |          8| 176|   8|
| 145| 74|  54| 97|  72|  0|  72|  0|    72 |     0|       145 |         19|  81|  95|
|  72| 73|   3| 51|  73|  1|  73|  1|    73 |     1|       135 |         10|  50|  31|
| 176| 96|  42| 39|  73|  0|  73|  0|    73 |     0|        72 |         63|  49|   1|
| 168|  8|  78| 36|  73|  0|  73|  0|    73 |     0|       168 |         96|  42|   7|
| 135| 33|  82|  4|  73|  0|  73|  0|    73 |     0|       176 |          8| 192|  50|
|  49| 86| 189| 93|  73|  0|  73|  0|    73 |     0|        81 |         95| 109|  83|
|  42|  7|  76| 87|  73|  0|  73|  0|    73 |     0|        50 |         31|  74|  35|
| 192| 50| 195| 81|  73|  0|  73|  0|    73 |     0|        49 |          1|  55|  19|
|  50| 58|  73| 78|  74|  1|  74|  1|    74 |     1|        42 |          7|  14|  41|
|  81| 31| 133| 60|  74|  0|  74|  0|    74 |     0|       192 |         50|  11|   3|
|  14| 67|  40| 93|  74|  0|  74|  0|    74 |     0|       109 |         83|  20|   9|
|  74| 60| 165| 75|  74|  0|  74|  0|    74 |     0|        74 |         35|  27|   7|
|  55| 19|  86| 79|  74|  0|  74|  0|    74 |     0|        55 |         19|  40|  13|
| 109| 54| 183| 97|  74|  0|  74|  0|    74 |     0|        14 |         41|  67|  27|
|  11| 98|  30| 47|  75|  1|  75|  1|    75 |     1|        11 |          3| 146|  79|
| 146| 65| 125| 95|  75|  0|  75|  0|    75 |     0|        20 |          9| 106|  40|
|  27| 81| 137| 12|  75|  0|  75|  0|    75 |     0|        27 |          7| 100|   6|
|  67| 40| 200| 63|  75|  0|  75|  0|    75 |     0|        40 |         13| 100|   0|
|  20| 47|  94| 94|  76|  1|  76|  1|    76 |     1|        67 |         27|  10|  90|
|  40| 20|  10| 84|  76|  0|  76|  0|    76 |     0|       146 |         79| 163|  47|
|  10| 30|  98| 88|  76|  0|  76|  0|    76 |     0|       106 |         40| 166|   3|
| 163| 47| 167| 69|  76|  0|  76|  0|    76 |     0|       100 |          6| 187|  21|
| 100| 63| 100| 67|  76|  0|  76|  0|    76 |     0|       100 |          0| 139|  48|
| 100|  0|  65| 35|  76|  0|  76|  0|    76 |     0|        10 |         90|  64|  75|
| 106|  6| 140| 75|  76|  0|  76|  0|    76 |     0|       163 |         47|  17|  47|
| 166| 60|  44| 96|  77|  1|  77|  1|    77 |     1|       166 |          3|  52|  35|
| 139| 27|  20| 24|  77|  0|  77|  0|    77 |     0|       187 |         21|  64|  12|
|  17| 78|   9| 11|  77|  0|  77|  0|    77 |     0|       139 |         48| 144|  80|
| 187| 30|  31| 22|  77|  0|  77|  0|    77 |     0|        64 |         75| 173|  29|
|  64| 77|  32|  1|  77|  0|  77|  0|    77 |     0|        17 |         47| 184|  11|
|  64|  0|  86| 54|  78|  1|  78|  1|    78 |     1|        52 |         35| 165|  19|
| 184| 80|   5| 81|  78|  0|  78|  0|    78 |     0|        64 |         12| 160|   5|
|  52| 68| 199|  6|  78|  0|  78|  0|    78 |     0|       144 |         80|  71|  89|
| 173| 79|  63| 64|  78|  0|  78|  0|    78 |     0|       173 |         29|  44|  27|
| 144| 29|  49| 14|  78|  0|  78|  0|    78 |     0|       184 |         11|  41|   3|
|  44|100|  90| 41|  78|  0|  78|  0|    78 |     0|       165 |         19|  34|   7|
| 165| 79| 199| 91|  78|  0|  78|  0|    78 |     0|       160 |          5|  90|  56|
|  71| 94|  31| 32|  78|  0|  78|  0|    78 |     0|        71 |         89| 109|  19|
| 160| 89|  27|  4|  79|  1|  79|  1|    79 |     1|        44 |         27| 134|  25|
|  41| 81| 171| 56|  79|  0|  79|  0|    79 |     0|        41 |          3| 185|  51|
|  34|  7| 195| 24|  79|  0|  79|  0|    79 |     0|        34 |          7| 174|  11|
| 134|100| 105| 90|  79|  0|  79|  0|    79 |     0|        90 |         56| 172|   2|
|  90| 44| 199| 94|  79|  0|  79|  0|    79 |     0|       109 |         19| 143|  29|
| 185| 95|  34| 35|  79|  0|  79|  0|    79 |     0|       134 |         25|  69|  74|
| 109| 76| 135| 99|  80|  1|  80|  1|    80 |     1|       185 |         51|  55|  14|
|  55| 54|  64| 71|  80|  0|  80|  0|    80 |     0|       174 |         11|  76|  21|
|  69| 14|  60|  4|  80|  0|  80|  0|    80 |     0|       172 |          2| 182|  94|
| 143| 74|  87| 27|  80|  0|  80|  0|    80 |     0|       143 |         29| 200|  18|
| 172| 29|  52| 35|  81|  1|  81|  1|    81 |     1|        69 |         74|  25|  25|
| 174|  2|  77| 25|  81|  0|  81|  0|    81 |     0|        55 |         14|   7|  18|
|  76| 98|   9| 68|  81|  0|  81|  0|    81 |     0|        76 |         21| 107| 100|
| 200| 76| 170| 39|  81|  0|  81|  0|    81 |     0|       182 |         94| 134|  27|
| 182| 18|  21| 51|  82|  1|  82|  1|    82 |     1|       200 |         18| 141|   7|
|  25| 43| 113| 92|  82|  0|  82|  0|    82 |     0|        25 |         25| 145|   4|
|   7| 18|  24| 89|  82|  0|  82|  0|    82 |     0|         7 |         18| 195|  50|
| 134| 73|  92| 68|  82|  0|  82|  0|    82 |     0|       107 |        100| 156|  39|
| 141|  7|  89|  3|  82|  0|  82|  0|    82 |     0|       134 |         27| 146|  10|
| 107| 34| 197| 92|  82|  0|  82|  0|    82 |     0|       141 |          7| 140|   6|
| 145| 38|  41| 44|  83|  1|  83|  1|    83 |     1|       145 |          4|  67|  73|
| 195| 50|  35|  6|  83|  0|  83|  0|    83 |     0|       195 |         50|  58|   9|
| 146| 49|  33|  2|  83|  0|  83|  0|    83 |     0|       156 |         39|  36|  22|
| 140|  6| 128| 95|  84|  1|  84|  1|    84 |     1|       146 |         10|   4|  32|
|  58| 82|  41| 87|  84|  0|  84|  0|    84 |     0|       140 |          6|   3|   1|
|  67|  9|  47|  6|  84|  0|  84|  0|    84 |     0|        67 |         73|  62|  59|
| 156| 89| 110| 63|  84|  0|  84|  0|    84 |     0|        58 |          9|  88|  26|
|   3| 47|  91| 19|  84|  0|  84|  0|    84 |     0|        36 |         22| 128|  40|
|   4|  1|  51| 40|  85|  1|  85|  1|    85 |     1|         4 |         32| 142|  14|
|  62| 58| 152| 99|  85|  0|  85|  0|    85 |     0|         3 |          1| 148|   6|
|  36| 26| 145|  7|  85|  0|  85|  0|    85 |     0|        62 |         59|  82|  66|
|  88| 52| 142|  3|  85|  0|  85|  0|    85 |     0|        88 |         26|  29|  53|
| 128| 40|  76| 66|  85|  0|  85|  0|    85 |     0|       128 |         40|  63|  34|
|  29| 99| 158| 82|  85|  0|  85|  0|    85 |     0|       142 |         14|  88|  25|
| 148| 81|  17| 59|  85|  0|  85|  0|    85 |     0|       148 |          6| 128|  40|
|  82| 66|  48| 31|  86|  1|  86|  1|    86 |     1|        82 |         66| 139|  11|
| 142| 60| 170| 78|  86|  0|  86|  0|    86 |     0|        29 |         53| 184|  45|
| 128| 14| 121| 49|  86|  0|  86|  0|    86 |     0|        63 |         34|  90|  94|
| 184| 56| 109| 12|  86|  0|  86|  0|    86 |     0|        88 |         25|  21|  69|
|  63| 79|  48| 61|  86|  0|  86|  0|    86 |     0|       128 |         40|   8|  13|
|  88| 25| 134| 86|  87|  1|  87|  1|    87 |     1|       139 |         11| 194|  14|
| 139| 51|  85| 49|  87|  0|  87|  0|    87 |     0|       184 |         45| 195|   1|
|   8| 69|  54| 31|  87|  0|  87|  0|    87 |     0|        90 |         94| 161|  34|
| 194| 14|  91| 37|  87|  0|  87|  0|    87 |     0|        21 |         69| 139|  22|
|  21| 27|  83|  8|  87|  0|  87|  0|    87 |     0|         8 |         13| 117|  22|
|  90| 69|  57| 26|  88|  1|  88|  1|    88 |     1|       194 |         14|  99|  18|
| 195| 95| 102| 45|  88|  0|  88|  0|    88 |     0|       195 |          1|  42|  57|
|  42| 47| 172| 70|  88|  0|  88|  0|    88 |     0|       161 |         34|  87|  45|
| 161| 81|  40| 68|  88|  0|  88|  0|    88 |     0|       139 |         22|  89|   2|
| 139| 22| 200| 40|  88|  0|  88|  0|    88 |     0|       117 |         22|  89|   0|
|  99| 40| 137| 63|  88|  0|  88|  0|    88 |     0|        99 |         18| 163|  74|
| 117| 18| 143|  6|  89|  1|  89|  1|    89 |     1|        42 |         57|   8|  45|
|  89| 28| 129| 14|  89|  0|  89|  0|    89 |     0|        87 |         45|  77|  69|
|   8| 81| 183| 54|  89|  0|  89|  0|    89 |     0|        89 |          2|  82|   5|
|  87| 79| 197| 14|  89|  0|  89|  0|    89 |     0|        89 |          0|  91|   9|
| 163| 76| 176| 21|  89|  0|  89|  0|    89 |     0|       163 |         74| 112|  21|
|  89| 74|  37| 61|  90|  1|  90|  1|    90 |     1|         8 |         45| 129|  17|
|  82|  7|  51| 14|  90|  0|  90|  0|    90 |     0|        77 |         69| 157|  28|
| 129| 47| 181| 70|  90|  0|  90|  0|    90 |     0|        82 |          5| 107|  50|
|  77| 52| 151| 30|  90|  0|  90|  0|    90 |     0|        91 |          9|  69|  38|
|  91| 14| 115| 36|  90|  0|  90|  0|    90 |     0|       112 |         21|  64|   5|
| 112| 21|  46| 69|  90|  0|  90|  0|    90 |     0|       129 |         17|  28|  36|
| 157| 45| 132| 86|  90|  0|  90|  0|    90 |     0|       157 |         28|  47|  19|
|  28| 71|  95| 37|  91|  1|  91|  1|    91 |     1|       107 |         50| 164|  83|
|  64| 36|  53| 42|  91|  0|  91|  0|    91 |     0|        69 |         38| 180|  16|
| 107| 43|  44|  9|  91|  0|  91|  0|    91 |     0|        64 |          5| 182|   2|
|  69| 38| 177| 67|  91|  0|  91|  0|    91 |     0|        28 |         36| 199|  17|
| 182| 87| 115| 62|  91|  0|  91|  0|    91 |     0|        47 |         19| 187|  12|
| 199| 17| 155| 40|  92|  1|  92|  1|    92 |     1|       164 |         83| 175|  12|
|  47| 48|  56| 99|  92|  0|  92|  0|    92 |     0|       180 |         16| 120|  55|
| 164| 83| 120| 64|  92|  0|  92|  0|    92 |     0|       182 |          2| 113|   7|
| 180| 16|  54| 66|  92|  0|  92|  0|    92 |     0|       199 |         17|  59|  54|
| 175|  5| 196| 58|  92|  0|  92|  0|    92 |     0|       187 |         12|  73|  14|
| 120| 55| 153| 43|  93|  1|  93|  1|    93 |     1|       175 |         12|  79|   6|
| 187| 67|   3| 50|  93|  0|  93|  0|    93 |     0|       120 |         55| 149|  70|
| 113| 74|   8|  5|  93|  0|  93|  0|    93 |     0|       113 |          7| 185|  36|
|  59| 54| 160| 48|  93|  0|  93|  0|    93 |     0|        59 |         54|  28|  43|
| 149| 90| 129| 31|  93|  0|  93|  0|    93 |     0|        73 |         14|  15|  13|
|  28| 79|  66| 63|  94|  1|  94|  1|    94 |     1|        79 |          6|  58|  43|
|  73| 45|  58|  8|  94|  0|  94|  0|    94 |     0|       149 |         70|  66|   8|
|  79|  6| 154| 96|  94|  0|  94|  0|    94 |     0|       185 |         36| 129|  63|
| 185| 94|  15| 61|  94|  0|  94|  0|    94 |     0|        28 |         43| 154|  25|
|  15| 30| 185| 30|  95|  1|  95|  1|    95 |     1|        15 |         13| 160|   6|
| 154| 61|  79| 94|  95|  0|  95|  0|    95 |     0|        58 |         43| 196|  36|
|  58| 96|  73|  6|  95|  0|  95|  0|    95 |     0|        66 |          8| 153|  43|
|  66|  8|  28| 45|  95|  0|  95|  0|    95 |     0|       129 |         63|   8|  55|
| 129| 63| 149| 79|  95|  0|  95|  0|    95 |     0|       154 |         25|   3|   5|
| 160| 31|  59| 90|  95|  0|  95|  0|    95 |     0|       160 |          6|  54|  51|
|   8| 48| 113| 54|  95|  0|  95|  0|    95 |     0|       196 |         36|  56|   2|
|   3|  5| 187| 74|  96|  1|  96|  1|    96 |     1|       153 |         43| 115|  59|
| 153| 50| 120| 67|  96|  0|  96|  0|    96 |     0|         8 |         55| 120|   5|
| 196| 43| 175| 55|  96|  0|  96|  0|    96 |     0|         3 |          5| 155|  35|
|  54| 58| 180|  5|  96|  0|  96|  0|    96 |     0|        54 |         51| 177|  22|
| 120| 66| 164| 16|  97|  1|  97|  1|    97 |     1|        56 |          2| 132|  45|
|  56| 64|  47| 83|  97|  0|  97|  0|    97 |     0|       115 |         59|  95|  37|
| 155| 99| 199| 48|  97|  0|  97|  0|    97 |     0|       120 |          5|  53|  42|
| 115| 40| 182| 17|  98|  1|  98|  1|    98 |     1|       155 |         35|  44|   9|
| 177| 62|  69| 87|  98|  0|  98|  0|    98 |     0|       177 |         22|  46|   2|
|  44| 67| 107| 38|  98|  0|  98|  0|    98 |     0|       132 |         45|  51|   5|
|  53|  9|  64| 43|  99|  1|  99|  1|    99 |     1|        95 |         37| 115|  64|
|  95| 42|  28| 36|  99|  0|  99|  0|    99 |     0|        53 |         42| 151|  36|
| 132| 37| 157| 71|  99|  0|  99|  0|    99 |     0|        44 |          9| 181|  30|
|  46| 86| 112| 45| 100|  1| 100|  1|   100 |     1|        46 |          2| 176|   5|
| 115| 69|  91| 21| 100|  0| 100|  0|   100 |     0|        51 |          5| 129|  47|
| 151| 36|  77| 14| 100|  0| 100|  0|   100 |     0|       115 |         64|  37|  92|
| 181| 30| 129| 52| 100|  0| 100|  0|   100 |     0|       151 |         36| 183|  54|
|  51| 70|  82| 47| 100|  0| 100|  0|   100 |     0|       181 |         30| 197|  14|
|  37| 14|  89|  7| 100|  0| 100|  0|   100 |     0|       176 |          5| 172|  25|
| 176| 61| 163| 74| 100|  0| 100|  0|   100 |     0|       129 |         47| 143|  29|
| 197| 21|  87| 76| 100|  0| 100|  0|   100 |     0|        37 |         92| 137|   6|
| 183| 14|   8| 79| 100|  0| 100|  0|   100 |     0|       183 |         54|  40|  97|
| 129| 54|  89| 81| 100|  0| 100|  0|   100 |     0|       197 |         14| 200|  40|
| 143| 14| 117| 28| 101|  1| 101|  1|   101 |     1|       172 |         25| 102|  98|
| 137|  6|  99| 18| 102|  1| 102|  1|   102 |     1|       143 |         29|  91|  11|
| 200| 63| 139| 40| 102|  0| 102|  0|   102 |     0|       137 |          6|  83|   8|
|  40| 40| 161| 22| 103|  1| 103|  1|   103 |     1|        40 |         97|  57|  26|
| 172| 68|  42| 81| 103|  0| 103|  0|   103 |     0|       200 |         40|  54|   3|
| 102| 70| 195| 47| 103|  0| 103|  0|   103 |     0|       102 |         98|  85|  31|
|  57| 45|  90| 95| 104|  1| 104|  1|   104 |     1|        91 |         11| 109|  24|
|  83| 26|  21| 69| 104|  0| 104|  0|   104 |     0|        83 |          8| 121|  12|
|  91|  8| 194| 27| 104|  0| 104|  0|   104 |     0|        57 |         26| 134|  13|
|  54| 37|   8| 14| 104|  0| 104|  0|   104 |     0|        54 |          3|  48|  86|
|  85| 31| 139| 69| 104|  0| 104|  0|   104 |     0|        85 |         31|  48|   0|
| 134| 49|  88| 51| 105|  1| 105|  1|   105 |     1|       109 |         24|  76|  28|
|  48| 86|  63| 25| 105|  0| 105|  0|   105 |     0|       121 |         12| 158|  82|
| 109| 61| 184| 79| 105|  0| 105|  0|   105 |     0|       134 |         13| 170|  12|
| 121| 12| 128| 56| 105|  0| 105|  0|   105 |     0|        48 |         86|  17|  47|
| 170| 49| 142| 14| 105|  0| 105|  0|   105 |     0|        48 |          0|  51|  34|
|  48| 78|  82| 60| 106|  1| 106|  1|   106 |     1|        76 |         28|  91|  40|
|  17| 31| 148| 66| 106|  0| 106|  0|   106 |     0|       158 |         82| 142|  51|
| 158| 59|  29| 81| 106|  0| 106|  0|   106 |     0|       170 |         12| 145|   3|
|  76| 82| 128| 99| 106|  0| 106|  0|   106 |     0|        17 |         47| 152|   7|
| 142| 66|  88| 40| 106|  0| 106|  0|   106 |     0|        51 |         34| 128|  24|
| 145|  3|  36| 52| 106|  0| 106|  0|   106 |     0|        91 |         40| 110|  18|
| 152|  7|  62| 26| 107|  1| 107|  1|   107 |     1|       142 |         51|  47|  63|
|  51| 99|   4| 58| 107|  0| 107|  0|   107 |     0|       145 |          3|  41|   6|
|  91| 40|   3|  1| 107|  0| 107|  0|   107 |     0|       152 |          7|  33|   8|
| 110| 19| 156| 47| 107|  0| 107|  0|   107 |     0|       128 |         24|  35|   2|
|  47| 63|  67| 89| 107|  0| 107|  0|   107 |     0|       110 |         18|  41|   6|
|  41|  6|  58|  9| 107|  0| 107|  0|   107 |     0|        47 |         63|  89|  48|
| 128| 87| 140| 82| 108|  1| 108|  1|   108 |     1|        41 |          6|  92|   3|
|  33| 95| 146|  6| 108|  0| 108|  0|   108 |     0|        33 |          8| 197|  95|
|  35|  2| 195| 49| 108|  0| 108|  0|   108 |     0|        35 |          2| 170|  27|
|  41|  6| 145| 50| 108|  0| 108|  0|   108 |     0|        41 |          6| 113|  57|
| 197| 44| 107| 38| 109|  1| 109|  1|   109 |     1|        89 |         48|  24|  89|
|  89| 92| 141| 34| 109|  0| 109|  0|   109 |     0|        92 |          3|  21|   3|
|  92|  3| 134|  7| 109|  0| 109|  0|   109 |     0|       197 |         95|   9|  12|
|  24| 68|   7| 73| 109|  0| 109|  0|   109 |     0|       170 |         27|  52|  43|
| 113| 89|  25| 18| 109|  0| 109|  0|   109 |     0|       113 |         57|  60|   8|
|  21| 92| 182| 43| 109|  0| 109|  0|   109 |     0|        24 |         89|  64|   4|
| 170| 51| 200| 18| 110|  1| 110|  1|   110 |     1|        21 |          3|  77|  13|
|   9| 39|  76| 76| 110|  0| 110|  0|   110 |     0|         9 |         12|  87|  10|
|  77| 68| 174| 98| 110|  0| 110|  0|   110 |     0|        52 |         43| 105|  18|
|  52| 25| 172|  2| 111|  1| 111|  1|   111 |     1|        60 |          8| 135|  30|
|  87| 35| 143| 29| 111|  0| 111|  0|   111 |     0|        64 |          4| 195|  60|
|  60| 27|  69| 74| 111|  0| 111|  0|   111 |     0|        77 |         13| 199|   4|
|  64|  4|  55| 14| 111|  0| 111|  0|   111 |     0|        87 |         10|  34|  35|
| 135| 71| 109| 54| 111|  0| 111|  0|   111 |     0|       105 |         18|  90|  56|
|  34| 99| 185| 76| 112|  1| 112|  1|   112 |     1|       135 |         30| 171|  81|
| 199| 35|  90| 95| 112|  0| 112|  0|   112 |     0|       195 |         60| 199|  28|
| 105| 94| 134| 44| 112|  0| 112|  0|   112 |     0|       199 |          4|  31|  32|
| 195| 90|  34|100| 113|  1| 113|  1|   113 |     1|        34 |         35|  27|   4|
| 171| 24|  41|  7| 113|  0| 113|  0|   113 |     0|        90 |         56|  49|  22|
|  27| 56| 160| 81| 113|  0| 113|  0|   113 |     0|       171 |         81|  63|  14|
|  31|  4|  71| 89| 113|  0| 113|  0|   113 |     0|       199 |         28|  86|  23|
| 199| 32| 165| 94| 113|  0| 113|  0|   113 |     0|        31 |         32| 199|  87|
|  90| 91|  44| 79| 113|  0| 113|  0|   113 |     0|        27 |          4|   5|   6|
|  49| 41| 144|100| 113|  0| 113|  0|   113 |     0|        49 |         22|   9|   4|
|  63| 14| 173| 29| 113|  0| 113|  0|   113 |     0|        63 |         14|  20|  11|
| 199| 64|  52| 79| 114|  1| 114|  1|   114 |     1|        86 |         23|  31|  11|
|   5|  6| 184| 68| 114|  0| 114|  0|   114 |     0|       199 |         87|  32|   1|
|  86| 81|  64| 80| 114|  0| 114|  0|   114 |     0|         5 |          6|  44|  12|
|  32| 54|  64|  0| 114|  0| 114|  0|   114 |     0|         9 |          4|  65|  21|
|  31|  1| 187| 77| 114|  0| 114|  0|   114 |     0|        20 |         11|  98|  33|
|   9| 22|  17| 30| 115|  1| 115|  1|   115 |     1|        31 |         11| 100|   2|
|  20| 11| 139| 78| 115|  0| 115|  0|   115 |     0|        32 |          1| 140|  40|
|  44| 24| 166| 27| 115|  0| 115|  0|   115 |     0|        44 |         12| 167|  27|
| 140| 96| 106| 60| 115|  0| 115|  0|   115 |     0|        65 |         21| 137|  30|
|  65| 75| 100|  6| 115|  0| 115|  0|   115 |     0|        98 |         33| 125|  12|
| 100| 35| 100|  0| 115|  0| 115|  0|   115 |     0|       100 |          2|  94|  31|
| 167| 67| 163| 63| 116|  1| 116|  1|   116 |     1|       140 |         40|  10|  84|
|  98| 69|  10| 47| 116|  0| 116|  0|   116 |     0|       167 |         27| 200|  10|
|  10| 88|  40| 30| 116|  0| 116|  0|   116 |     0|       137 |         30| 183|  17|
|  94| 84|  20| 20| 116|  0| 116|  0|   116 |     0|       125 |         12| 165|  18|
| 200| 94|  67| 47| 116|  0| 116|  0|   116 |     0|        94 |         31|  86|  79|
| 137| 63|  27| 40| 117|  1| 117|  1|   117 |     1|        10 |         84|  40|  46|
| 125| 12| 146| 81| 117|  0| 117|  0|   117 |     0|       200 |         10|  30|  10|
|  30| 95|  11| 65| 117|  0| 117|  0|   117 |     0|       183 |         17|  73|  43|
| 183| 47| 109| 98| 118|  1| 118|  1|   118 |     1|       165 |         18|  76|   3|
|  86| 97|  55| 54| 118|  0| 118|  0|   118 |     0|        86 |         79| 133|  57|
| 165| 79|  74| 19| 119|  1| 119|  1|   119 |     1|        40 |         46| 189|  56|
|  40| 75|  14| 60| 119|  0| 119|  0|   119 |     0|        30 |         10| 195|   6|
| 133| 93|  81| 67| 119|  0| 119|  0|   119 |     0|        73 |         43|  82|  87|
|  73| 60|  50| 31| 120|  1| 120|  1|   120 |     1|        76 |          3|  78|   4|
| 195| 78| 192| 58| 120|  0| 120|  0|   120 |     0|       133 |         57|  54|  24|
|  76| 81|  42| 50| 120|  0| 120|  0|   120 |     0|       189 |         56|  42|  12|
| 189| 87|  49|  7| 120|  0| 120|  0|   120 |     0|       195 |          6|   3|  39|
|  82| 93| 135| 86| 120|  0| 120|  0|   120 |     0|        82 |         87|  31|  28|
|  78|  4| 168| 33| 120|  0| 120|  0|   120 |     0|        78 |          4|  47|  16|
|  42| 36| 176|  8| 120|  0| 120|  0|   120 |     0|        54 |         24| 119|  72|
|   3| 39|  72| 96| 121|  1| 121|  1|   121 |     1|        42 |         12| 157|  38|
|  54| 51| 145| 73| 121|  0| 121|  0|   121 |     0|         3 |         39| 167|  10|
| 157| 97|  19| 74| 121|  0| 121|  0|   121 |     0|        31 |         28| 189|  22|
| 119| 38| 156| 63| 121|  0| 121|  0|   121 |     0|        47 |         16| 190|   1|
|  47| 72| 164|  8| 121|  0| 121|  0|   121 |     0|       119 |         72| 195|   5|
| 167| 80|  22| 58| 122|  1| 122|  1|   122 |     1|       157 |         38| 136|  59|
|  31| 64|  40| 18| 122|  0| 122|  0|   122 |     0|       167 |         10| 112|  24|
| 189| 42|  18| 22| 122|  0| 122|  0|   122 |     0|       189 |         22|  85|  27|
| 190|  1|  90| 72| 122|  0| 122|  0|   122 |     0|       190 |          1|  81|   4|
| 195|  5|  88|  2| 122|  0| 122|  0|   122 |     0|       195 |          5|  49|  32|
| 136| 59|  24| 64| 123|  1| 123|  1|   123 |     1|       136 |         59| 154|  95|
| 112| 24|  25|  1| 123|  0| 123|  0|   123 |     0|       112 |         24| 192|  38|
|  81| 31| 150| 75| 123|  0| 123|  0|   123 |     0|        85 |         27| 174|  18|
|  49| 32| 152|  2| 123|  0| 123|  0|   123 |     0|        81 |          4| 158|  16|
|  85| 36| 114| 38| 123|  0| 123|  0|   123 |     0|        49 |         32| 106|  52|
| 154| 69|   8| 94| 123|  0| 123|  0|   123 |     0|       154 |         95|  79|  27|
| 192| 38| 140| 68| 124|  1| 124|  1|   124 |     1|       192 |         38|  72|   7|
| 106| 86|  24| 84| 124|  0| 124|  0|   124 |     0|       174 |         18|  27|  45|
| 158| 52| 187| 37| 124|  0| 124|  0|   124 |     0|       158 |         16|   9|  18|
|  79| 79|  10| 23| 124|  0| 124|  0|   124 |     0|       106 |         52| 107|  98|
|  72|  7|  60| 50| 124|  0| 124|  0|   124 |     0|        79 |         27| 119|  12|
| 174| 98| 180| 80| 124|  0| 124|  0|   124 |     0|        72 |          7| 174|  55|
|   9| 35| 130| 50| 124|  0| 124|  0|   124 |     0|        27 |         45| 167|   7|
| 107| 98| 108| 22| 125|  1| 125|  1|   125 |     1|         9 |         18| 118|  49|
|  27| 80| 115|  7| 125|  0| 125|  0|   125 |     0|       107 |         98| 100|  18|
| 174| 53|  50| 65| 126|  1| 126|  1|   126 |     1|       119 |         12|  92|   8|
| 119| 55|  78| 28| 126|  0| 126|  0|   126 |     0|       174 |         55|  70|  22|
| 118|  1| 177| 99| 127|  1| 127|  1|   127 |     1|       167 |          7| 120|  50|
| 100| 18|  23| 46| 127|  0| 127|  0|   127 |     0|       118 |         49| 123|   3|
|  70| 30| 151| 72| 127|  0| 127|  0|   127 |     0|       100 |         18| 134|  11|
| 167| 97|  59| 92| 127|  0| 127|  0|   127 |     0|        92 |          8|  44|  90|
|  92| 75| 182| 77| 128|  1| 128|  1|   128 |     1|        70 |         22|  21|  23|
| 123| 31|  11| 29| 128|  0| 128|  0|   128 |     0|       120 |         50|  69|  48|
|  21| 98| 120| 91| 128|  0| 128|  0|   128 |     0|       123 |          3|  72|   3|
|  44| 23| 131| 11| 128|  0| 128|  0|   128 |     0|       134 |         11| 122|  50|
| 120| 76| 100| 31| 128|  0| 128|  0|   128 |     0|        44 |         90| 176|  54|
| 134| 14| 106|  6| 128|  0| 128|  0|   128 |     0|        21 |         23| 180|   4|
| 180| 46|  16| 90| 129|  1| 129|  1|   129 |     1|        69 |         48| 189|   9|
| 176|  4| 106| 90| 129|  0| 129|  0|   129 |     0|        72 |          3| 147|  42|
| 122| 54| 100|  6| 129|  0| 129|  0|   129 |     0|       122 |         50|  87|  60|
|  69| 53|  46| 54| 129|  0| 129|  0|   129 |     0|       176 |         54|  67|  20|
|  72|  3|  28| 18| 129|  0| 129|  0|   129 |     0|       180 |          4|  22|  45|
| 189| 83|  66| 38| 129|  0| 129|  0|   129 |     0|       189 |          9|  21|   1|
|  67| 78|  54| 12| 129|  0| 129|  0|   129 |     0|       147 |         42|   3|  18|
|  87| 20| 180| 74| 130|  1| 130|  1|   130 |     1|        87 |         60|  77|  74|
| 147| 60| 142| 38| 130|  0| 130|  0|   130 |     0|        67 |         20| 129|  52|
|  22| 75| 101| 41| 130|  0| 130|  0|   130 |     0|        22 |         45| 193|  64|
|  21|  1|  89| 12| 130|  0| 130|  0|   130 |     0|        21 |          1| 175|  18|
| 193| 28| 103| 14| 130|  0| 130|  0|   130 |     0|         3 |         18| 175|   0|
| 129| 64|  62| 41| 131|  1| 131|  1|   131 |     1|        77 |         74| 151|  24|
|  77| 52|  67|  5| 131|  0| 131|  0|   131 |     0|       129 |         52|  80|  71|
|   3| 74| 175| 92| 131|  0| 131|  0|   131 |     0|       193 |         64|  54|  26|
|  54| 51| 130| 45| 131|  0| 131|  0|   131 |     0|       175 |         18|  46|   8|
| 175| 79|  74| 56| 131|  0| 131|  0|   131 |     0|       175 |          0|  17|  29|
|  80| 95| 120| 46| 131|  0| 131|  0|   131 |     0|       151 |         24|  58|  41|
| 151| 71|  16| 96| 131|  0| 131|  0|   131 |     0|        80 |         71|  82|  24|
| 175| 24|  30| 14| 131|  0| 131|  0|   131 |     0|        54 |         26| 148|  66|
|  46| 71| 167| 63| 131|  0| 131|  0|   131 |     0|        46 |          8| 127|  21|
|  17| 29|  76| 91| 132|  1| 132|  1|   132 |     1|        17 |         29|  93|  34|
|  82| 65| 126| 50| 132|  0| 132|  0|   132 |     0|        58 |         41|  64|  29|
|  58| 24| 111| 15| 132|  0| 132|  0|   132 |     0|        82 |         24|   1|  63|
| 148| 90| 110|  1| 132|  0| 132|  0|   132 |     0|       148 |         66| 180|  21|
| 127| 21|  18| 92| 133|  1| 133|  1|   133 |     1|       127 |         21| 160|  20|
| 180| 53| 124| 94| 133|  0| 133|  0|   133 |     0|        93 |         34| 149|  11|
|  64| 84|   2| 78| 133|  0| 133|  0|   133 |     0|        64 |         29| 147|   2|
|   1| 63|  35| 33| 133|  0| 133|  0|   133 |     0|         1 |         63|  71|  76|
|  93| 92| 100| 65| 134|  1| 134|  1|   134 |     1|       180 |         21|  38|  33|
|  38| 55| 145| 45| 134|  0| 134|  0|   134 |     0|       160 |         20|  57|  19|
| 147| 91|  88| 57| 134|  0| 134|  0|   134 |     0|       149 |         11|  79|  22|
| 160| 13|  46| 42| 134|  0| 134|  0|   134 |     0|       147 |          2| 113|  34|
|  71| 89| 182| 64| 134|  0| 134|  0|   134 |     0|        71 |         76| 135|  22|
| 149| 78| 134| 48| 134|  0| 134|  0|   134 |     0|        38 |         33| 143|   8|
|  57| 92| 150| 16| 134|  0| 134|  0|   134 |     0|        57 |         19| 148|   5|
| 135| 78|  72| 78| 134|  0| 134|  0|   134 |     0|        79 |         22| 162|  14|
|  79| 56|  11| 61| 134|  0| 134|  0|   134 |     0|       113 |         34| 187|  25|
| 113| 34| 141| 70| 134|  0| 134|  0|   134 |     0|       135 |         22|  97|  90|
| 143| 30|   3| 62| 135|  1| 135|  1|   135 |     1|       143 |          8|  23|  74|
| 187| 44|  81| 78| 135|  0| 135|  0|   135 |     0|       148 |          5|  56|  33|
|  23| 36| 170| 89| 135|  0| 135|  0|   135 |     0|       162 |         14|  76|  20|
| 148| 75| 115| 55| 135|  0| 135|  0|   135 |     0|       187 |         25| 128|  52|
| 162| 14|  48| 67| 135|  0| 135|  0|   135 |     0|        97 |         90| 136|   8|
|  97| 65| 188| 60| 135|  0| 135|  0|   135 |     0|        23 |         74| 143|   7|
| 136| 39| 187|  1| 135|  0| 135|  0|   135 |     0|        56 |         33| 113|  30|
|  76| 60| 154| 33| 136|  1| 136|  1|   136 |     1|        76 |         20|  99|  14|
| 143| 67|  49| 95| 136|  0| 136|  0|   136 |     0|       128 |         52|  51|  48|
|  56| 87|  60| 11| 136|  0| 136|  0|   136 |     0|       136 |          8|  33|  18|
| 128| 72|  27| 33| 136|  0| 136|  0|   136 |     0|       143 |          7| 196|  37|
|  51| 77| 122| 95| 136|  0| 136|  0|   136 |     0|       113 |         30| 182|  14|
|  99| 48|  25| 97| 136|  0| 136|  0|   136 |     0|        99 |         14| 143|  39|
| 196| 97| 159| 66| 137|  1| 137|  1|   137 |     1|        51 |         48|  85|  58|
| 113| 83| 134| 25| 137|  0| 137|  0|   137 |     0|        33 |         18|  43|  42|
|  33| 80|  21| 87| 138|  1| 138|  1|   138 |     1|       196 |         37|  39|   4|
|  85| 52|  73| 52| 139|  1| 139|  1|   139 |     1|       182 |         14|  85|  46|
|  39| 46| 195| 78| 139|  0| 139|  0|   139 |     0|       143 |         39| 114|  29|
|  43|  4| 169| 26| 139|  0| 139|  0|   139 |     0|        85 |         58| 122|   8|
| 143|100|  98| 71| 139|  0| 139|  0|   139 |     0|        43 |         42| 127|   5|
| 182| 39|  77| 21| 140|  1| 140|  1|   140 |     1|        39 |          4| 181|  54|
| 114| 68|  85|  8| 140|  0| 140|  0|   140 |     0|        85 |         46| 132|  49|
| 181| 67| 198| 87| 140|  0| 140|  0|   140 |     0|       114 |         29| 132|   0|
|  85| 96| 153| 45| 140|  0| 140|  0|   140 |     0|       122 |          8| 106|  26|
| 127| 42| 124| 29| 140|  0| 140|  0|   140 |     0|       127 |          5|  39|  67|
| 122|  5|  40| 84| 140|  0| 140|  0|   140 |     0|       181 |         54|  11|  28|
| 106| 16|  80| 40| 140|  0| 140|  0|   140 |     0|       132 |         49|  12|   1|
| 132| 26| 133| 53| 141|  1| 141|  1|   141 |     1|       132 |          0|  30|  18|
|  39| 93|  94| 39| 141|  0| 141|  0|   141 |     0|       106 |         26| 130| 100|
| 132| 93| 116| 22| 141|  0| 141|  0|   141 |     0|        39 |         67| 134|   4|
|  11| 79| 200| 84| 141|  0| 141|  0|   141 |     0|        11 |         28| 178|  44|
| 178| 33|   1|  1| 142|  1| 142|  1|   142 |     1|        12 |          1|  40|  62|
| 130| 48| 155| 46| 142|  0| 142|  0|   142 |     0|        30 |         18|  25|  15|
|  30|100| 114| 41| 142|  0| 142|  0|   142 |     0|       130 |        100|   7|  18|
| 134| 96| 167| 53| 142|  0| 142|  0|   142 |     0|       134 |          4| 182|  25|
|  12| 78| 167|  0| 142|  0| 142|  0|   142 |     0|       178 |         44| 188|   6|
|  25| 13| 171|  4| 142|  0| 142|  0|   142 |     0|        40 |         62| 148|  40|
| 182| 43|  19| 48| 142|  0| 142|  0|   142 |     0|        25 |         15| 138|  10|
| 188|  6| 103| 84| 142|  0| 142|  0|   142 |     0|         7 |         18|  84|  54|
|   7| 19|  16| 87| 142|  0| 142|  0|   142 |     0|       182 |         25|  63|  21|
|  40| 33| 156| 60| 142|  0| 142|  0|   142 |     0|       188 |          6| 198|  65|
| 148| 92| 182| 26| 142|  0| 142|  0|   142 |     0|       148 |         40| 185|  13|
|  63| 85|  30| 48| 143|  1| 143|  1|   143 |     1|       138 |         10| 183|   2|
| 138| 75| 120| 90| 143|  0| 143|  0|   143 |     0|        84 |         54|  82|  99|
|  84| 54|  55| 65| 143|  0| 143|  0|   143 |     0|        63 |         21|  38|  44|
| 198| 86|  78| 23| 143|  0| 143|  0|   143 |     0|       198 |         65|  30|   8|
| 185| 13| 105| 27| 143|  0| 143|  0|   143 |     0|       185 |         13| 111|  81|
| 183|  2| 142| 37| 143|  0| 143|  0|   143 |     0|       183 |          2| 136|  25|
|  38| 55| 130| 12| 144|  1| 144|  1|   144 |     1|        82 |         99| 148|  12|
|  30|  8|  68| 62| 144|  0| 144|  0|   144 |     0|        38 |         44| 163|  15|
|  82| 52|  73|  5| 144|  0| 144|  0|   144 |     0|        30 |          8|  29|  66|
| 111| 29|  71|  2| 144|  0| 144|  0|   144 |     0|       111 |         81|  75|  46|
| 148| 37|  86| 15| 145|  1| 145|  1|   145 |     1|       136 |         25|  97|  22|
| 136| 12| 102| 16| 145|  0| 145|  0|   145 |     0|       148 |         12| 127|  30|
|  29| 93|  11| 91| 145|  0| 145|  0|   145 |     0|       163 |         15| 182|  55|
| 163| 66| 193| 18| 145|  0| 145|  0|   145 |     0|        29 |         66|   7|  25|
|  75| 88|  63| 70| 145|  0| 145|  0|   145 |     0|        75 |         46|  34|  27|
| 182| 93|  81| 18| 146|  1| 146|  1|   146 |     1|        97 |         22|  90|  56|
|  97| 85|  12| 69| 146|  0| 146|  0|   146 |     0|       127 |         30|  92|   2|
| 127| 30| 131| 81| 146|  0| 146|  0|   146 |     0|       182 |         55| 100|   8|
|   7| 80| 192| 61| 146|  0| 146|  0|   146 |     0|         7 |         25| 140|  40|
|  92| 85|  72| 80| 147|  1| 147|  1|   147 |     1|        34 |         27|  61|  79|
| 100|  8|  20| 52| 147|  0| 147|  0|   147 |     0|        90 |         56|  20|  41|
| 140| 40|  28|  8| 147|  0| 147|  0|   147 |     0|        92 |          2|  17|   3|
|  90| 50| 143| 85| 147|  0| 147|  0|   147 |     0|       100 |          8|  13|   4|
|  34| 56|  26| 83| 148|  1| 148|  1|   148 |     1|       140 |         40| 186|  27|
|  17| 17| 171| 55| 148|  0| 148|  0|   148 |     0|        61 |         79| 188|   2|
|  20|  3| 193| 22| 148|  0| 148|  0|   148 |     0|        20 |         41| 181|   7|
|  61| 41| 149| 44| 148|  0| 148|  0|   148 |     0|        17 |          3|  54|  73|
| 186| 75| 185| 36| 148|  0| 148|  0|   148 |     0|        13 |          4|  27|  27|
|  13| 27| 116| 69| 149|  1| 149|  1|   149 |     1|       186 |         27|   6|  21|
| 188| 25|  40| 76| 149|  0| 149|  0|   149 |     0|       188 |          2|  55|  49|
|  27| 39|  59| 19| 149|  0| 149|  0|   149 |     0|       181 |          7|  68|  13|
|   6| 21|  72| 13| 149|  0| 149|  0|   149 |     0|        54 |         73|  96|  28|
|  54| 48| 142| 70| 149|  0| 149|  0|   149 |     0|        27 |         27| 136|  40|
| 181| 73| 107| 35| 150|  1| 150|  1|   150 |     1|         6 |         21| 150|  14|
|  55| 74| 100|  7| 150|  0| 150|  0|   150 |     0|        55 |         49| 177|  27|
|  96| 41| 193| 93| 150|  0| 150|  0|   150 |     0|        68 |         13| 195|  18|
| 150| 54|   9| 16| 150|  0| 150|  0|   150 |     0|        96 |         28|  90|  95|
|  68| 82|  11|  2| 150|  0| 150|  0|   150 |     0|       136 |         40|  58|  32|
| 136| 68|  15|  4| 151|  1| 151|  1|   151 |     1|       150 |         14|  28|  30|
| 195| 59|  88| 73| 151|  0| 151|  0|   151 |     0|       177 |         27|  35|   7|
|  28| 33|  58| 30| 151|  0| 151|  0|   151 |     0|       195 |         18|  50|  15|
|  58| 30|  38| 20| 151|  0| 151|  0|   151 |     0|        90 |         95|  55|   5|
| 177| 81|  35|  3| 151|  0| 151|  0|   151 |     0|        58 |         32| 124|  69|
|  90| 87|   1| 34| 152|  1| 152|  1|   152 |     1|        28 |         30|  15|  91|
| 124| 34| 119| 82| 152|  0| 152|  0|   152 |     0|        35 |          7|  15|   0|
|  15| 91| 198| 79| 153|  1| 153|  1|   153 |     1|        50 |         15|  65|  50|
|  50| 35|  91| 93| 153|  0| 153|  0|   153 |     0|        55 |          5| 113|  48|
|  55|  5|  13| 78| 153|  0| 153|  0|   153 |     0|       124 |         69| 121|   8|
|  35| 20|   2| 11| 153|  0| 153|  0|   153 |     0|        15 |         91| 125|   4|
|  15| 20|  16| 14| 153|  0| 153|  0|   153 |     0|        15 |          0| 124|   1|
| 121| 94|  22|  6| 153|  0| 153|  0|   153 |     0|        65 |         50|  26|  98|
| 125|  4| 142| 80| 153|  0| 153|  0|   153 |     0|       113 |         48|  26|   0|
|  65| 60|  50| 92| 154|  1| 154|  1|   154 |     1|       121 |          8|   7|  19|
| 113| 48|  32| 18| 154|  0| 154|  0|   154 |     0|       125 |          4| 193|  14|
|   7| 94| 139| 93| 154|  0| 154|  0|   154 |     0|       124 |          1| 122|  71|
|  26| 19| 105| 34| 154|  0| 154|  0|   154 |     0|        26 |         98|  57|  65|
| 193| 33|  96|  9| 155|  1| 155|  1|   155 |     1|        26 |          0|  53|   4|
| 124| 69|  16| 80| 155|  0| 155|  0|   155 |     0|         7 |         19|  47|   6|
|  26| 98|  47| 31| 155|  0| 155|  0|   155 |     0|       193 |         14|  32|  15|
|  53| 27| 195| 52| 156|  1| 156|  1|   156 |     1|       122 |         71|  21|  11|
|  47|  6| 110| 85| 156|  0| 156|  0|   156 |     0|        57 |         65|   9|  12|
|  57| 10| 104|  6| 156|  0| 156|  0|   156 |     0|        53 |          4|  33|  24|
| 122| 65| 107|  3| 156|  0| 156|  0|   156 |     0|        47 |          6| 162|  71|
|  32| 90|  20| 87| 157|  1| 157|  1|   157 |     1|        32 |         15| 168|   6|
|  21| 11|  12|  8| 157|  0| 157|  0|   157 |     0|        21 |         11| 108|  60|
| 168| 53| 103| 91| 157|  0| 157|  0|   157 |     0|         9 |         12|  93|  15|
| 162|  6|  15| 88| 157|  0| 157|  0|   157 |     0|        33 |         24|  72|  21|
|  33| 71| 197| 18| 158|  1| 158|  1|   158 |     1|       162 |         71|  66|   6|
|   9| 24| 182| 15| 158|  0| 158|  0|   158 |     0|       168 |          6|  49|  17|
|  49| 40|  40| 58| 158|  0| 158|  0|   158 |     0|       108 |         60|  60|  11|
|  93| 44| 123| 83| 158|  0| 158|  0|   158 |     0|        93 |         15|  64|   4|
|  72| 21|  84| 39| 159|  1| 159|  1|   159 |     1|        72 |         21| 113|  49|
| 108| 36| 168| 84| 159|  0| 159|  0|   159 |     0|        66 |          6| 117|   4|
|  66| 42| 142| 26| 159|  0| 159|  0|   159 |     0|        49 |         17| 185|  68|
|  60|  6| 187| 45| 160|  1| 160|  1|   160 |     1|        60 |         11| 199|  14|
|  64|  4|  96| 91| 160|  0| 160|  0|   160 |     0|        64 |          4|  49|  50|
| 113| 49|  10| 86| 160|  0| 160|  0|   160 |     0|       113 |         49|  48|   1|
| 185| 72| 158| 52| 160|  0| 160|  0|   160 |     0|       117 |          4|  11|  37|
| 117| 68| 150|  8| 160|  0| 160|  0|   160 |     0|       185 |         68|   3|   8|
| 199| 82|  38| 88| 160|  0| 160|  0|   160 |     0|       199 |         14|  47|  44|
|  49| 50|  61| 23| 161|  1| 161|  1|   161 |     1|        49 |         50|  61|  14|
|  48|  1| 170| 91| 161|  0| 161|  0|   161 |     0|        48 |          1|  66|   5|
|  11| 37|  95| 75| 161|  0| 161|  0|   161 |     0|        11 |         37| 123|  57|
|   3|  8| 146| 51| 161|  0| 161|  0|   161 |     0|         3 |          8| 142|  19|
|  61| 58|  19| 73| 161|  0| 161|  0|   161 |     0|        47 |         44| 142|   0|
| 123| 62|  62| 43| 162|  1| 162|  1|   162 |     1|        61 |         14| 167|  25|
|  66| 57| 141| 79| 162|  0| 162|  0|   162 |     0|        66 |          5| 111|  56|
|  47| 19|  75| 66| 163|  1| 163|  1|   163 |     1|       123 |         57| 105|   6|
| 142| 95| 182| 93| 163|  0| 163|  0|   163 |     0|       142 |         19|  35|  70|
| 167| 25| 104| 78| 163|  0| 163|  0|   163 |     0|       142 |          0|  78|  43|
| 142| 25| 196| 92| 164|  1| 164|  1|   164 |     1|       167 |         25|  95|  17|
|  35| 93| 194|  2| 164|  0| 164|  0|   164 |     0|       111 |         56| 109|  14|
| 111| 76|  43| 49| 164|  0| 164|  0|   164 |     0|       105 |          6| 185|  76|
| 105|  6|   4| 39| 164|  0| 164|  0|   164 |     0|        35 |         70| 199|  14|
|  95| 10|  76| 72| 165|  1| 165|  1|   165 |     1|        78 |         43| 186|  13|
| 109| 14| 167| 91| 165|  0| 165|  0|   165 |     0|        95 |         17| 157|  29|
|  78| 31| 153| 14| 165|  0| 165|  0|   165 |     0|       109 |         14| 121|  36|
| 185| 93| 128| 25| 166|  1| 166|  1|   166 |     1|       185 |         76| 112|   9|
| 199| 14| 160| 32| 166|  0| 166|  0|   166 |     0|       199 |         14|  38|  74|
| 186| 13|  46| 86| 166|  0| 166|  0|   166 |     0|       186 |         13|  54|  16|
| 121| 65|  33| 13| 166|  0| 166|  0|   166 |     0|       157 |         29|  69|  15|
| 157| 36| 141| 92| 166|  0| 166|  0|   166 |     0|       121 |         36| 142|  73|
|  38| 81|  64| 77| 167|  1| 167|  1|   167 |     1|       112 |          9| 166|  24|
| 112| 74| 121| 57| 167|  0| 167|  0|   167 |     0|        38 |         74|  32|  66|
| 166| 54| 154| 33| 167|  0| 167|  0|   167 |     0|        54 |         16|  43|  11|
| 142| 24|   4| 50| 167|  0| 167|  0|   167 |     0|        69 |         15|  74|  31|
|  54| 88| 108| 96| 167|  0| 167|  0|   167 |     0|       142 |         73| 129|  55|
|  69| 15|  43| 65| 167|  0| 167|  0|   167 |     0|       166 |         24| 130|   1|
|  32| 37| 132| 89| 167|  0| 167|  0|   167 |     0|        32 |         66| 164|  34|
| 164| 68|  37| 95| 167|  0| 167|  0|   167 |     0|        43 |         11|  88|  76|
| 129| 35|  72| 35| 167|  0| 167|  0|   167 |     0|        74 |         31|  87|   1|
|  43| 86| 158| 86| 167|  0| 167|  0|   167 |     0|       129 |         55|  72|  15|
| 130| 87|  23| 65| 167|  0| 167|  0|   167 |     0|       130 |          1|  26|  46|
|  74| 56| 145| 78| 168|  1| 168|  1|   168 |     1|       164 |         34| 197|  29|
|  87| 13|   9| 64| 168|  0| 168|  0|   168 |     0|        88 |         76| 116|  81|
|  26| 61|  27| 18| 168|  0| 168|  0|   168 |     0|        87 |          1|  95|  21|
| 197| 29|  20|  7| 169|  1| 169|  1|   169 |     1|        72 |         15|  75|  20|
|  88| 91| 175| 45| 170|  1| 170|  1|   170 |     1|        26 |         46|  57|  18|
|  72| 16| 105| 70| 170|  0| 170|  0|   170 |     0|       197 |         29|  44|  13|
| 116| 44| 170| 65| 170|  0| 170|  0|   170 |     0|       116 |         81|  82|  38|
|  57| 59|  40| 70| 170|  0| 170|  0|   170 |     0|        95 |         21| 156|  74|
|  44| 13| 123| 83| 170|  0| 170|  0|   170 |     0|        75 |         20| 186|  30|
|  75| 31|  93| 30| 170|  0| 170|  0|   170 |     0|        57 |         18|  35|  49|
|  95| 20| 175| 82| 170|  0| 170|  0|   170 |     0|        44 |         13|  27|   8|
| 156| 61|  77| 98| 170|  0| 170|  0|   170 |     0|        82 |         38|  68|  41|
|  82| 74|  83|  6| 170|  0| 170|  0|   170 |     0|       156 |         74| 136|  68|
|  35| 47| 151| 68| 171|  1| 171|  1|   171 |     1|       186 |         30| 160|  24|
|  27|  8| 109| 42| 171|  0| 171|  0|   171 |     0|        35 |         49| 178|  18|
| 186| 41| 186| 77| 171|  0| 171|  0|   171 |     0|        27 |          8| 193|  15|
|  68| 82|  73| 87| 171|  0| 171|  0|   171 |     0|        68 |         41| 191|   2|
| 136| 68| 100| 27| 172|  1| 172|  1|   172 |     1|       136 |         68|  72|  81|
| 193| 57| 191| 91| 172|  0| 172|  0|   172 |     0|       160 |         24|  43|  29|
| 160| 33|  34| 43| 172|  0| 172|  0|   172 |     0|       178 |         18|  35|   8|
| 178| 18|  57| 23| 172|  0| 172|  0|   172 |     0|       193 |         15|  15|  20|
|  43| 65|  86| 29| 172|  0| 172|  0|   172 |     0|       191 |          2|  46|  31|
|  15| 28| 118| 32| 173|  1| 173|  1|   173 |     1|        72 |         81|  47|   1|
|  35| 20| 187| 69| 173|  0| 173|  0|   173 |     0|        43 |         29| 109|  62|
| 191| 44| 131| 56| 174|  1| 174|  1|   174 |     1|        35 |          8| 135|  26|
|  72| 81| 167| 36| 174|  0| 174|  0|   174 |     0|        15 |         20| 153|  18|
| 109| 37|  40| 73| 174|  0| 174|  0|   174 |     0|        46 |         31| 194|  41|
| 135| 26|  17| 23| 175|  1| 175|  1|   175 |     1|        47 |          1| 131|  63|
|  46| 89|  72| 55| 175|  0| 175|  0|   175 |     0|       109 |         62|  92|  39|
| 153| 93| 160| 88| 175|  0| 175|  0|   175 |     0|       135 |         26|  74|  18|
|  47| 94|  98| 62| 175|  0| 175|  0|   175 |     0|       153 |         18|  34|  40|
| 194| 53| 129| 31| 175|  0| 175|  0|   175 |     0|       194 |         41|  59|  25|
|  74| 80| 104| 25| 175|  0| 175|  0|   175 |     0|       131 |         63|  74|  15|
|  92| 18|  23| 81| 175|  0| 175|  0|   175 |     0|        92 |         39|  79|   5|
|  34| 58| 115| 92| 175|  0| 175|  0|   175 |     0|        74 |         18|  99|  20|
| 131| 97| 140| 25| 176|  1| 176|  1|   176 |     1|        34 |         40| 144|  45|
|  59| 72|  85| 55| 176|  0| 176|  0|   176 |     0|        59 |         25| 135|   9|
|  99| 40| 124| 39| 176|  0| 176|  0|   176 |     0|        74 |         15| 135|   0|
|  79| 20| 164| 40| 176|  0| 176|  0|   176 |     0|        79 |          5| 121|  14|
|  74|  5|  80| 84| 177|  1| 177|  1|   177 |     1|        99 |         20|   3|  82|
| 144| 70|  14| 66| 177|  0| 177|  0|   177 |     0|       144 |         45| 177|  26|
| 135|  9|  96| 82| 177|  0| 177|  0|   177 |     0|       135 |          9| 115|  62|
|   3| 68| 161| 65| 177|  0| 177|  0|   177 |     0|       135 |          0|  55|  60|
| 135| 68| 147| 14| 177|  0| 177|  0|   177 |     0|       121 |         14|  47|   8|
| 177| 42| 135| 12| 178|  1| 178|  1|   178 |     1|         3 |         82|  40|   7|
| 121| 56| 170| 35| 178|  0| 178|  0|   178 |     0|       177 |         26| 200|  40|
|  55| 66|  87| 83| 178|  0| 178|  0|   178 |     0|       115 |         62| 161|  39|
| 200| 55| 170| 83| 178|  0| 178|  0|   178 |     0|        55 |         60| 151|  10|
|  40| 40| 124| 46| 179|  1| 179|  1|   179 |     1|        47 |          8| 129|  22|
|  47|  7| 133|  9| 180|  1| 180|  1|   180 |     1|        40 |          7|  90|  39|
| 115| 68|  84| 49| 180|  0| 180|  0|   180 |     0|       200 |         40|  12|  78|
| 161| 46| 190| 94| 180|  0| 180|  0|   180 |     0|       161 |         39|  24|  12|
|  90| 71|  33| 43| 180|  0| 180|  0|   180 |     0|       151 |         10|  93|  69|
|  12| 78| 131| 98| 180|  0| 180|  0|   180 |     0|       129 |         22| 104|  11|
| 151| 61|  45| 86| 181|  1| 181|  1|   181 |     1|        90 |         39| 144|  40|
| 129| 22|  16| 29| 181|  0| 181|  0|   181 |     0|        12 |         78| 159|  15|
|  93| 36|  94| 78| 181|  0| 181|  0|   181 |     0|        24 |         12| 179|  20|
| 144| 51|  22| 72| 182|  1| 182|  1|   182 |     1|        93 |         69| 186|   7|
| 159| 15|  46| 24| 182|  0| 182|  0|   182 |     0|       104 |         11| 186|   0|
|  24| 65|  28| 18| 182|  0| 182|  0|   182 |     0|       144 |         40|  95|  91|
| 104| 80| 161| 67| 182|  0| 182|  0|   182 |     0|       159 |         15|  52|  43|
| 186| 82|  34| 73| 182|  0| 182|  0|   182 |     0|       179 |         20|  67|  15|
|  52| 66|  23| 11| 182|  0| 182|  0|   182 |     0|       186 |          7|  78|  11|
| 179| 73|  84| 61| 182|  0| 182|  0|   182 |     0|       186 |          0| 153|  75|
| 186|  7|  63| 21| 182|  0| 182|  0|   182 |     0|        95 |         91| 155|   2|
|  95| 91|  62|  1| 182|  0| 182|  0|   182 |     0|        52 |         43| 196|  41|
| 153| 58|  73| 11| 182|  0| 182|  0|   182 |     0|        67 |         15| 166|  30|
| 196| 43|  39| 34| 182|  0| 182|  0|   182 |     0|        78 |         11| 165|   1|
|  78| 82| 136| 97| 183|  1| 183|  1|   183 |     1|       153 |         75| 128|  37|
| 155| 77|  23| 87| 183|  0| 183|  0|   183 |     0|       155 |          2|  26|  98|
|  67| 88| 106| 83| 183|  0| 183|  0|   183 |     0|       196 |         41|  18|   8|
|  26| 41| 153| 47| 184|  1| 184|  1|   184 |     1|       166 |         30|  62|  44|
|  18|  8|  64| 89| 184|  0| 184|  0|   184 |     0|       165 |          1|  89|  27|
| 166| 52|  62|  2| 185|  1| 185|  1|   185 |     1|       128 |         37| 111|  22|
| 165|  1| 133| 71| 185|  0| 185|  0|   185 |     0|        26 |         98| 114|   3|
| 128| 37|  67| 66| 185|  0| 185|  0|   185 |     0|        18 |          8| 182|  68|
| 182| 54|  13| 54| 185|  0| 185|  0|   185 |     0|        62 |         44| 153|  29|
|  89| 93|  11|  2| 185|  0| 185|  0|   185 |     0|        89 |         27| 149|   4|
|  62| 27|  61| 50| 185|  0| 185|  0|   185 |     0|       111 |         22|  75|  74|
| 114| 52| 157| 96| 186|  1| 186|  1|   186 |     1|       114 |          3|  19|  56|
| 111|  3|  37| 80| 186|  0| 186|  0|   186 |     0|       182 |         68| 196|  23|
| 149| 38| 149| 88| 186|  0| 186|  0|   186 |     0|       153 |         29| 146|  50|
| 153|  4| 150|  1| 186|  0| 186|  0|   186 |     0|       149 |          4| 108|  38|
|  75| 78|  95| 55| 186|  0| 186|  0|   186 |     0|        75 |         74|  71|  37|
| 196| 79| 131| 36| 186|  0| 186|  0|   186 |     0|        19 |         56|  58|  13|
|  19| 23| 113| 18| 187|  1| 187|  1|   187 |     1|       196 |         23|  52|   6|
|  52| 33| 166| 53| 187|  0| 187|  0|   187 |     0|       146 |         50|  72|  20|
| 146| 94| 199| 33| 187|  0| 187|  0|   187 |     0|       108 |         38| 134|  62|
|  58| 88| 104| 95| 187|  0| 187|  0|   187 |     0|        71 |         37| 175|  41|
|  71| 13|  16| 88| 187|  0| 187|  0|   187 |     0|        58 |         13| 177|   2|
| 108| 37|  46| 30| 187|  0| 187|  0|   187 |     0|        52 |          6|  44|  67|
| 134| 26| 134| 88| 187|  0| 187|  0|   187 |     0|        72 |         20|  67|  23|
|  72| 62|  86| 48| 188|  1| 188|  1|   188 |     1|       134 |         62|  70|   3|
|  44| 28|  33| 53| 188|  0| 188|  0|   188 |     0|       175 |         41|  70|   0|
| 175| 69|  53| 20| 188|  0| 188|  0|   188 |     0|       177 |          2|  97|  27|
| 177|  2|   8| 45| 189|  1| 189|  1|   189 |     1|        44 |         67| 161|  64|
|  67| 90|   9|  1| 189|  0| 189|  0|   189 |     0|        67 |         23| 127|  34|
|  70|  3|  67| 58| 189|  0| 189|  0|   189 |     0|        70 |          3|   5|  78|
|  97| 27|  78| 11| 190|  1| 190|  1|   190 |     1|        70 |          0| 170|  35|
| 161| 64| 134| 56| 190|  0| 190|  0|   190 |     0|        97 |         27| 172|   2|
|  70| 91|  31| 97| 191|  1| 191|  1|   191 |     1|       161 |         64| 178|   6|
|   5| 65| 173| 58| 191|  0| 191|  0|   191 |     0|       127 |         34| 159|  19|
| 172| 33|  29| 56| 192|  1| 192|  1|   192 |     1|         5 |         78| 142|  17|
| 170|  2|  84| 55| 192|  0| 192|  0|   192 |     0|       170 |         35| 107|  35|
| 178|  8|  33| 51| 192|  0| 192|  0|   192 |     0|       172 |          2|  61|  46|
| 127| 51| 124| 91| 193|  1| 193|  1|   193 |     1|       178 |          6|  26|  35|
| 142| 15| 131|  7| 193|  0| 193|  0|   193 |     0|       159 |         19|  33|   7|
| 107| 35|  35| 96| 193|  0| 193|  0|   193 |     0|       142 |         17| 122|  89|
| 159| 52|  74| 39| 193|  0| 193|  0|   193 |     0|       107 |         35| 123|   1|
|  26| 67|  78|  4| 193|  0| 193|  0|   193 |     0|        61 |         46| 176|  53|
|  61| 35|  16| 62| 193|  0| 193|  0|   193 |     0|        26 |         35| 196|  20|
|  33| 28|  46| 30| 194|  1| 194|  1|   194 |     1|        33 |          7| 171|  25|
| 123| 90|  83| 37| 194|  0| 194|  0|   194 |     0|       122 |         89| 113|  58|
| 176| 53| 172| 89| 194|  0| 194|  0|   194 |     0|       123 |          1|  85|  28|
| 196| 20| 116| 56| 195|  1| 195|  1|   195 |     1|       176 |         53|  14|  71|
| 122| 74| 166| 50| 195|  0| 195|  0|   195 |     0|       196 |         20|   4|  10|
|   4| 82|  23| 57| 195|  0| 195|  0|   195 |     0|       171 |         25|  12|   8|
| 171| 33|  18|  5| 195|  0| 195|  0|   195 |     0|       113 |         58|  14|   2|
|  85| 86|  53| 35| 195|  0| 195|  0|   195 |     0|        85 |         28| 116|  98|
|  14| 71| 123| 70| 195|  0| 195|  0|   195 |     0|        14 |         71| 131|  15|
| 113| 99|   6| 83| 195|  0| 195|  0|   195 |     0|         4 |         10| 196|  65|
| 131| 18|  73| 67| 195|  0| 195|  0|   195 |     0|        12 |          8|  76|  80|
|  14| 83| 120| 47| 196|  1| 196|  1|   196 |     1|        14 |          2|  63|  13|
| 116| 98| 198| 78| 196|  0| 196|  0|   196 |     0|       116 |         98|  56|   7|
|  12| 96|  68| 70| 196|  0| 196|  0|   196 |     0|       131 |         15|  37|  19|
| 196| 16|  79| 11| 196|  0| 196|  0|   196 |     0|       196 |         65|  11|  26|
|  37| 41|  95| 16| 196|  0| 196|  0|   196 |     0|        76 |         80|   4|   7|
|  56| 19|  78| 17| 196|  0| 196|  0|   196 |     0|        63 |         13|  43|  39|
|  76| 20|   3| 75| 196|  0| 196|  0|   196 |     0|        56 |          7| 104|  61|
|  63| 13| 140| 63| 197|  1| 197|  1|   197 |     1|        37 |         19| 194|  90|
|  11| 52| 198| 58| 197|  0| 197|  0|   197 |     0|        11 |         26| 196|   2|
|  34| 23|   9| 11| 197|  0| 197|  0|   197 |     0|        22 |         11| 167|  29|
|  93| 59| 198| 11| 197|  0| 197|  0|   197 |     0|        34 |         12| 126|  41|
| 126| 33| 131| 67| 198|  1| 198|  1|   198 |     1|        93 |         59|  93|  33|
|  22| 96|  94| 37| 198|  0| 198|  0|   198 |     0|       126 |         33|  34|  59|
| 167| 55|  13| 81| 198|  0| 198|  0|   198 |     0|       167 |         41|  22|  12|
|  51| 84| 144| 69| 198|  0| 198|  0|   198 |     0|       147 |         20|  24|   2|
|  79| 28| 140|  4| 198|  0| 198|  0|   198 |     0|        80 |         67|  31|   7|
|  26| 53| 167| 27| 198|  0| 198|  0|   198 |     0|        79 |          1|  56|  25|
| 147| 79|  66| 99| 199|  1| 199|  1|   199 |     1|        51 |         28| 114|  58|
|  80| 67|  54| 12| 199|  0| 199|  0|   199 |     0|        26 |         25| 175|  61|
| 175| 95|  23| 31| 199|  0| 199|  0|   199 |     0|        31 |          5| 147|  28|
| 114| 61|  69| 46| 199|  0| 199|  0|   199 |     0|        56 |         25|  80|  67|
|  56| 58| 170| 99| 199|  0| 199|  0|   199 |     0|       114 |         58|  79|   1|
|  31| 25|  52| 82| 199|  0| 199|  0|   199 |     0|       175 |         61|  51|  28|
|  24|  7|  92| 40| 199|  0| 199|  0|   199 |     0|        24 |         49|  26|  25|
|  23|  1|  11| 81| 200|  1| 200|  1|   200 |     1|        23 |          1|  23|   3|
|  91| 68|  39| 28| 200|  0| 200|  0|   200 |     0|        91 |         68|  91|  68|
| 178| 87| 117| 78| 200|  0| 200|  0|   200 |     0|       111 |         20| 111|  20|
| 111| 67|  40| 77| 200|  0| 200|  0|   200 |     0|       172 |         61| 172|  61|
--------------------------------------------------------------------------------------
|   75 ns|  136 ns|   63 ns|   76 ns|         73 ns|                  56 ns|   165 ns|
--------------------------------------------------------------------------------------
|   50 ns|   50 ns|    0 ns|    0 ns|          0 ns|                  31 ns|    31 ns|
--------------------------------------------------------------------------------------
|  FIFO  |  LIFO  |  SSTF  |  SCAN  |    C-SCAN    |      N-STEP-SCAN      |  FSCAN  |
--------------------------------------------------------------------------------------
