
The table is organized as such:
| Policy Name |
| Starting Track |
| Next track | Tracks Moved |
| ... |
| Average Seek Length |
| Average Seek Time |
--------------------------------------------------------------------------------------
|  FIFO  |  LIFO  |  SSTF  |  SCAN  |    C-SCAN    |      N-STEP-SCAN      |  FSCAN  |
--------------------------------------------------------------------------------------
|   100  |   100  |   100  |   100  |       100    |              100      |    100  |
--------------------------------------------------------------------------------------
| 125| 25|  60| 40| 100|  0| 100|  0|   100 |     0|       125 |         25|  41|  59|
| 129|  4|  63|  3| 100|  0| 100|  0|   100 |     0|       128 |          3|  41|   0|
| 128|  1|  42| 21| 100|  0| 100|  0|   100 |     0|       129 |          1|  31|  10|
| 177| 49|  41|  1| 100|  0| 100|  0|   100 |     0|       177 |         48|  30|   1|
| 185|  8|  40|  1| 100|  0| 100|  0|   100 |     0|       185 |          8|  13|  17|
|  13| 28|  55| 15| 100|  0| 100|  0|   100 |     0|        41 |         56| 125|  88|
|  31| 18|  53|  2| 100|  0| 100|  0|   100 |     0|        41 |          0| 128|   3|
|  30|  1|  47|  6| 100|  0| 100|  0|   100 |     0|        31 |         10| 129|   1|
|  41| 11|  48|  1| 100|  0| 100|  0|   100 |     0|        30 |          1| 177|  48|
|  41|  0|  10| 38| 101|  1| 101|  1|   101 |     1|        13 |         17| 185|   8|
|  41|  0|   3|  7| 101|  0| 101|  0|   101 |     0|        41 |         28| 105|  80|
|  77| 36|   7|  4| 101|  0| 101|  0|   101 |     0|        77 |         36| 104|   1|
| 105| 28|   9|  2| 101|  0| 101|  0|   101 |     0|       101 |         24| 101|   3|
| 104|  1|  21| 12| 101|  0| 101|  0|   101 |     0|       104 |          3|  77|  24|
| 101|  3|  30|  9| 102|  1| 102|  1|   102 |     1|       105 |          1|  41|  36|
| 100|  1|  24|  6| 102|  0| 102|  0|   102 |     0|       100 |          5|  69|  28|
|  91|  9|  30|  6| 102|  0| 102|  0|   102 |     0|        91 |          9|  78|   9|
|  88|  3|  49| 19| 102|  0| 102|  0|   102 |     0|        88 |          3|  88|  10|
|  69| 19|  21| 28| 103|  1| 103|  1|   103 |     1|        78 |         10|  91|   3|
|  78|  9|  27|  6| 103|  0| 103|  0|   103 |     0|        69 |          9| 100|   9|
|  78|  0|  48| 21| 104|  1| 104|  1|   104 |     1|        73 |          4|  86|  14|
|  76|  2|  49|  1| 104|  0| 104|  0|   104 |     0|        76 |          3|  78|   8|
|  78|  2|  78| 29| 104|  0| 104|  0|   104 |     0|        78 |          2|  78|   0|
|  73|  5|  66| 12| 104|  0| 104|  0|   104 |     0|        78 |          0|  76|   2|
|  86| 13|  66|  0| 104|  0| 104|  0|   104 |     0|        86 |          8|  73|   3|
|  99| 13|  61|  5| 104|  0| 104|  0|   104 |     0|        99 |         13|  99|  26|
| 104|  5|  61|  0| 104|  0| 104|  0|   104 |     0|       104 |          5| 104|   5|
| 158| 54|  61|  0| 104|  0| 104|  0|   104 |     0|       144 |         40| 144|  40|
| 144| 14|  61|  0| 105|  1| 105|  1|   105 |     1|       145 |          1| 145|   1|
| 145|  1|  35| 26| 105|  0| 105|  0|   105 |     0|       158 |         13| 158|  13|
| 157| 12|  36|  1| 105|  0| 105|  0|   105 |     0|       157 |          1| 157|   1|
| 172| 15|  36|  0| 105|  0| 105|  0|   105 |     0|       163 |          6| 163|   6|
| 163|  9|  43|  7| 105|  0| 105|  0|   105 |     0|       172 |          9| 172|   9|
| 192| 29|  35|  8| 105|  0| 105|  0|   105 |     0|       189 |         17| 189|  17|
| 189|  3|  41|  6| 106|  1| 106|  1|   106 |     1|       192 |          3| 192|   3|
| 188|  1|  28| 13| 106|  0| 106|  0|   106 |     0|       189 |          3| 192|   0|
| 189|  1|  30|  2| 106|  0| 106|  0|   106 |     0|       188 |          1| 196|   4|
| 200| 11|  31|  1| 106|  0| 106|  0|   106 |     0|       185 |          3| 200|   4|
| 185| 15|  42| 11| 106|  0| 106|  0|   106 |     0|       185 |          0|   3|   3|
| 185|  0|  14| 28| 106|  0| 106|  0|   106 |     0|       200 |         15|   3|   0|
| 196| 11|  49| 35| 107|  1| 107|  1|   107 |     1|       200 |          0|   5|   2|
|   3|  7|  46|  3| 107|  0| 107|  0|   107 |     0|       196 |          4|  13|   8|
|   3|  0|  48|  2| 107|  0| 107|  0|   107 |     0|       192 |          4|  17|   4|
| 200|  3|  57|  9| 107|  0| 107|  0|   107 |     0|         3 |         11| 184|  33|
| 192|  8|  54|  3| 107|  0| 107|  0|   107 |     0|         3 |          0| 194|  10|
| 184|  8|  42| 12| 108|  1| 108|  1|   108 |     1|         5 |          2|  33|  39|
| 194| 10|  55| 13| 108|  0| 108|  0|   108 |     0|        13 |          8|   7|  26|
|   5| 11|  52|  3| 108|  0| 108|  0|   108 |     0|        17 |          4|   7|   0|
|  13|  8|  56|  4| 109|  1| 109|  1|   109 |     1|       184 |         33|   6|   1|
|  17|  4|  56|  0| 109|  0| 109|  0|   109 |     0|       194 |         10| 196|  10|
|  33| 16|  45| 11| 109|  0| 109|  0|   109 |     0|        33 |         39|  71|  75|
|   7| 26|  36|  9| 109|  0| 109|  0|   109 |     0|         7 |         26|  56|  15|
|   6|  1|  12| 24| 109|  0| 109|  0|   109 |     0|         7 |          0|  52|   4|
|   7|  1|  20|  8| 109|  0| 109|  0|   109 |     0|         6 |          1|  50|   2|
| 196| 11|  20|  0| 109|  0| 109|  0|   109 |     0|       196 |         10|   5|  45|
|   5|  9|  16|  4| 110|  1| 110|  1|   110 |     1|        71 |         75|  60|  55|
|  50| 45|  18|  2| 110|  0| 110|  0|   110 |     0|        56 |         15|  65|   5|
|  56|  6|   6| 12| 110|  0| 110|  0|   110 |     0|        52 |          4|  74|   9|
|  52|  4|  12|  6| 111|  1| 111|  1|   111 |     1|        50 |          2|  78|   4|
|  71| 19|  15|  3| 111|  0| 111|  0|   111 |     0|         5 |         45|  95|  17|
|  65|  6|   8|  7| 111|  0| 111|  0|   111 |     0|        60 |         55|  92|   3|
|  60|  5|   5|  3| 111|  0| 111|  0|   111 |     0|        65 |          5|  89|   3|
|  74| 14|   8|  3| 111|  0| 111|  0|   111 |     0|        74 |          9|  85|   4|
|  78|  4|   9|  1| 113|  2| 113|  2|   113 |     2|        78 |          4|  84|   1|
|  95| 17|  10|  1| 113|  0| 113|  0|   113 |     0|        95 |         17|  77|   7|
|  77| 18| 191| 19| 114|  1| 114|  1|   114 |     1|        92 |          3|  93|  16|
|  85|  8|   2| 11| 114|  0| 114|  0|   114 |     0|        89 |          3|  96|   3|
|  92|  7|  23| 21| 114|  0| 114|  0|   114 |     0|        85 |          4|  99|   3|
|  89|  3|  44| 21| 115|  1| 115|  1|   115 |     1|        84 |          1| 116|  17|
|  84|  5|  43|  1| 115|  0| 115|  0|   115 |     0|        77 |          7| 118|   2|
|  96| 12|  40|  3| 115|  0| 115|  0|   115 |     0|        93 |         16| 120|   2|
|  99|  3|  39|  1| 115|  0| 115|  0|   115 |     0|        96 |          3| 125|   5|
|  93|  6|  44|  5| 115|  0| 115|  0|   115 |     0|        99 |          3| 130|   5|
| 118| 25|  50|  6| 115|  0| 115|  0|   115 |     0|       116 |         17| 137|   7|
| 116|  2|  52|  2| 115|  0| 115|  0|   115 |     0|       118 |          2| 149|  12|
| 120|  4|  51|  1| 115|  0| 115|  0|   115 |     0|       120 |          2| 155|   6|
| 125|  5|  56|  5| 115|  0| 115|  0|   115 |     0|       125 |          5| 197|  42|
| 130|  5|  56|  0| 115|  0| 115|  0|   115 |     0|       130 |          5|  15|  18|
| 137|  7|  69| 13| 116|  1| 116|  1|   116 |     1|       137 |          7|   3|  12|
| 149| 12|  64|  5| 116|  0| 116|  0|   116 |     0|       149 |         12|   3|   0|
| 155|  6|  71|  7| 116|  0| 116|  0|   116 |     0|       155 |          6|   3|   0|
|   3| 48|  74|  3| 117|  1| 117|  1|   117 |     1|       197 |         42|  18|  15|
| 197|  6|  62| 12| 117|  0| 117|  0|   117 |     0|        15 |         18|  18|   0|
|   3|  6|  60|  2| 117|  0| 117|  0|   117 |     0|         3 |         12|  29|  11|
|  15| 12|  57|  3| 117|  0| 117|  0|   117 |     0|         3 |          0| 198|  31|
|  29| 14|  61|  4| 117|  0| 117|  0|   117 |     0|         3 |          0|  28|  30|
|  18| 11|  61|  0| 117|  0| 117|  0|   117 |     0|        18 |         15|  27|   1|
|  18|  0|  57|  4| 118|  1| 118|  1|   118 |     1|        18 |          0|  20|   7|
|   3| 15|  60|  3| 118|  0| 118|  0|   118 |     0|        29 |         11|   7|  13|
| 198|  5|  57|  3| 118|  0| 118|  0|   118 |     0|       198 |         31|   4|   3|
|   7|  9| 195| 62| 118|  0| 118|  0|   118 |     0|        28 |         30|  17|  13|
|  20| 13| 197|  2| 118|  0| 118|  0|   118 |     0|        27 |          1|  19|   2|
|  28|  8| 184| 13| 119|  1| 119|  1|   119 |     1|        20 |          7|  19|   0|
|  27|  1| 183|  1| 119|  0| 119|  0|   119 |     0|         7 |         13|  19|   0|
|   4| 23| 181|  2| 119|  0| 119|  0|   119 |     0|         4 |          3|  19|   0|
|  19| 15|  18| 37| 119|  0| 119|  0|   119 |     0|        17 |         13| 197|  22|
|  19|  0|   1| 17| 119|  0| 119|  0|   119 |     0|        19 |          2| 198|   1|
|  19|  0|  80| 79| 119|  0| 119|  0|   119 |     0|        19 |          0| 199|   1|
|  19|  0|  89|  9| 119|  0| 119|  0|   119 |     0|        19 |          0| 200|   1|
|  17|  2|  87|  2| 120|  1| 120|  1|   120 |     1|        19 |          0|   8|   8|
| 200| 17|  96|  9| 120|  0| 120|  0|   120 |     0|       197 |         22|   4|   4|
| 199|  1| 128| 32| 121|  1| 121|  1|   121 |     1|       198 |          1| 167|  37|
| 198|  1| 123|  5| 121|  0| 121|  0|   121 |     0|       199 |          1| 171|   4|
| 197|  1| 119|  4| 121|  0| 121|  0|   121 |     0|       200 |          1| 177|   6|
|   8| 11| 119|  0| 122|  1| 122|  1|   122 |     1|         8 |          8| 183|   6|
|   4|  4| 110|  9| 122|  0| 122|  0|   122 |     0|         4 |          4| 184|   1|
| 177| 27| 130| 20| 123|  1| 123|  1|   123 |     1|       167 |         37| 185|   1|
| 171|  6| 139|  9| 123|  0| 123|  0|   123 |     0|       171 |          4| 192|   7|
| 167|  4| 141|  2| 123|  0| 123|  0|   123 |     0|       177 |          6| 194|   2|
| 183| 16| 170| 29| 123|  0| 123|  0|   123 |     0|       183 |          6|   5|  11|
| 184|  1| 169|  1| 124|  1| 124|  1|   124 |     1|       184 |          1| 185|  20|
| 192|  8| 165|  4| 124|  0| 124|  0|   124 |     0|       185 |          1| 185|   0|
| 185|  7| 190| 25| 125|  1| 125|  1|   125 |     1|       192 |          7| 188|   3|
|   5| 20| 170| 20| 125|  0| 125|  0|   125 |     0|       194 |          2| 189|   1|
| 194| 11| 190| 20| 125|  0| 125|  0|   125 |     0|         5 |         11| 200|  11|
| 191|  3| 173| 17| 125|  0| 125|  0|   125 |     0|       166 |         39| 191|   9|
| 173| 18| 171|  2| 125|  0| 125|  0|   125 |     0|       173 |          7| 177|  14|
| 173|  0| 176|  5| 125|  0| 125|  0|   125 |     0|       173 |          0| 173|   4|
| 177|  4| 149| 27| 126|  1| 126|  1|   126 |     1|       177 |          4| 173|   0|
| 166| 11| 149|  0| 126|  0| 126|  0|   126 |     0|       191 |         14| 166|   7|
| 159|  7| 143|  6| 127|  1| 127|  1|   127 |     1|       166 |         25| 151|  15|
| 159|  0| 138|  5| 128|  1| 128|  1|   128 |     1|       159 |          7| 145|   6|
| 159|  0| 125| 13| 128|  0| 128|  0|   128 |     0|       159 |          0| 143|   2|
| 166|  7| 117|  8| 128|  0| 128|  0|   128 |     0|       159 |          0| 138|   5|
| 155| 11| 110|  7| 129|  1| 129|  1|   129 |     1|       155 |          4| 119|  19|
| 151|  4| 115|  5| 129|  0| 129|  0|   129 |     0|       151 |          4| 123|   4|
| 145|  6| 104| 11| 129|  0| 129|  0|   129 |     0|       145 |          6| 131|   8|
| 143|  2| 102|  2| 130|  1| 130|  1|   130 |     1|       143 |          2| 143|  12|
| 138|  5| 100|  2| 130|  0| 130|  0|   130 |     0|       138 |          5| 154|  11|
| 119| 19| 100|  0| 130|  0| 130|  0|   130 |     0|       119 |         19| 157|   3|
| 123|  4| 105|  5| 130|  0| 130|  0|   130 |     0|       123 |          4| 156|   1|
| 131|  8|  95| 10| 130|  0| 130|  0|   130 |     0|       131 |          8| 154|   2|
| 143| 12| 118| 23| 131|  1| 131|  1|   131 |     1|       143 |         12| 152|   2|
| 157| 14| 115|  3| 132|  1| 132|  1|   132 |     1|       154 |         11| 150|   2|
| 154|  3| 169| 54| 132|  0| 132|  0|   132 |     0|       157 |          3| 144|   6|
| 154|  0| 177|  8| 132|  0| 132|  0|   132 |     0|       156 |          1| 139|   5|
| 144| 10| 154| 23| 132|  0| 132|  0|   132 |     0|       154 |          2| 157|  18|
| 152|  8| 154|  0| 134|  2| 134|  2|   134 |     2|       152 |          2| 157|   0|
| 150|  2| 150|  4| 134|  0| 134|  0|   134 |     0|       150 |          2| 164|   7|
| 156|  6| 166| 16| 134|  0| 134|  0|   134 |     0|       144 |          6| 171|   7|
| 139| 17| 164|  2| 135|  1| 135|  1|   135 |     1|       139 |          5| 168|   3|
| 157| 18| 164|  0| 135|  0| 135|  0|   135 |     0|       157 |         18| 166|   2|
| 157|  0| 165|  1| 135|  0| 135|  0|   135 |     0|       157 |          0| 162|   4|
| 164|  7| 156|  9| 135|  0| 135|  0|   135 |     0|       164 |          7| 162|   0|
| 171|  7| 157|  1| 135|  0| 135|  0|   135 |     0|       171 |          7| 179|  17|
| 162|  9| 159|  2| 136|  1| 136|  1|   136 |     1|       168 |          3| 172|   7|
| 162|  0| 155|  4| 136|  0| 136|  0|   136 |     0|       166 |          2| 172|   0|
| 166|  4| 149|  6| 136|  0| 136|  0|   136 |     0|       162 |          4| 168|   4|
| 179| 13| 153|  4| 137|  1| 137|  1|   137 |     1|       162 |          0| 168|   0|
| 168| 11| 156|  3| 137|  0| 137|  0|   137 |     0|       179 |         17| 163|   5|
| 168|  0| 153|  3| 137|  0| 137|  0|   137 |     0|       172 |          7| 170|   7|
| 168|  0| 100| 53| 137|  0| 137|  0|   137 |     0|       172 |          0| 170|   0|
| 163|  5| 114| 14| 137|  0| 137|  0|   137 |     0|       168 |          4| 173|   3|
| 172|  9| 126| 12| 138|  1| 138|  1|   138 |     1|       168 |          0| 179|   6|
| 172|  0| 132|  6| 138|  0| 138|  0|   138 |     0|       163 |          5| 116|  63|
| 170|  2| 120| 12| 138|  0| 138|  0|   138 |     0|       170 |          7| 114|   2|
| 173|  3| 117|  3| 138|  0| 138|  0|   138 |     0|       170 |          0| 114|   0|
| 170|  3| 129| 12| 139|  1| 139|  1|   139 |     1|       173 |          3| 121|   7|
| 179|  9| 101| 28| 139|  0| 139|  0|   139 |     0|       179 |          6| 137|  16|
| 116| 63|  94|  7| 139|  0| 139|  0|   139 |     0|       116 |         63| 137|   0|
| 114|  2|  87|  7| 139|  0| 139|  0|   139 |     0|       114 |          2| 117|  20|
| 114|  0| 110| 23| 139|  0| 139|  0|   139 |     0|       114 |          0| 115|   2|
| 137| 23| 140| 30| 139|  0| 139|  0|   139 |     0|       121 |          7| 111|   4|
| 137|  0| 142|  2| 139|  0| 139|  0|   139 |     0|       137 |         16| 139|  28|
| 121| 16| 142|  0| 139|  0| 139|  0|   139 |     0|       137 |          0| 139|   0|
| 115|  6| 100| 42| 140|  1| 140|  1|   140 |     1|       117 |         20| 157|  18|
| 111|  4|  97|  3| 140|  0| 140|  0|   140 |     0|       115 |          2| 157|   0|
| 117|  6| 100|  3| 140|  0| 140|  0|   140 |     0|       111 |          4| 157|   0|
| 139| 22|  96|  4| 141|  1| 141|  1|   141 |     1|       139 |         28| 164|   7|
| 139|  0|  92|  4| 142|  1| 142|  1|   142 |     1|       139 |          0| 136|  28|
| 157| 18|  92|  0| 142|  0| 142|  0|   142 |     0|       157 |         18| 134|   2|
| 157|  0|  92|  0| 142|  0| 142|  0|   142 |     0|       157 |          0| 123|  11|
| 164|  7|  79| 13| 143|  1| 143|  1|   143 |     1|       157 |          0| 118|   5|
| 157|  7|  75|  4| 143|  0| 143|  0|   143 |     0|       164 |          7| 117|   1|
| 136| 21|  86| 11| 143|  0| 143|  0|   143 |     0|       136 |         28| 117|   0|
| 134|  2|  65| 21| 143|  0| 143|  0|   143 |     0|       134 |          2| 117|   0|
| 123| 11|  65|  0| 143|  0| 143|  0|   143 |     0|       123 |         11| 113|   4|
| 118|  5|  67|  2| 144|  1| 144|  1|   144 |     1|       118 |          5| 106|   7|
| 117|  1|  73|  6| 144|  0| 144|  0|   144 |     0|       117 |          1| 123|  17|
| 117|  0|  64|  9| 144|  0| 144|  0|   144 |     0|       117 |          0| 151|  28|
| 117|  0|  52| 12| 145|  1| 145|  1|   145 |     1|       117 |          0| 143|   8|
| 106| 11|  43|  9| 145|  0| 145|  0|   145 |     0|       113 |          4| 101|  42|
| 113|  7|  43|  0| 145|  0| 145|  0|   145 |     0|       106 |          7|  96|   5|
| 123| 10| 198| 45| 145|  0| 145|  0|   145 |     0|       123 |         17|  86|  10|
| 151| 28| 186| 12| 146|  1| 146|  1|   146 |     1|       151 |         28|  82|   4|
| 143|  8| 186|  0| 146|  0| 146|  0|   146 |     0|       143 |          8|  75|   7|
|  96| 47| 181|  5| 146|  0| 146|  0|   146 |     0|       101 |         42|  85|  10|
| 101|  5| 178|  3| 148|  2| 148|  2|   148 |     2|        96 |          5|  93|   8|
|  86| 15|   3| 25| 148|  0| 148|  0|   148 |     0|        86 |         10|  95|   2|
|  82|  4|  31| 28| 149|  1| 149|  1|   149 |     1|        82 |          4|  99|   4|
|  75|  7|  31|  0| 149|  0| 149|  0|   149 |     0|        75 |          7| 107|   8|
|  93| 18|  29|  2| 149|  0| 149|  0|   149 |     0|        85 |         10| 108|   1|
|  95|  2|  27|  2| 149|  0| 149|  0|   149 |     0|        93 |          8| 111|   3|
|  99|  4|  30|  3| 149|  0| 149|  0|   149 |     0|        95 |          2| 122|  11|
|  85| 14|  11| 19| 150|  1| 150|  1|   150 |     1|        99 |          4|  91|  31|
| 111| 26|  11|  0| 150|  0| 150|  0|   150 |     0|       107 |          8|  98|   7|
| 122| 11| 188| 23| 150|  0| 150|  0|   150 |     0|       108 |          1| 102|   4|
| 108| 14| 184|  4| 150|  0| 150|  0|   150 |     0|       111 |          3| 102|   0|
| 107|  1| 166| 18| 151|  1| 151|  1|   151 |     1|       122 |         11| 115|  13|
|  91| 16| 163|  3| 151|  0| 151|  0|   151 |     0|        91 |         31| 119|   4|
| 102| 11| 151| 12| 151|  0| 151|  0|   151 |     0|        98 |          7| 119|   0|
| 102|  0|  95| 56| 151|  0| 151|  0|   151 |     0|       102 |          4| 115|   4|
|  98|  4|  91|  4| 151|  0| 151|  0|   151 |     0|       102 |          0| 115|   0|
| 119| 21| 106| 15| 151|  0| 151|  0|   151 |     0|       115 |         13| 111|   4|
| 115|  4|  94| 12| 151|  0| 151|  0|   151 |     0|       119 |          4| 121|  10|
| 111|  4|  89|  5| 152|  1| 152|  1|   152 |     1|       119 |          0|  96|  25|
| 115|  4|  75| 14| 152|  0| 152|  0|   152 |     0|       115 |          4|  92|   4|
| 115|  0|  70|  5| 153|  1| 153|  1|   153 |     1|       115 |          0|  90|   2|
| 119|  4|  72|  2| 153|  0| 153|  0|   153 |     0|       111 |          4|  89|   1|
| 121|  2|  75|  3| 153|  0| 153|  0|   153 |     0|       121 |         10|  85|   4|
|  85| 36|  75|  0| 153|  0| 153|  0|   153 |     0|        96 |         25|  95|  10|
|  92|  7|  85| 10| 153|  0| 153|  0|   153 |     0|        92 |          4|  98|   3|
|  90|  2|  88|  3| 153|  0| 153|  0|   153 |     0|        90 |          2| 106|   8|
|  96|  6|  75| 13| 153|  0| 153|  0|   153 |     0|        89 |          1| 107|   1|
|  89|  7|  65| 10| 153|  0| 153|  0|   153 |     0|        85 |          4| 111|   4|
|  95|  6|  60|  5| 154|  1| 154|  1|   154 |     1|        95 |         10| 105|   6|
|  98|  3|  59|  1| 154|  0| 154|  0|   154 |     0|        98 |          3| 165|  60|
| 107|  9|  61|  2| 154|  0| 154|  0|   154 |     0|       106 |          8| 168|   3|
| 106|  1|  68|  7| 154|  0| 154|  0|   154 |     0|       107 |          1| 168|   0|
| 111|  5|  58| 10| 154|  0| 154|  0|   154 |     0|       111 |          4| 191|  23|
| 105|  6|  52|  6| 155|  1| 155|  1|   155 |     1|       105 |          6| 190|   1|
| 165| 60|  50|  2| 155|  0| 155|  0|   155 |     0|       165 |         60|  21|  31|
| 168|  3|  55|  5| 155|  0| 155|  0|   155 |     0|       168 |          3|  19|   2|
| 168|  0|  84| 29| 155|  0| 155|  0|   155 |     0|       168 |          0|  12|   7|
| 191| 23|  91|  7| 156|  1| 156|  1|   156 |     1|       191 |         23|  11|   1|
| 190|  1|  69| 22| 156|  0| 156|  0|   156 |     0|       190 |          1|  22|  11|
|  11| 21|  58| 11| 156|  0| 156|  0|   156 |     0|        21 |         31|  28|   6|
|  19|  8| 109| 51| 156|  0| 156|  0|   156 |     0|        19 |          2|  33|   5|
|  12|  7| 115|  6| 157|  1| 157|  1|   157 |     1|        12 |          7|  34|   1|
|  21|  9| 115|  0| 157|  0| 157|  0|   157 |     0|        11 |          1|  34|   0|
|  22|  1|  84| 31| 157|  0| 157|  0|   157 |     0|        22 |         11|  38|   4|
|  34| 12|  65| 19| 157|  0| 157|  0|   157 |     0|        28 |          6|  47|   9|
|  34|  0|  51| 14| 157|  0| 157|  0|   157 |     0|        33 |          5|  53|   6|
|  33|  1|  49|  2| 157|  0| 157|  0|   157 |     0|        34 |          1|  62|   9|
|  28|  5|  44|  5| 157|  0| 157|  0|   157 |     0|        34 |          0|  66|   4|
|  38| 10|  43|  1| 157|  0| 157|  0|   157 |     0|        38 |          4|  48|  18|
|  47|  9|  59| 16| 157|  0| 157|  0|   157 |     0|        47 |          9|  45|   3|
|  53|  6|  36| 23| 157|  0| 157|  0|   157 |     0|        53 |          6|  44|   1|
|  66| 13|  37|  1| 157|  0| 157|  0|   157 |     0|        62 |          9|  44|   0|
|  62|  4|  40|  3| 158|  1| 158|  1|   158 |     1|        66 |          4|  42|   2|
|  48| 14|  38|  2| 158|  0| 158|  0|   158 |     0|        48 |         18|  42|   0|
|  42|  6|  25| 13| 158|  0| 158|  0|   158 |     0|        45 |          3|  66|  24|
|  44|  2|  22|  3| 158|  0| 158|  0|   158 |     0|        44 |          1|  73|   7|
|  44|  0|  31|  9| 159|  1| 159|  1|   159 |     1|        44 |          0|  78|   5|
|  45|  1|  17| 14| 159|  0| 159|  0|   159 |     0|        42 |          2|  83|   5|
|  42|  3|  17|  0| 159|  0| 159|  0|   159 |     0|        42 |          0|  88|   5|
|  66| 24|  12|  5| 159|  0| 159|  0|   159 |     0|        66 |         24|  91|   3|
|  73|  7|   8|  4| 159|  0| 159|  0|   159 |     0|        73 |          7|  93|   2|
|  78|  5|  15|  7| 159|  0| 159|  0|   159 |     0|        78 |          5|  94|   1|
|  83|  5| 185| 30| 159|  0| 159|  0|   159 |     0|        83 |          5| 107|  13|
|  93| 10| 195| 10| 160|  1| 160|  1|   160 |     1|        88 |          5|  86|  21|
|  94|  1| 194|  1| 161|  1| 161|  1|   161 |     1|        91 |          3|  86|   0|
| 107| 13|   5| 11| 162|  1| 162|  1|   162 |     1|        93 |          2|  79|   7|
|  88| 19|   8|  3| 162|  0| 162|  0|   162 |     0|        94 |          1|  79|   0|
|  91|  3|   7|  1| 163|  1| 163|  1|   163 |     1|       107 |         13|  67|  12|
|  86|  5|  10|  3| 163|  0| 163|  0|   163 |     0|        86 |         21|  96|  29|
|  86|  0|  10|  0| 163|  0| 163|  0|   163 |     0|        86 |          0|  96|   0|
|  79|  7|   8|  2| 164|  1| 164|  1|   164 |     1|        79 |          7|  98|   2|
|  79|  0|  10|  2| 164|  0| 164|  0|   164 |     0|        79 |          0|  98|   0|
|  67| 12| 200| 10| 164|  0| 164|  0|   164 |     0|        67 |         12| 100|   2|
|  98| 31| 191|  9| 164|  0| 164|  0|   164 |     0|        96 |         29| 109|   9|
|  98|  0| 167| 24| 165|  1| 165|  1|   165 |     1|        96 |          0|  91|  18|
| 100|  2| 169|  2| 165|  0| 165|  0|   165 |     0|        98 |          2|  87|   4|
|  96|  4| 187| 18| 165|  0| 165|  0|   165 |     0|        98 |          0|  83|   4|
|  96|  0| 187|  0| 165|  0| 165|  0|   165 |     0|       100 |          2|  80|   3|
| 109| 13| 185|  2| 166|  1| 166|  1|   166 |     1|       109 |          9|  84|   4|
|  87| 22| 185|  0| 166|  0| 166|  0|   166 |     0|        91 |         18|  91|   7|
|  83|  4| 196| 11| 166|  0| 166|  0|   166 |     0|        87 |          4|  93|   2|
|  80|  3| 194|  2| 166|  0| 166|  0|   166 |     0|        83 |          4|  93|   0|
|  91| 11| 199|  5| 166|  0| 166|  0|   166 |     0|        80 |          3|  78|  15|
|  84|  7| 197|  2| 166|  0| 166|  0|   166 |     0|        84 |          4|  82|   4|
|  93|  9|  14| 17| 167|  1| 167|  1|   167 |     1|        91 |          7|  84|   2|
|  93|  0|  18|  4| 167|  0| 167|  0|   167 |     0|        93 |          2|  84|   0|
|  78| 15|  11|  7| 168|  1| 168|  1|   168 |     1|        93 |          0|  88|   4|
|  91| 13|   6|  5| 168|  0| 168|  0|   168 |     0|        78 |         15|  75|  13|
|  88|  3|   7|  1| 168|  0| 168|  0|   168 |     0|        82 |          4|  78|   3|
|  82|  6|  11|  4| 168|  0| 168|  0|   168 |     0|        84 |          2|  68|  10|
|  84|  2| 198| 13| 168|  0| 168|  0|   168 |     0|        84 |          0|  60|   8|
|  84|  0| 197|  1| 168|  0| 168|  0|   168 |     0|        88 |          4|  32|  28|
|  75|  9| 197|  0| 168|  0| 168|  0|   168 |     0|        75 |         13|  30|   2|
|  78|  3|   1|  4| 168|  0| 168|  0|   168 |     0|        78 |          3|  58|  28|
|  68| 10|  21| 20| 168|  0| 168|  0|   168 |     0|        68 |         10|  69|  11|
|  60|  8|  21|  0| 168|  0| 168|  0|   168 |     0|        60 |          8|  71|   2|
|  32| 28|  31| 10| 169|  1| 169|  1|   169 |     1|        32 |         28|  76|   5|
|  30|  2|  27|  4| 169|  0| 169|  0|   169 |     0|        30 |          2|  80|   4|
|  69| 39|  28|  1| 169|  0| 169|  0|   169 |     0|        58 |         28|  69|  11|
|  76|  7|  32|  4| 169|  0| 169|  0|   169 |     0|        69 |         11|  69|   0|
|  80|  4|  33|  1| 170|  1| 170|  1|   170 |     1|        71 |          2|  58|  11|
|  71|  9|  33|  0| 170|  0| 170|  0|   170 |     0|        76 |          5|  50|   8|
|  58| 13|  33|  0| 170|  0| 170|  0|   170 |     0|        80 |          4|  46|   4|
|  58|  0|  54| 21| 170|  0| 170|  0|   170 |     0|        69 |         11|  92|  46|
|  46| 12|  54|  0| 171|  1| 171|  1|   171 |     1|        69 |          0|  95|   3|
|  69| 23|  70| 16| 171|  0| 171|  0|   171 |     0|        58 |         11|  95|   0|
|  50| 19|  66|  4| 171|  0| 171|  0|   171 |     0|        50 |          8|  98|   3|
|  69| 19|  59|  7| 171|  0| 171|  0|   171 |     0|        46 |          4| 104|   6|
|  98| 29|  60|  1| 171|  0| 171|  0|   171 |     0|        92 |         46| 104|   0|
|  92|  6|  61|  1| 172|  1| 172|  1|   172 |     1|        95 |          3| 106|   2|
|  95|  3|  68|  7| 172|  0| 172|  0|   172 |     0|        95 |          0| 107|   1|
|  95|  0|  78| 10| 172|  0| 172|  0|   172 |     0|        98 |          3| 108|   1|
| 104|  9|  77|  1| 172|  0| 172|  0|   172 |     0|       104 |          6| 109|   1|
| 107|  3|  95| 18| 172|  0| 172|  0|   172 |     0|       104 |          0|  86|  23|
| 104|  3|  95|  0| 172|  0| 172|  0|   172 |     0|       106 |          2|  81|   5|
| 108|  4|  95|  0| 172|  0| 172|  0|   172 |     0|       107 |          1|  78|   3|
| 106|  2|  38| 57| 173|  1| 173|  1|   173 |     1|       108 |          1|  70|   8|
| 109|  3|  28| 10| 173|  0| 173|  0|   173 |     0|       109 |          1|  60|  10|
|  86| 23|  29|  1| 173|  0| 173|  0|   173 |     0|        86 |         23|  56|   4|
|  78|  8|  21|  8| 173|  0| 173|  0|   173 |     0|        81 |          5|  39|  17|
|  81|  3|  16|  5| 173|  0| 173|  0|   173 |     0|        78 |          3|  32|   7|
|  70| 11|  24|  8| 173|  0| 173|  0|   173 |     0|        70 |          8|  81|  49|
|  60| 10| 159| 65| 173|  0| 173|  0|   173 |     0|        60 |         10|  83|   2|
|  56|  4| 153|  6| 173|  0| 173|  0|   173 |     0|        56 |          4|  93|  10|
|  83| 27| 156|  3| 173|  0| 173|  0|   173 |     0|        39 |         17|  99|   6|
|  81|  2| 148|  8| 175|  2| 175|  2|   175 |     2|        32 |          7| 104|   5|
|  32| 49| 149|  1| 175|  0| 175|  0|   175 |     0|        81 |         49| 109|   5|
|  39|  7| 153|  4| 175|  0| 175|  0|   175 |     0|        83 |          2| 111|   2|
| 111| 72| 186| 33| 175|  0| 175|  0|   175 |     0|        93 |         10|  89|  22|
| 109|  2| 182|  4| 175|  0| 175|  0|   175 |     0|        99 |          6|  85|   4|
|  99| 10|   3| 21| 176|  1| 176|  1|   176 |     1|       104 |          5|  58|  27|
| 104|  5| 190| 13| 176|  0| 176|  0|   176 |     0|       109 |          5|  50|   8|
|  93| 11| 173| 17| 176|  0| 176|  0|   176 |     0|       111 |          2|  49|   1|
|  89|  4| 152| 21| 176|  0| 176|  0|   176 |     0|        89 |         22|  48|   1|
|  85|  4| 148|  4| 176|  0| 176|  0|   176 |     0|        85 |          4|  38|  10|
|  49| 36| 150|  2| 177|  1| 177|  1|   177 |     1|        58 |         27|  63|  25|
|  50|  1| 140| 10| 177|  0| 177|  0|   177 |     0|        50 |          8|  65|   2|
|  58|  8| 130| 10| 177|  0| 177|  0|   177 |     0|        49 |          1| 115|  50|
|  48| 10| 130|  0| 177|  0| 177|  0|   177 |     0|        48 |          1| 124|   9|
|  38| 10| 139|  9| 177|  0| 177|  0|   177 |     0|        38 |         10| 124|   0|
|  63| 25| 140|  1| 177|  0| 177|  0|   177 |     0|        63 |         25| 109|  15|
|  65|  2| 159| 19| 178|  1| 178|  1|   178 |     1|        65 |          2| 105|   4|
| 115| 50| 159|  0| 178|  0| 178|  0|   178 |     0|       115 |         50|  98|   7|
| 124|  9| 161|  2| 179|  1| 179|  1|   179 |     1|       124 |          9|  97|   1|
| 124|  0| 160|  1| 179|  0| 179|  0|   179 |     0|       124 |          0|  96|   1|
| 109| 15| 168|  8| 179|  0| 179|  0|   179 |     0|       109 |         15| 122|  26|
|  98| 11| 172|  4| 181|  2| 181|  2|   181 |     2|       105 |          4| 127|   5|
| 105|  7| 183| 11| 181|  0| 181|  0|   181 |     0|        98 |          7| 139|  12|
|  96|  9| 195| 12| 182|  1| 182|  1|   182 |     1|        97 |          1| 138|   1|
|  97|  1| 195|  0| 183|  1| 183|  1|   183 |     1|        96 |          1| 137|   1|
| 127| 30| 200|  5| 183|  0| 183|  0|   183 |     0|       122 |         26| 125|  12|
| 122|  5| 200|  0| 183|  0| 183|  0|   183 |     0|       127 |          5| 102|  23|
| 139| 17|   1|  1| 183|  0| 183|  0|   183 |     0|       139 |         12|  96|   6|
| 138|  1| 196|  5| 183|  0| 183|  0|   183 |     0|       138 |          1| 103|   7|
| 137|  1| 197|  1| 183|  0| 183|  0|   183 |     0|       137 |          1|  81|  22|
| 125| 12| 193|  4| 183|  0| 183|  0|   183 |     0|       125 |         12|  79|   2|
| 102| 23| 193|  0| 183|  0| 183|  0|   183 |     0|       102 |         23|  78|   1|
|  96|  6|   1|  8| 184|  1| 184|  1|   184 |     1|        96 |          6|  77|   1|
| 103|  7| 175| 26| 184|  0| 184|  0|   184 |     0|       103 |          7| 109|  32|
|  79| 24| 171|  4| 184|  0| 184|  0|   184 |     0|        81 |         22| 113|   4|
|  78|  1| 173|  2| 184|  0| 184|  0|   184 |     0|        79 |          2| 119|   6|
|  77|  1| 165|  8| 184|  0| 184|  0|   184 |     0|        78 |          1| 130|  11|
|  81|  4| 157|  8| 184|  0| 184|  0|   184 |     0|        77 |          1| 134|   4|
| 113| 32| 157|  0| 185|  1| 185|  1|   185 |     1|       109 |         32| 126|   8|
| 109|  4| 139| 18| 185|  0| 185|  0|   185 |     0|       113 |          4| 119|   7|
| 119| 10| 150| 11| 185|  0| 185|  0|   185 |     0|       119 |          6| 173|  54|
| 130| 11| 145|  5| 185|  0| 185|  0|   185 |     0|       130 |         11| 176|   3|
| 134|  4| 177| 32| 185|  0| 185|  0|   185 |     0|       134 |          4| 177|   1|
| 126|  8| 185|  8| 185|  0| 185|  0|   185 |     0|       126 |          8| 195|  18|
| 119|  7| 172| 13| 185|  0| 185|  0|   185 |     0|       119 |          7| 199|   4|
| 173| 54| 151| 21| 185|  0| 185|  0|   185 |     0|       173 |         54| 176|  23|
| 177|  4| 175| 24| 186|  1| 186|  1|   186 |     1|       176 |          3| 168|   8|
| 176|  1| 175|  0| 186|  0| 186|  0|   186 |     0|       177 |          1| 168|   0|
| 199| 23| 176|  1| 186|  0| 186|  0|   186 |     0|       195 |         18| 171|   3|
| 195|  4| 146| 30| 187|  1| 187|  1|   187 |     1|       199 |          4| 172|   1|
| 168| 27| 155|  9| 187|  0| 187|  0|   187 |     0|       176 |         23| 179|   7|
| 168|  0| 143| 12| 187|  0| 187|  0|   187 |     0|       168 |          8| 184|   5|
| 176|  8| 157| 14| 187|  0| 187|  0|   187 |     0|       168 |          0| 151|  33|
| 171|  5| 158|  1| 188|  1| 188|  1|   188 |     1|       171 |          3| 158|   7|
| 179|  8| 139| 19| 188|  0| 188|  0|   188 |     0|       172 |          1| 158|   0|
| 184|  5| 132|  7| 188|  0| 188|  0|   188 |     0|       179 |          7| 146|  12|
| 172| 12| 132|  0| 188|  0| 188|  0|   188 |     0|       184 |          5| 118|  28|
| 151| 21| 135|  3| 188|  0| 188|  0|   188 |     0|       151 |         33|  85|  33|
| 158|  7| 106| 29| 188|  0| 188|  0|   188 |     0|       158 |          7|  85|   0|
| 158|  0|  96| 10| 189|  1| 189|  1|   189 |     1|       158 |          0|  78|   7|
| 146| 12|  78| 18| 189|  0| 189|  0|   189 |     0|       146 |         12|  73|   5|
| 118| 28|  69|  9| 190|  1| 190|  1|   190 |     1|       118 |         28|  91|  18|
|  85| 33|  80| 11| 190|  0| 190|  0|   190 |     0|        85 |         33|  97|   6|
|  85|  0|  80|  0| 190|  0| 190|  0|   190 |     0|        85 |          0|  73|  24|
|  97| 12|  77|  3| 190|  0| 190|  0|   190 |     0|        78 |          7|  71|   2|
|  91|  6|  58| 19| 191|  1| 191|  1|   191 |     1|        73 |          5|  62|   9|
|  73| 18|  49|  9| 191|  0| 191|  0|   191 |     0|        91 |         18|  60|   2|
|  78|  5|  22| 27| 191|  0| 191|  0|   191 |     0|        97 |          6|  52|   8|
|  60| 18|  27|  5| 191|  0| 191|  0|   191 |     0|        73 |         24|   6|  46|
|  71| 11|  29|  2| 191|  0| 191|  0|   191 |     0|        71 |          2|   5|   1|
|  73|  2|  26|  3| 192|  1| 192|  1|   192 |     1|        62 |          9|   5|   0|
|  62| 11|  33|  7| 192|  0| 192|  0|   192 |     0|        60 |          2|   1|   4|
|  52| 10|  31|  2| 192|  0| 192|  0|   192 |     0|        52 |          8| 197|   4|
|   5| 47|  37|  6| 192|  0| 192|  0|   192 |     0|         6 |         46|  35|  38|
|   5|  0|  46|  9| 192|  0| 192|  0|   192 |     0|         5 |          1|  34|   1|
| 197|  8|  42|  4| 193|  1| 193|  1|   193 |     1|         5 |          0|  25|   9|
|   1|  4|  69| 27| 193|  0| 193|  0|   193 |     0|         1 |          4|  24|   1|
|   6|  5|  69|  0| 193|  0| 193|  0|   193 |     0|       197 |          4| 198|  26|
|  25| 19|  73|  4| 194|  1| 194|  1|   194 |     1|        35 |         38| 188|  10|
|  24|  1|  69|  4| 194|  0| 194|  0|   194 |     0|        34 |          1| 153|  35|
|  34| 10|  69|  0| 194|  0| 194|  0|   194 |     0|        25 |          9| 153|   0|
|  35|  1|  69|  0| 194|  0| 194|  0|   194 |     0|        24 |          1| 145|   8|
| 198| 37|  68|  1| 194|  0| 194|  0|   194 |     0|       198 |         26| 144|   1|
| 188| 10|  70|  2| 195|  1| 195|  1|   195 |     1|       188 |         10|  11|  67|
| 153| 35|  69|  1| 195|  0| 195|  0|   195 |     0|       153 |         35|   6|   5|
| 153|  0|  66|  3| 195|  0| 195|  0|   195 |     0|       153 |          0|   1|   5|
| 144|  9|  54| 12| 195|  0| 195|  0|   195 |     0|       145 |          8| 183|  18|
| 145|  1|  28| 26| 195|  0| 195|  0|   195 |     0|       144 |          1| 194|  11|
|   1| 56|  40| 12| 195|  0| 195|  0|   195 |     0|        11 |         67| 168|  26|
| 194|  7|  24| 16| 195|  0| 195|  0|   195 |     0|         6 |          5|  15|  47|
| 183| 11|  17|  7| 196|  1| 196|  1|   196 |     1|         1 |          5|  11|   4|
|   6| 23|  25|  8| 196|  0| 196|  0|   196 |     0|       183 |         18|   8|   3|
|  11|  5|  11| 14| 196|  0| 196|  0|   196 |     0|       194 |         11|   8|   0|
|  15|  4|   5|  6| 196|  0| 196|  0|   196 |     0|       168 |         26| 172|  36|
|  11|  4|  11|  6| 196|  0| 196|  0|   196 |     0|        15 |         47| 176|   4|
|   8|  3| 193| 18| 196|  0| 196|  0|   196 |     0|        11 |          4| 191|  15|
|   8|  0| 199|  6| 196|  0| 196|  0|   196 |     0|         8 |          3| 192|   1|
| 168| 40| 199|  0| 196|  0| 196|  0|   196 |     0|         8 |          0| 200|   8|
| 191| 23|   1|  2| 197|  1| 197|  1|   197 |     1|       172 |         36| 199|   1|
| 192|  1|  50| 49| 197|  0| 197|  0|   197 |     0|       176 |          4| 196|   3|
| 200|  8|  57|  7| 197|  0| 197|  0|   197 |     0|       191 |         15| 188|   8|
| 176| 24| 108| 51| 197|  0| 197|  0|   197 |     0|       192 |          1|   4|  16|
| 172|  4| 106|  2| 197|  0| 197|  0|   197 |     0|       200 |          8|   4|   0|
| 199| 27|  94| 12| 197|  0| 197|  0|   197 |     0|       199 |          1|   5|   1|
| 188| 11|  90|  4| 197|  0| 197|  0|   197 |     0|       196 |          3|  11|   6|
| 196|  8|  85|  5| 197|  0| 197|  0|   197 |     0|       188 |          8|   2|   9|
|   4|  8|  86|  1| 197|  0| 197|  0|   197 |     0|         4 |         16|   2|   0|
|   4|  0|  85|  1| 198|  1| 198|  1|   198 |     1|         4 |          0|   1|   1|
|   5|  1|  99| 14| 198|  0| 198|  0|   198 |     0|         5 |          1|  50|  49|
|  11|  6|  93|  6| 198|  0| 198|  0|   198 |     0|        11 |          6|  50|   0|
|   2|  9|  56| 37| 198|  0| 198|  0|   198 |     0|         2 |          9|  50|   0|
|   1|  1|  50|  6| 198|  0| 198|  0|   198 |     0|         2 |          0|  62|  12|
|   2|  1|  62| 12| 198|  0| 198|  0|   198 |     0|         1 |          1|  71|   9|
|  50| 48|  58|  4| 198|  0| 198|  0|   198 |     0|        50 |         49|  71|   0|
|  62| 12|  53|  5| 199|  1| 199|  1|   199 |     1|        50 |          0|  79|   8|
|  50| 12|  51|  2| 199|  0| 199|  0|   199 |     0|        50 |          0|  89|  10|
|  50|  0|  68| 17| 199|  0| 199|  0|   199 |     0|        62 |         12|  90|   1|
|  71| 21|  35| 33| 199|  0| 199|  0|   199 |     0|        71 |          9| 104|  14|
|  71|  0|  40|  5| 199|  0| 199|  0|   199 |     0|        71 |          0|  92|  12|
|  79|  8|  36|  4| 199|  0| 199|  0|   199 |     0|        79 |          8|  86|   6|
|  89| 10|  45|  9| 200|  1| 200|  1|   200 |     1|        89 |         10|  85|   1|
|  90|  1|  60| 15| 200|  0| 200|  0|   200 |     0|        90 |          1|  81|   4|
| 104| 14|  60|  0| 200|  0| 200|  0|   200 |     0|       104 |         14|  59|  22|
|  92| 12|  57|  3| 200|  0| 200|  0|   200 |     0|        92 |         12|  60|   1|
|  81| 11|  51|  6| 200|  0| 200|  0|   200 |     0|        86 |          6|  62|   2|
|  86|  5|  50|  1| 200|  0| 200|  0|   200 |     0|        85 |          1|  64|   2|
|  85|  1|  47|  3| 200|  0| 200|  0|   200 |     0|        81 |          4|  57|   7|
|  59| 26|  67| 20|   1|  1|  99| 99|     1 |     1|        59 |         22|  54|   3|
|  60|  1|  58|  9|   1|  0|  99|  0|     1 |     0|        60 |          1|  66|  12|
|  64|  4|  57|  1|   1|  0|  99|  0|     1 |     0|        62 |          2|  88|  22|
|  54| 10|  56|  1|   1|  0|  99|  0|     1 |     0|        64 |          2|  91|   3|
|  57|  3|  55|  1|   1|  0|  99|  0|     1 |     0|        57 |          7|  97|   6|
|  62|  5|  58|  3|   1|  0|  98|  1|     1 |     0|        54 |          3| 100|   3|
|  66|  4|  53|  5|   1|  0|  98|  0|     1 |     0|        66 |         12| 100|   0|
|  91| 25|  61|  8|   1|  0|  98|  0|     1 |     0|        88 |         22|  85|  15|
|  88|  3|  67|  6|   1|  0|  98|  0|     1 |     0|        91 |          3|  82|   3|
|  97|  9|  69|  2|   2|  1|  98|  0|     2 |     1|        97 |          6|  77|   5|
| 100|  3|  78|  9|   2|  0|  98|  0|     2 |     0|       100 |          3|  72|   5|
|  85| 15|  78|  0|   2|  0|  97|  1|     2 |     0|       100 |          0|  66|   6|
|  72| 13|  77|  1|   3|  1|  97|  0|     3 |     1|        85 |         15|  79|  13|
|  82| 10|  56| 21|   3|  0|  97|  0|     3 |     0|        82 |          3|  96|  17|
| 100| 18|  49|  7|   3|  0|  97|  0|     3 |     0|        77 |          5|  97|   1|
|  77| 23|  45|  4|   3|  0|  97|  0|     3 |     0|        72 |          5| 104|   7|
|  66| 11|  42|  3|   3|  0|  96|  1|     3 |     0|        66 |          6| 101|   3|
|  79| 13|  36|  6|   3|  0|  96|  0|     3 |     0|        79 |         13| 116|  15|
|  97| 18|  24| 12|   3|  0|  96|  0|     3 |     0|        96 |         17| 118|   2|
| 104|  7|   5| 19|   3|  0|  96|  0|     3 |     0|        97 |          1| 128|  10|
|  96|  8| 187| 18|   4|  1|  96|  0|     4 |     1|       104 |          7| 134|   6|
| 101|  5| 198| 11|   4|  0|  96|  0|     4 |     0|       101 |          3| 169|  35|
| 118| 17|   6|  8|   4|  0|  96|  0|     4 |     0|       116 |         15| 183|  14|
| 128| 10|   9|  3|   4|  0|  96|  0|     4 |     0|       118 |          2| 183|   0|
| 134|  6|   9|  0|   5|  1|  96|  0|     5 |     1|       128 |         10| 196|  13|
| 116| 18| 196| 13|   5|  0|  96|  0|     5 |     0|       134 |          6| 196|   0|
| 169| 53| 173| 23|   5|  0|  96|  0|     5 |     0|       169 |         35| 188|   8|
| 196| 27| 184| 11|   5|  0|  96|  0|     5 |     0|       183 |         14| 187|   1|
| 196|  0| 178|  6|   5|  0|  95|  1|     5 |     0|       183 |          0| 168|  19|
| 183| 13| 151| 27|   5|  0|  95|  0|     5 |     0|       196 |         13| 154|  14|
| 183|  0| 132| 19|   5|  0|  95|  0|     5 |     0|       196 |          0| 197|  43|
| 187|  4| 135|  3|   5|  0|  95|  0|     5 |     0|       188 |          8| 138|  59|
| 188|  1| 136|  1|   5|  0|  95|  0|     5 |     0|       187 |          1| 136|   2|
| 197|  9| 135|  1|   5|  0|  95|  0|     5 |     0|       168 |         19| 135|   1|
| 168| 29| 142|  7|   6|  1|  95|  0|     6 |     1|       154 |         14| 135|   0|
| 154| 14| 137|  5|   6|  0|  95|  0|     6 |     0|       197 |         43|  91|  44|
| 138| 16| 129|  8|   6|  0|  95|  0|     6 |     0|       138 |         59| 101|  10|
| 135|  3| 151| 22|   6|  0|  95|  0|     6 |     0|       136 |          2| 105|   4|
| 136|  1| 153|  2|   6|  0|  94|  1|     6 |     0|       135 |          1|  74|  31|
| 135|  1| 153|  0|   6|  0|  94|  0|     6 |     0|       135 |          0|  73|   1|
|  91| 44| 146|  7|   7|  1|  94|  0|     7 |     1|        91 |         44|  71|   2|
| 105| 14| 125| 21|   7|  0|  94|  0|     7 |     0|       101 |         10|  85|  14|
| 101|  4| 107| 18|   7|  0|  93|  1|     7 |     0|       105 |          4|  86|   1|
|  71| 30|  96| 11|   7|  0|  93|  0|     7 |     0|        74 |         31|  68|  18|
|  73|  2| 103|  7|   7|  0|  93|  0|     7 |     0|        73 |          1|  50|  18|
|  74|  1| 109|  6|   7|  0|  93|  0|     7 |     0|        71 |          2|  47|   3|
|  85| 11| 125| 16|   8|  1|  93|  0|     8 |     1|        85 |         14|  39|   8|
|  86|  1| 121|  4|   8|  0|  93|  0|     8 |     0|        86 |          1|  31|   8|
|  68| 18| 115|  6|   8|  0|  93|  0|     8 |     0|        68 |         18| 166|  65|
|  50| 18| 105| 10|   8|  0|  92|  1|     8 |     0|        50 |         18| 175|   9|
|  47|  3|  87| 18|   8|  0|  92|  0|     8 |     0|        47 |          3| 188|  13|
|  39|  8|  86|  1|   8|  0|  92|  0|     8 |     0|        39 |          8| 183|   5|
|  31|  8|  88|  2|   8|  0|  92|  0|     8 |     0|        31 |          8| 183|   0|
| 175| 56|  80|  8|   8|  0|  92|  0|     8 |     0|       166 |         65| 175|   8|
| 166|  9|  69| 11|   9|  1|  92|  0|     9 |     1|       175 |          9| 173|   2|
| 188| 22|  29| 40|   9|  0|  92|  0|     9 |     0|       188 |         13| 195|  22|
| 183|  5|   9| 20|   9|  0|  91|  1|     9 |     0|       183 |          5| 195|   0|
| 183|  0| 198| 11|   9|  0|  91|  0|     9 |     0|       183 |          0| 192|   3|
| 173| 10| 195|  3|   9|  0|  91|  0|     9 |     0|       175 |          8|   9|  17|
| 175|  2|   1|  6|  10|  1|  91|  0|    10 |     1|       173 |          2|   1|   8|
| 195| 20| 192|  9|  10|  0|  91|  0|    10 |     0|       195 |         22| 198|   3|
| 192|  3| 195|  3|  10|  0|  91|  0|    10 |     0|       195 |          0| 166|  32|
|   1|  9| 175| 20|  10|  0|  91|  0|    10 |     0|       192 |          3| 159|   7|
| 195|  6| 173|  2|  10|  0|  91|  0|    10 |     0|         9 |         17| 159|   0|
| 198|  3| 183| 10|  11|  1|  91|  0|    11 |     1|         1 |          8| 159|   0|
|   9| 11| 183|  0|  11|  0|  91|  0|    11 |     0|       198 |          3| 155|   4|
|  29| 20| 188|  5|  11|  0|  90|  1|    11 |     0|        88 |         90|  88|  67|
|  69| 40| 166| 22|  11|  0|  90|  0|    11 |     0|        86 |          2|  86|   2|
|  80| 11| 175|  9|  11|  0|  90|  0|    11 |     0|        80 |          6|  80|   6|
|  88|  8|  31| 56|  11|  0|  89|  1|    11 |     0|        69 |         11|  69|  11|
|  86|  2|  39|  8|  11|  0|  89|  0|    11 |     0|        29 |         40|  29|  40|
|  87|  1|  47|  8|  11|  0|  89|  0|    11 |     0|        87 |         58|  87|  58|
| 105| 18|  50|  3|  11|  0|  89|  0|    11 |     0|       105 |         18| 105|  18|
| 115| 10|  68| 18|  11|  0|  89|  0|    11 |     0|       115 |         10| 115|  10|
| 121|  6|  86| 18|  12|  1|  89|  0|    12 |     1|       121 |          6| 121|   6|
| 125|  4|  85|  1|  12|  0|  88|  1|    12 |     0|       125 |          4| 125|   4|
| 109| 16|  74| 11|  12|  0|  88|  0|    12 |     0|       125 |          0| 125|   0|
| 103|  6|  73|  1|  12|  0|  88|  0|    12 |     0|       109 |         16| 109|  16|
|  96|  7|  71|  2|  13|  1|  88|  0|    13 |     1|       107 |          2| 107|   2|
| 107| 11| 101| 30|  13|  0|  88|  0|    13 |     0|       103 |          4| 103|   4|
| 125| 18| 105|  4|  14|  1|  88|  0|    14 |     1|        96 |          7|  96|   7|
| 146| 21|  91| 14|  14|  0|  87|  1|    14 |     0|       129 |         33| 129|  33|
| 153|  7| 135| 44|  15|  1|  87|  0|    15 |     1|       146 |         17| 146|  17|
| 153|  0| 136|  1|  15|  0|  87|  0|    15 |     0|       151 |          5| 151|   5|
| 151|  2| 135|  1|  15|  0|  87|  0|    15 |     0|       153 |          2| 153|   2|
| 129| 22| 138|  3|  15|  0|  86|  1|    15 |     0|       153 |          0| 153|   0|
| 137|  8| 154| 16|  16|  1|  86|  0|    16 |     1|       142 |         11| 142|  11|
| 142|  5| 168| 14|  16|  0|  86|  0|    16 |     0|       137 |          5| 137|   5|
| 135|  7| 197| 29|  17|  1|  86|  0|    17 |     1|       136 |          1| 136|   1|
| 136|  1| 188|  9|  17|  0|  86|  0|    17 |     0|       135 |          1| 135|   1|
| 135|  1| 187|  1|  17|  0|  86|  0|    17 |     0|       135 |          0| 135|   0|
| 132|  3| 183|  4|  17|  0|  86|  0|    17 |     0|       132 |          3| 196|  61|
| 151| 19| 183|  0|  17|  0|  86|  0|    17 |     0|       151 |         19| 198|   2|
| 178| 27| 196| 13|  18|  1|  86|  0|    18 |     1|       173 |         22|   9|  11|
| 184|  6| 196|  0|  18|  0|  86|  0|    18 |     0|       178 |          5|   9|   0|
| 173| 11| 169| 27|  18|  0|  85|  1|    18 |     0|       184 |          6|   6|   3|
| 196| 23| 116| 53|  18|  0|  85|  0|    18 |     0|       196 |         12|  24|  18|
|   9| 13| 134| 18|  18|  0|  85|  0|    18 |     0|       198 |          2|  36|  12|
|   9|  0| 128|  6|  19|  1|  85|  0|    19 |     1|         9 |         11|  42|   6|
|   6|  3| 118| 10|  19|  0|  85|  0|    19 |     0|         9 |          0| 187|  55|
| 198|  8| 101| 17|  19|  0|  85|  0|    19 |     0|         6 |          3|   5|  18|
| 187| 11|  96|  5|  19|  0|  85|  0|    19 |     0|        24 |         18|  45|  40|
|   5| 18| 104|  8|  19|  0|  85|  0|    19 |     0|        36 |         12|  49|   4|
|  24| 19|  97|  7|  20|  1|  85|  0|    20 |     1|        42 |          6|  56|   7|
|  36| 12|  79| 18|  20|  0|  85|  0|    20 |     0|       187 |         55|  77|  21|
|  42|  6|  66| 13|  20|  0|  85|  0|    20 |     0|         5 |         18|  78|   1|
|  45|  3|  77| 11|  21|  1|  85|  0|    21 |     1|        45 |         40|  78|   0|
|  49|  4| 100| 23|  21|  0|  84|  1|    21 |     0|        49 |          4|  69|   9|
|  56|  7|  82| 18|  21|  0|  84|  0|    21 |     0|        56 |          7|  67|   2|
|  77| 21|  72| 10|  21|  0|  84|  0|    21 |     0|        77 |         21|  61|   6|
|  78|  1|  85| 13|  21|  0|  84|  0|    21 |     0|        78 |          1|  53|   8|
|  78|  0| 100| 15|  21|  0|  84|  0|    21 |     0|        78 |          0|  55|   2|
|  69|  9|  97|  3|  22|  1|  84|  0|    22 |     1|        69 |          9|  56|   1|
|  67|  2|  88|  9|  22|  0|  83|  1|    22 |     0|        67 |          2|  57|   1|
|  61|  6|  91|  3|  22|  0|  83|  0|    22 |     0|        61 |          6|  58|   1|
|  53|  8|  66| 25|  23|  1|  83|  0|    23 |     1|        53 |          8|  58|   0|
|  58|  5|  62|  4|  24|  1|  82|  1|    24 |     1|        55 |          2|  67|   9|
|  55|  3|  57|  5|  24|  0|  82|  0|    24 |     0|        56 |          1|  57|  10|
|  56|  1|  54|  3|  24|  0|  82|  0|    24 |     0|        57 |          1|  51|   6|
|  57|  1|  64| 10|  24|  0|  81|  1|    24 |     0|        58 |          1|  50|   1|
|  58|  1|  60|  4|  24|  0|  81|  0|    24 |     0|        58 |          0|  47|   3|
|  67|  9|  59|  1|  25|  1|  81|  0|    25 |     1|        67 |          9|  60|  13|
|  47| 20|  85| 26|  25|  0|  81|  0|    25 |     0|        57 |         10|  60|   0|
|  50|  3|  86|  1|  25|  0|  80|  1|    25 |     0|        51 |          6|  45|  15|
|  51|  1|  81|  5|  26|  1|  80|  0|    26 |     1|        50 |          1|  40|   5|
|  57|  6|  92| 11|  27|  1|  80|  0|    27 |     1|        47 |          3|  36|   4|
|  60|  3| 104| 12|  27|  0|  80|  0|    27 |     0|        60 |         13|  35|   1|
|  60|  0|  90| 14|  27|  0|  80|  0|    27 |     0|        60 |          0|  51|  16|
|  45| 15|  89|  1|  27|  0|  80|  0|    27 |     0|        45 |         15|  53|   2|
|  36|  9|  79| 10|  27|  0|  79|  1|    27 |     0|        40 |          5|  58|   5|
|  40|  4|  71|  8|  28|  1|  79|  0|    28 |     1|        36 |          4|  68|  10|
|  35|  5|  71|  0|  28|  0|  79|  0|    28 |     0|        35 |          1|  62|   6|
|  68| 33|  50| 21|  28|  0|  79|  0|    28 |     0|        51 |         16|  56|   6|
|  51| 17|  50|  0|  28|  0|  79|  0|    28 |     0|        53 |          2|  50|   6|
|  53|  2|  62| 12|  28|  0|  79|  0|    28 |     0|        58 |          5|  93|  43|
|  58|  5|  50| 12|  28|  0|  78|  1|    28 |     0|        68 |         10|  99|   6|
|  62|  4|   2| 48|  29|  1|  78|  0|    29 |     1|        62 |          6|  94|   5|
|  50| 12|   1|  1|  29|  0|  78|  0|    29 |     0|        56 |          6|  90|   4|
|  56|  6|   2|  1|  29|  0|  78|  0|    29 |     0|        50 |          6|  86|   4|
|  93| 37|  11|  9|  29|  0|  78|  0|    29 |     0|        93 |         43|  85|   1|
|  99|  6|   5|  6|  29|  0|  78|  0|    29 |     0|        99 |          6|  85|   0|
|  85| 14|   4|  1|  30|  1|  78|  0|    30 |     1|        94 |          5| 106|  21|
|  86|  1|   4|  0|  30|  0|  78|  0|    30 |     0|        90 |          4| 108|   2|
|  85|  1| 196|  8|  30|  0|  78|  0|    30 |     0|        86 |          4|  57|  51|
|  90|  5| 188|  8|  30|  0|  78|  0|    30 |     0|        85 |          1|  50|   7|
|  94|  4| 199| 11|  30|  0|  78|  0|    30 |     0|        85 |          0|   1|  49|
| 106| 12| 172| 27|  30|  0|  78|  0|    30 |     0|       106 |         21|   5|   4|
| 108|  2| 176|  4|  31|  1|  78|  0|    31 |     1|       108 |          2|  11|   6|
|  57| 51| 200| 24|  31|  0|  78|  0|    31 |     0|        57 |         51| 193|  18|
|  50|  7| 192|  8|  31|  0|  78|  0|    31 |     0|        50 |          7| 199|   6|
|   1| 49| 191|  1|  31|  0|  77|  1|    31 |     0|         1 |         49| 199|   0|
| 199|  2| 168| 23|  31|  0|  77|  0|    31 |     0|         5 |          4|  40|  41|
| 199|  0|   8| 40|  31|  0|  77|  0|    31 |     0|        11 |          6|  25|  15|
| 193|  6|   8|  0|  31|  0|  77|  0|    31 |     0|       193 |         18|  24|   1|
|  11| 18|  11|  3|  31|  0|  77|  0|    31 |     0|       199 |          6|  17|   7|
|   5|  6|  15|  4|  32|  1|  77|  0|    32 |     1|       199 |          0|  11|   6|
|  11|  6|  11|  4|  32|  0|  77|  0|    32 |     0|        40 |         41|  28|  17|
|  25| 14|   6|  5|  32|  0|  76|  1|    32 |     0|        25 |         15|  54|  26|
|  17|  8| 183| 23|  33|  1|  76|  0|    33 |     1|        24 |          1|  66|  12|
|  24|  7| 194| 11|  33|  0|  75|  1|    33 |     0|        17 |          7|  69|   3|
|  40| 16|   1|  7|  33|  0|  75|  0|    33 |     0|        11 |          6|  70|   1|
|  28| 12| 145| 56|  33|  0|  75|  0|    33 |     0|        28 |         17|  69|   1|
|  54| 26| 144|  1|  33|  0|  75|  0|    33 |     0|        54 |         26|  69|   0|
|  66| 12| 153|  9|  33|  0|  75|  0|    33 |     0|        66 |         12|  69|   0|
|  69|  3| 153|  0|  34|  1|  75|  0|    34 |     1|        69 |          3|  68|   1|
|  70|  1| 188| 35|  34|  0|  75|  0|    34 |     0|        70 |          1|  73|   5|
|  68|  2| 198| 10|  34|  0|  74|  1|    34 |     0|        69 |          1|  69|   4|
|  69|  1|  35| 37|  35|  1|  74|  0|    35 |     1|        69 |          0|  69|   0|
|  69|  0|  34|  1|  35|  0|  74|  0|    35 |     0|        69 |          0|  46|  23|
|  69|  0|  24| 10|  35|  0|  73|  1|    35 |     0|        68 |          1|  42|   4|
|  73|  4|  25|  1|  35|  0|  73|  0|    35 |     0|        73 |          5|  37|   5|
|  69|  4|   6| 19|  36|  1|  73|  0|    36 |     1|        69 |          4|  33|   4|
|  69|  0|   1|  5|  36|  0|  73|  0|    36 |     0|        69 |          0|  31|   2|
|  42| 27| 197|  4|  36|  0|  73|  0|    36 |     0|        46 |         23|  29|   2|
|  46|  4|   5|  8|  36|  0|  73|  0|    36 |     0|        42 |          4|  27|   2|
|  37|  9|   5|  0|  36|  0|  73|  0|    36 |     0|        37 |          5|  26|   1|
|  31|  6|  52| 47|  36|  0|  72|  1|    36 |     0|        33 |          4|  22|   4|
|  33|  2|  62| 10|  37|  1|  72|  0|    37 |     1|        31 |          2|  49|  27|
|  26|  7|  73| 11|  37|  0|  71|  1|    37 |     0|        29 |          2|  58|   9|
|  29|  3|  71|  2|  38|  1|  71|  0|    38 |     1|        27 |          2|  77|  19|
|  27|  2|  60| 11|  38|  0|  71|  0|    38 |     0|        26 |          1|  80|   3|
|  22|  5|  78| 18|  38|  0|  71|  0|    38 |     0|        22 |          4|  80|   0|
|  49| 27|  73|  5|  38|  0|  71|  0|    38 |     0|        49 |         27|  78|   2|
|  58|  9|  91| 18|  39|  1|  71|  0|    39 |     1|        58 |          9|  69|   9|
|  77| 19|  97|  6|  39|  0|  71|  0|    39 |     0|        77 |         19|  96|  27|
|  80|  3|  85| 12|  39|  0|  70|  1|    39 |     0|        80 |          3| 106|  10|
|  80|  0|  85|  0|  40|  1|  70|  0|    40 |     1|        80 |          0| 132|  26|
|  69| 11| 118| 33|  40|  0|  70|  0|    40 |     0|        78 |          2| 132|   0|
|  78|  9| 146| 28|  40|  0|  70|  0|    40 |     0|        69 |          9| 135|   3|
|  96| 18| 158| 12|  40|  0|  69|  1|    40 |     0|        96 |         27| 139|   4|
| 106| 10| 158|  0|  40|  0|  69|  0|    40 |     0|       106 |         10| 158|  19|
| 135| 29| 151|  7|  41|  1|  69|  0|    41 |     1|       132 |         26| 157|   1|
| 132|  3| 172| 21|  41|  0|  69|  0|    41 |     0|       132 |          0| 155|   2|
| 132|  0| 184| 12|  41|  0|  69|  0|    41 |     0|       135 |          3| 146|   9|
| 139|  7| 179|  5|  41|  0|  69|  0|    41 |     0|       139 |          4| 143|   3|
| 158| 19| 171|  8|  41|  0|  69|  0|    41 |     0|       158 |         19| 176|  33|
| 157|  1| 176|  5|  42|  1|  69|  0|    42 |     1|       157 |          1| 175|   1|
| 143| 14| 168|  8|  42|  0|  69|  0|    42 |     0|       155 |          2| 175|   0|
| 155| 12| 168|  0|  42|  0|  69|  0|    42 |     0|       146 |          9| 172|   3|
| 146|  9| 195| 27|  42|  0|  69|  0|    42 |     0|       143 |          3| 151|  21|
| 176| 30| 199|  4|  42|  0|  69|  0|    42 |     0|       176 |         33| 185|  34|
| 175|  1| 176| 23|  42|  0|  69|  0|    42 |     0|       175 |          1| 177|   8|
| 175|  0| 177|  1|  42|  0|  69|  0|    42 |     0|       175 |          0| 157|  20|
| 151| 24| 173|  4|  43|  1|  69|  0|    43 |     1|       172 |          3| 150|   7|
| 172| 21| 119| 54|  43|  0|  68|  1|    43 |     0|       151 |         21| 145|   5|
| 185| 13| 126|  7|  43|  0|  68|  0|    43 |     0|       185 |         34| 139|   6|
| 177|  8| 134|  8|  43|  0|  68|  0|    43 |     0|       177 |          8| 157|  18|
| 145| 32| 130|  4|  43|  0|  68|  0|    43 |     0|       157 |         20| 165|   8|
| 150|  5| 119| 11|  44|  1|  68|  0|    44 |     1|       150 |          7| 171|   6|
| 139| 11| 109| 10|  44|  0|  68|  0|    44 |     0|       145 |          5| 173|   2|
| 157| 18| 113|  4|  44|  0|  67|  1|    44 |     0|       139 |          6| 175|   2|
| 157|  0|  81| 32|  44|  0|  67|  0|    44 |     0|       157 |         18|   1|  26|
| 165|  8|  77|  4|  44|  0|  67|  0|    44 |     0|       165 |          8| 193|   8|
| 173|  8|  78|  1|  45|  1|  67|  0|    45 |     1|       171 |          6| 193|   0|
| 171|  2|  79|  1|  45|  0|  66|  1|    45 |     0|       173 |          2| 196|   3|
| 175|  4| 103| 24|  45|  0|  66|  0|    45 |     0|       175 |          2| 197|   1|
|   1| 26|  96|  7|  45|  0|  66|  0|    45 |     0|         1 |         26| 195|   2|
| 193|  8| 102|  6|  46|  1|  66|  0|    46 |     1|       193 |          8| 195|   0|
| 193|  0| 125| 23|  46|  0|  66|  0|    46 |     0|       193 |          0|   1|   6|
| 197|  4| 137| 12|  46|  0|  66|  0|    46 |     0|       196 |          3| 200|   1|
| 196|  1| 138|  1|  47|  1|  66|  0|    47 |     1|       197 |          1| 200|   0|
|   1|  5| 139|  1|  47|  0|  66|  0|    47 |     0|       195 |          2| 183|  17|
| 200|  1| 122| 17|  47|  0|  65|  1|    47 |     0|       195 |          0| 172|  11|
| 200|  0| 127|  5|  47|  0|  65|  0|    47 |     0|         1 |          6| 168|   4|
| 195|  5|  97| 30|  48|  1|  65|  0|    48 |     1|       200 |          1| 161|   7|
| 195|  0|  96|  1|  48|  0|  65|  0|    48 |     0|       200 |          0| 160|   1|
| 183| 12| 105|  9|  48|  0|  65|  0|    48 |     0|       183 |         17| 159|   1|
| 172| 11|  98|  7|  48|  0|  65|  0|    48 |     0|       172 |         11| 159|   0|
| 168|  4| 109| 11|  48|  0|  64|  1|    48 |     0|       168 |          4| 140|  19|
| 160|  8| 124| 15|  49|  1|  64|  0|    49 |     1|       161 |          7| 139|   1|
| 161|  1| 124|  0|  49|  0|  64|  0|    49 |     0|       160 |          1| 130|   9|
| 159|  2| 115|  9|  49|  0|  63|  1|    49 |     0|       159 |          1| 130|   0|
| 159|  0|  65| 50|  49|  0|  63|  0|    49 |     0|       159 |          0| 140|  10|
| 140| 19|  63|  2|  49|  0|  62|  1|    49 |     0|       140 |         19| 148|   8|
| 139|  1|  38| 25|  49|  0|  62|  0|    49 |     0|       139 |          1| 150|   2|
| 130|  9|  48| 10|  49|  0|  62|  0|    49 |     0|       130 |          9| 152|   2|
| 130|  0|  58| 10|  50|  1|  62|  0|    50 |     1|       130 |          0| 173|  21|
| 140| 10|  50|  8|  50|  0|  62|  0|    50 |     0|       140 |         10| 182|   9|
| 150| 10|  49|  1|  50|  0|  62|  0|    50 |     0|       148 |          8| 186|   4|
| 148|  2|  85| 36|  50|  0|  61|  1|    50 |     0|       150 |          2| 190|   4|
| 152|  4|  89|  4|  50|  0|  61|  0|    50 |     0|       152 |          2|   3|  13|
| 173| 21|  93|  4|  50|  0|  61|  0|    50 |     0|       173 |         21| 148|  55|
| 190| 17| 104| 11|  50|  0|  61|  0|    50 |     0|       182 |          9| 149|   1|
|   3| 13|  99|  5|  50|  0|  61|  0|    50 |     0|       186 |          4| 153|   4|
| 182| 21| 109| 10|  50|  0|  61|  0|    50 |     0|       190 |          4| 153|   0|
| 186|  4| 111|  2|  50|  0|  61|  0|    50 |     0|         3 |         13| 156|   3|
| 153| 33|  39| 72|  50|  0|  61|  0|    50 |     0|       148 |         55| 159|   3|
| 149|  4|  32|  7|  50|  0|  61|  0|    50 |     0|       149 |          1|  29|  70|
| 148|  1|  81| 49|  51|  1|  60|  1|    51 |     1|       153 |          4|  24|   5|
| 156|  8|  83|  2|  51|  0|  60|  0|    51 |     0|       153 |          0|  21|   3|
| 153|  3|  56| 27|  51|  0|  60|  0|    51 |     0|       156 |          3|  16|   5|
| 159|  6|  60|  4|  51|  0|  60|  0|    51 |     0|       159 |          3|  28|  12|
|  24| 65|  70| 10|  52|  1|  60|  0|    52 |     1|        29 |         70|  38|  10|
|  16|  8|  81| 11|  52|  0|  60|  0|    52 |     0|        24 |          5|  95|  57|
|  21|  5|  78|  3|  52|  0|  60|  0|    52 |     0|        21 |          3|  95|   0|
|  29|  8|  86|  8|  52|  0|  60|  0|    52 |     0|        16 |          5|  95|   0|
|  28|  1| 109| 23|  52|  0|  60|  0|    52 |     0|        28 |         12|  78|  17|
|  38| 10| 106|  3|  52|  0|  60|  0|    52 |     0|        38 |         10|  77|   1|
|  95| 57| 108|  2|  53|  1|  60|  0|    53 |     1|        95 |         57|  68|   9|
|  95|  0| 104|  4|  53|  0|  60|  0|    53 |     0|        95 |          0|  61|   7|
|  95|  0| 107|  3|  53|  0|  59|  1|    53 |     0|        95 |          0|  60|   1|
|  77| 18| 104|  3|  53|  0|  59|  0|    53 |     0|        78 |         17|  59|   1|
|  78|  1|  95|  9|  54|  1|  59|  0|    54 |     1|        77 |          1|  54|   5|
|  68| 10|  95|  0|  54|  0|  59|  0|    54 |     0|        68 |          9|  54|   0|
|  61|  7|  92|  3|  54|  0|  58|  1|    54 |     0|        61 |          7|  66|  12|
|  60|  1|  98|  6|  54|  0|  58|  0|    54 |     0|        60 |          1|  70|   4|
|  59|  1|  69| 29|  54|  0|  58|  0|    54 |     0|        59 |          1|  33|  37|
|  66|  7|  50| 19|  55|  1|  58|  0|    55 |     1|        54 |          5|  33|   0|
|  70|  4|  69| 19|  55|  0|  58|  0|    55 |     0|        54 |          0|  33|   0|
|  54| 16|  46| 23|  55|  0|  58|  0|    55 |     0|        66 |         12|  32|   1|
|  54|  0|  58| 12|  55|  0|  58|  0|    55 |     0|        70 |          4|  28|   4|
|  33| 21|  58|  0|  56|  1|  58|  0|    56 |     1|        33 |         37|  27|   1|
|  33|  0|  71| 13|  56|  0|  58|  0|    56 |     0|        33 |          0|  21|   6|
|  33|  0|  80|  9|  56|  0|  57|  1|    56 |     0|        33 |          0|  21|   0|
|  32|  1|  76|  4|  56|  0|  57|  0|    56 |     0|        32 |          1|   1|  20|
|  28|  4|  69|  7|  56|  0|  57|  0|    56 |     0|        28 |          4|  31|  30|
|  27|  1|  30| 39|  56|  0|  57|  0|    56 |     0|        27 |          1| 197|  34|
|  31|  4|  32|  2|  56|  0|  57|  0|    56 |     0|        21 |          6| 197|   0|
|  21| 10|  60| 28|  56|  0|  57|  0|    56 |     0|        21 |          0| 198|   1|
|  21|  0|  68|  8|  56|  0|  57|  0|    56 |     0|         1 |         20|  11|  13|
|   1| 20|  78| 10|  57|  1|  57|  0|    57 |     1|        31 |         30|   7|   4|
| 197|  4|  75|  3|  57|  0|  56|  1|    57 |     0|       197 |         34|   6|   1|
| 197|  0|  84|  9|  57|  0|  56|  0|    57 |     0|       197 |          0|  11|   5|
| 198|  1|  84|  0|  57|  0|  56|  0|    57 |     0|       198 |          1|  14|   3|
|  11| 13|  82|  2|  57|  0|  56|  0|    57 |     0|        11 |         13|  18|   4|
|   7|  4|  88|  6|  57|  0|  56|  0|    57 |     0|         7 |          4| 197|  21|
|   6|  1|  91|  3|  57|  0|  56|  0|    57 |     0|         6 |          1| 199|   2|
|  11|  5|  78| 13|  57|  0|  56|  0|    57 |     0|        11 |          5| 196|   3|
|  18|  7|  93| 15|  58|  1|  56|  0|    58 |     1|        14 |          3| 194|   2|
|  14|  4|  93|  0|  58|  0|  56|  0|    58 |     0|        18 |          4| 185|   9|
| 197| 17|  84|  9|  58|  0|  55|  1|    58 |     0|       197 |         21| 185|   0|
| 199|  2|  91|  7|  58|  0|  55|  0|    58 |     0|       199 |          2| 187|   2|
| 194|  5|  80| 11|  58|  0|  55|  0|    58 |     0|       196 |          3| 187|   0|
| 196|  2|  83|  3|  58|  0|  55|  0|    58 |     0|       194 |          2| 191|   4|
| 185| 11|  87|  4|  58|  0|  54|  1|    58 |     0|       185 |          9| 169|  22|
| 185|  0| 109| 22|  58|  0|  54|  0|    58 |     0|       185 |          0| 167|   2|
| 187|  2|  96| 13|  58|  0|  54|  0|    58 |     0|       187 |          2| 200|  33|
| 187|  0|  96|  0|  59|  1|  54|  0|    59 |     1|       187 |          0|  10|  10|
| 169| 18| 100|  4|  59|  0|  54|  0|    59 |     0|       191 |          4|  10|   0|
| 167|  2|  98|  2|  59|  0|  53|  1|    59 |     0|       169 |         22|  10|   0|
| 191| 24|  98|  0|  59|  0|  53|  0|    59 |     0|       167 |          2|   8|   2|
| 200|  9|  67| 31|  60|  1|  53|  0|    60 |     1|       200 |         33|   8|   0|
|  10| 10|  79| 12|  60|  0|  53|  0|    60 |     0|        10 |         10|   7|   1|
|   8|  2|  79|  0|  60|  0|  52|  1|    60 |     0|        10 |          0|   5|   2|
|  10|  2|  86|  7|  60|  0|  52|  0|    60 |     0|        10 |          0| 194|  11|
|  10|  0|  86|  0|  60|  0|  52|  0|    60 |     0|         8 |          2| 195|   1|
|   7|  3|  91|  5|  60|  0|  52|  0|    60 |     0|         8 |          0| 185|  10|
|   8|  1|  88|  3|  60|  0|  52|  0|    60 |     0|         7 |          1|  17|  32|
|   5|  3| 107| 19|  60|  0|  52|  0|    60 |     0|         5 |          2|  15|   2|
| 194| 11|  94| 13|  60|  0|  51|  1|    60 |     0|       194 |         11|  12|   3|
| 195|  1|  93|  1|  60|  0|  51|  0|    60 |     0|       195 |          1|   8|   4|
| 185| 10|  83| 10|  60|  0|  51|  0|    60 |     0|       185 |         10|  17|   9|
|  15| 30|  78|  5|  60|  0|  51|  0|    60 |     0|        17 |         32|  22|   5|
|   8|  7|  73|  5|  61|  1|  50|  1|    61 |     1|        15 |          2|  25|   3|
|  12|  4|  66|  7|  61|  0|  50|  0|    61 |     0|        12 |          3|  31|   6|
|  17|  5|  42| 24|  61|  0|  50|  0|    61 |     0|         8 |          4|  38|   7|
|  17|  0|  45|  3|  61|  0|  50|  0|    61 |     0|        17 |          9|  40|   2|
|  31| 14|  44|  1|  61|  0|  50|  0|    61 |     0|        22 |          5|  43|   3|
|  22|  9|  44|  0|  61|  0|  50|  0|    61 |     0|        25 |          3|  59|  16|
|  25|  3|  42|  2|  61|  0|  50|  0|    61 |     0|        31 |          6|  37|  22|
|  38| 13|  48|  6|  61|  0|  50|  0|    61 |     0|        38 |          7|  36|   1|
|  40|  2|  62| 14|  61|  0|  50|  0|    61 |     0|        40 |          2|  44|   8|
|  37|  3|  66|  4|  62|  1|  50|  0|    62 |     1|        43 |          3|  49|   5|
|  36|  1|  53| 13|  62|  0|  50|  0|    62 |     0|        59 |         16|  51|   2|
|  59| 23|  47|  6|  62|  0|  50|  0|    62 |     0|        37 |         22|  65|  14|
|  43| 16|  38|  9|  62|  0|  49|  1|    62 |     0|        36 |          1|  84|  19|
|  44|  1|  28| 10|  62|  0|  49|  0|    62 |     0|        44 |          8| 109|  25|
|  49|  5|  33|  5|  62|  0|  49|  0|    62 |     0|        49 |          5| 115|   6|
|  51|  2|  34|  1|  63|  1|  49|  0|    63 |     1|        51 |          2| 115|   0|
|  65| 14|  34|  0|  63|  0|  49|  0|    63 |     0|        65 |         14|  69|  46|
|  84| 19|  22| 12|  64|  1|  49|  0|    64 |     1|        84 |         19|  58|  11|
| 115| 31|  21|  1|  64|  0|  49|  0|    64 |     0|       109 |         25|  84|  26|
| 115|  0|  12|  9|  64|  0|  48|  1|    64 |     0|       115 |          6|  91|   7|
| 109|  6|  19|  7|  65|  1|  48|  0|    65 |     1|       115 |          0|  55|  36|
|  58| 51|  11|  8|  65|  0|  48|  0|    65 |     0|        69 |         46|  52|   3|
|  69| 11| 190| 21|  65|  0|  48|  0|    65 |     0|        58 |         11|  50|   2|
|  91| 22| 191|  1|  65|  0|  48|  0|    65 |     0|        84 |         26|  58|   8|
|  84|  7| 168| 23|  65|  0|  47|  1|    65 |     0|        91 |          7|  59|   1|
|  55| 29| 168|  0|  65|  0|  47|  0|    65 |     0|        55 |         36|  60|   1|
|  50|  5| 165|  3|  66|  1|  47|  0|    66 |     1|        52 |          3|  61|   1|
|  52|  2| 105| 60|  66|  0|  47|  0|    66 |     0|        50 |          2|  68|   7|
|  58|  6| 111|  6|  66|  0|  46|  1|    66 |     0|        58 |          8|  65|   3|
|  68| 10| 106|  5|  66|  0|  46|  0|    66 |     0|        59 |          1|  75|  10|
|  61|  7| 107|  1|  66|  0|  46|  0|    66 |     0|        60 |          1|  75|   0|
|  59|  2|  98|  9|  66|  0|  45|  1|    66 |     0|        61 |          1|  85|  10|
|  60|  1|  95|  3|  66|  0|  45|  0|    66 |     0|        68 |          7|  88|   3|
|  65|  5|  89|  6|  66|  0|  45|  0|    66 |     0|        65 |          3|  75|  13|
|  75| 10|  96|  7|  67|  1|  45|  0|    67 |     1|        75 |         10|  75|   0|
|  88| 13|  90|  6|  67|  0|  44|  1|    67 |     0|        75 |          0|  72|   3|
|  85|  3|  92|  2|  67|  0|  44|  0|    67 |     0|        85 |         10|  70|   2|
|  75| 10|  85|  7|  67|  0|  44|  0|    67 |     0|        88 |          3|  89|  19|
|  75|  0| 121| 36|  68|  1|  44|  0|    68 |     1|        75 |         13|  91|   2|
|  72|  3| 119|  2|  68|  0|  44|  0|    68 |     0|        75 |          0|  94|   3|
|  70|  2| 115|  4|  68|  0|  43|  1|    68 |     0|        72 |          3|  95|   1|
|  75|  5| 115|  0|  68|  0|  43|  0|    68 |     0|        70 |          2| 106|  11|
|  89| 14| 111|  4|  68|  0|  43|  0|    68 |     0|        89 |         19| 151|  45|
|  94|  5| 115|  4|  68|  0|  43|  0|    68 |     0|        91 |          2| 163|  12|
| 106| 12| 119|  4|  69|  1|  43|  0|    69 |     1|        94 |          3| 166|   3|
|  91| 15|  98| 21|  69|  0|  42|  1|    69 |     0|        95 |          1| 184|  18|
|  95|  4| 102|  4|  69|  0|  42|  0|    69 |     0|       106 |         11| 188|   4|
| 151| 56| 102|  0|  69|  0|  42|  0|    69 |     0|       151 |         45|  11|  23|
| 163| 12|  91| 11|  69|  0|  42|  0|    69 |     0|       163 |         12|  11|   0|
| 166|  3| 107| 16|  69|  0|  42|  0|    69 |     0|       166 |          3|  27|  16|
| 184| 18| 108|  1|  69|  0|  42|  0|    69 |     0|       184 |         18|  29|   2|
| 188|  4| 122| 14|  69|  0|  42|  0|    69 |     0|       188 |          4|  30|   1|
|  11| 23| 111| 11|  69|  0|  41|  1|    69 |     0|        11 |         23|  31|   1|
|  11|  0|  85| 26|  69|  0|  41|  0|    69 |     0|        11 |          0|  31|   0|
|  30| 19|  99| 14|  69|  0|  41|  0|    69 |     0|        27 |         16|   3|  28|
|  27|  3|  95|  4|  69|  0|  41|  0|    69 |     0|        29 |          2| 178|  25|
|  29|  2|  93|  2|  69|  0|  41|  0|    69 |     0|        30 |          1| 181|   3|
|  31|  2|  75| 18|  69|  0|  40|  1|    69 |     0|        31 |          1| 186|   5|
|  31|  0|  82|  7|  69|  0|  40|  0|    69 |     0|        31 |          0| 186|   0|
|   3| 28|  86|  4|  70|  1|  40|  0|    70 |     1|         3 |         28|  52|  66|
| 178| 25| 101| 15|  70|  0|  40|  0|    70 |     0|       178 |         25|  43|   9|
| 181|  3|  96|  5|  70|  0|  40|  0|    70 |     0|       181 |          3|  43|   0|
| 186|  5| 143| 47|  70|  0|  39|  1|    70 |     0|       186 |          5| 198|  45|
| 186|  0| 151|  8|  71|  1|  39|  0|    71 |     1|       186 |          0|  73|  75|
| 198| 12| 123| 28|  71|  0|  39|  0|    71 |     0|        52 |         66|  67|   6|
|  43| 45| 113| 10|  71|  0|  38|  1|    71 |     0|        43 |          9|  65|   2|
|  43|  0| 106|  7|  71|  0|  38|  0|    71 |     0|        43 |          0|  65|   0|
|  52|  9| 117| 11|  71|  0|  38|  0|    71 |     0|       198 |         45|  64|   1|
|  64| 12| 117|  0|  71|  0|  38|  0|    71 |     0|        73 |         75|  75|  11|
|  73|  9| 117|  0|  71|  0|  37|  1|    71 |     0|        67 |          6|  79|   4|
|  67|  6| 118|  1|  72|  1|  37|  0|    72 |     1|        65 |          2|  86|   7|
|  65|  2| 123|  5|  72|  0|  36|  1|    72 |     0|        65 |          0|  92|   6|
|  65|  0| 134| 11|  73|  1|  36|  0|    73 |     1|        64 |          1|  92|   0|
|  86| 21| 136|  2|  73|  0|  36|  0|    73 |     0|        75 |         11|  92|   0|
|  75| 11| 157| 21|  73|  0|  36|  0|    73 |     0|        79 |          4|  96|   4|
|  79|  4| 164|  7|  73|  0|  36|  0|    73 |     0|        86 |          7|  97|   1|
|  92| 13| 157|  7|  73|  0|  36|  0|    73 |     0|        92 |          6| 100|   3|
|  92|  0| 157|  0|  73|  0|  35|  1|    73 |     0|        92 |          0| 100|   0|
|  92|  0| 139| 18|  73|  0|  35|  0|    73 |     0|        92 |          0| 110|  10|
|  96|  4| 139|  0|  74|  1|  35|  0|    74 |     1|        96 |          4| 140|  30|
| 100|  4| 117| 22|  74|  0|  35|  0|    74 |     0|        97 |          1| 142|   2|
|  97|  3| 111|  6|  74|  0|  34|  1|    74 |     0|       100 |          3| 142|   0|
| 100|  3| 115|  4|  75|  1|  34|  0|    75 |     1|       100 |          0|  87|  55|
| 142| 42| 121|  6|  75|  0|  34|  0|    75 |     0|       110 |         10|  94|   7|
| 142|  0| 137| 16|  75|  0|  33|  1|    75 |     0|       140 |         30| 101|   7|
| 140|  2| 137|  0|  75|  0|  33|  0|    75 |     0|       142 |          2| 117|  16|
| 110| 30| 114| 23|  75|  0|  33|  0|    75 |     0|       142 |          0| 120|   3|
|  87| 23| 114|  0|  75|  0|  33|  0|    75 |     0|        87 |         55| 129|   9|
|  94|  7| 116|  2|  75|  0|  33|  0|    75 |     0|        94 |          7| 132|   3|
| 101|  7| 179| 63|  76|  1|  33|  0|    76 |     1|       101 |          7| 153|  21|
| 129| 28| 170|  9|  76|  0|  32|  1|    76 |     0|       117 |         16| 126|  27|
| 117| 12| 173|  3|  77|  1|  32|  0|    77 |     1|       120 |          3| 114|  12|
| 120|  3| 170|  3|  77|  0|  32|  0|    77 |     0|       129 |          9| 100|  14|
| 132| 12| 172|  2|  77|  0|  31|  1|    77 |     0|       132 |          3| 149|  49|
| 126|  6| 172|  0|  77|  0|  31|  0|    77 |     0|       153 |         21| 153|   4|
| 114| 12| 163|  9|  77|  0|  31|  0|    77 |     0|       126 |         27| 155|   2|
| 100| 14| 168|  5|  77|  0|  31|  0|    77 |     0|       114 |         12| 156|   1|
| 153| 53| 168|  0|  77|  0|  31|  0|    77 |     0|       100 |         14| 159|   3|
| 156|  3| 168|  0|  78|  1|  31|  0|    78 |     1|       149 |         49| 157|   2|
| 153|  3| 179| 11|  78|  0|  31|  0|    78 |     0|       153 |          4| 156|   1|
| 149|  4| 166| 13|  78|  0|  31|  0|    78 |     0|       155 |          2| 164|   8|
| 155|  6| 162|  4|  78|  0|  30|  1|    78 |     0|       156 |          1| 164|   0|
| 159|  4| 162|  0|  78|  0|  30|  0|    78 |     0|       159 |          3| 165|   1|
| 157|  2| 171|  9|  78|  0|  30|  0|    78 |     0|       157 |          2| 166|   1|
| 156|  1| 164|  7|  78|  0|  30|  0|    78 |     0|       156 |          1| 177|  11|
| 165|  9| 157|  7|  78|  0|  30|  0|    78 |     0|       164 |          8| 154|  23|
| 164|  1| 157|  0|  78|  0|  30|  0|    78 |     0|       164 |          0| 154|   0|
| 164|  0| 139| 18|  78|  0|  29|  1|    78 |     0|       165 |          1| 150|   4|
| 166|  2| 156| 17|  78|  0|  29|  0|    78 |     0|       166 |          1| 169|  19|
| 150| 16| 150|  6|  78|  0|  29|  0|    78 |     0|       177 |         11| 118|  51|
| 154|  4| 152|  2|  78|  0|  29|  0|    78 |     0|       154 |         23| 115|   3|
| 154|  0| 144|  8|  78|  0|  29|  0|    78 |     0|       154 |          0| 105|  10|
| 177| 23| 154| 10|  78|  0|  28|  1|    78 |     0|       150 |          4|  95|  10|
| 169|  8| 154|  0|  79|  1|  28|  0|    79 |     1|       169 |         19| 100|   5|
| 115| 54| 157|  3|  79|  0|  28|  0|    79 |     0|       118 |         51| 100|   0|
| 118|  3| 143| 14|  79|  0|  28|  0|    79 |     0|       115 |          3| 102|   2|
|  95| 23| 131| 12|  79|  0|  28|  0|    79 |     0|       105 |         10| 104|   2|
| 105| 10| 123|  8|  79|  0|  28|  0|    79 |     0|        95 |         10| 115|  11|
| 100|  5| 119|  4|  79|  0|  27|  1|    79 |     0|       100 |          5| 110|   5|
| 100|  0| 138| 19|  80|  1|  27|  0|    80 |     1|       100 |          0| 117|   7|
| 102|  2| 143|  5|  80|  0|  27|  0|    80 |     0|       102 |          2| 125|   8|
| 104|  2| 145|  2|  80|  0|  27|  0|    80 |     0|       104 |          2| 138|  13|
| 115| 11| 151|  6|  80|  0|  27|  0|    80 |     0|       115 |         11| 143|   5|
| 110|  5| 155|  4|  80|  0|  26|  1|    80 |     0|       110 |          5| 149|   6|
| 117|  7| 166| 11|  80|  0|  25|  1|    80 |     0|       117 |          7| 149|   0|
| 125|  8| 159|  7|  81|  1|  25|  0|    81 |     1|       125 |          8| 171|  22|
| 138| 13| 159|  0|  81|  0|  25|  0|    81 |     0|       138 |         13| 173|   2|
| 143|  5| 159|  0|  81|  0|  24|  1|    81 |     0|       143 |          5| 176|   3|
| 149|  6| 166|  7|  81|  0|  24|  0|    81 |     0|       149 |          6| 190|  14|
| 149|  0| 177| 11|  82|  1|  24|  0|    82 |     1|       149 |          0| 190|   0|
| 176| 27| 173|  4|  82|  0|  24|  0|    82 |     0|       171 |         22| 170|  20|
| 171|  5| 173|  0|  82|  0|  24|  0|    82 |     0|       173 |          2| 169|   1|
| 173|  2| 191| 18|  83|  1|  23|  1|    83 |     1|       176 |          3| 165|   4|
| 190| 17| 194|  3|  83|  0|  22|  1|    83 |     0|       190 |         14| 170|   5|
| 170| 20|   5| 11|  83|  0|  22|  0|    83 |     0|       190 |          0| 141|  29|
| 190| 20| 185| 20|  84|  1|  22|  0|    84 |     1|       170 |         20| 139|   2|
| 165| 25| 192|  7|  84|  0|  21|  1|    84 |     0|       169 |          1| 130|   9|
| 169|  4| 184|  8|  84|  0|  21|  0|    84 |     0|       165 |          4| 110|  20|
| 170|  1| 183|  1|  84|  0|  21|  0|    84 |     0|       170 |          5| 119|   9|
| 141| 29| 167| 16|  84|  0|  21|  0|    84 |     0|       141 |         29| 119|   0|
| 139|  2| 171|  4|  84|  0|  21|  0|    84 |     0|       139 |          2| 123|   4|
| 130|  9| 177|  6|  85|  1|  21|  0|    85 |     1|       130 |          9| 128|   5|
| 110| 20|   4| 27|  85|  0|  20|  1|    85 |     0|       110 |         20|  96|  32|
| 119|  9|   8|  4|  85|  0|  20|  0|    85 |     0|       119 |          9|  89|   7|
| 119|  0| 197| 11|  85|  0|  20|  0|    85 |     0|       119 |          0|  87|   2|
| 123|  4| 198|  1|  85|  0|  19|  1|    85 |     0|       123 |          4|  80|   7|
| 128|  5| 199|  1|  85|  0|  19|  0|    85 |     0|       128 |          5|  18|  62|
|  96| 32| 200|  1|  85|  0|  19|  0|    85 |     0|        96 |         32|   1|  17|
|  87|  9|  17| 17|  85|  0|  19|  0|    85 |     0|        89 |          7| 181|  20|
|  89|  2|  19|  2|  85|  0|  19|  0|    85 |     0|        87 |          2| 183|   2|
|  80|  9|  19|  0|  85|  0|  18|  1|    85 |     0|        80 |          7| 184|   1|
|   1| 79|  19|  0|  85|  0|  18|  0|    85 |     0|        18 |         62| 195|  11|
|  18| 17|  19|  0|  85|  0|  18|  0|    85 |     0|         1 |         17| 197|   2|
| 181| 37|   4| 15|  86|  1|  18|  0|    86 |     1|       181 |         20|  61|  64|
| 183|  2|  27| 23|  86|  0|  18|  0|    86 |     0|       183 |          2|  61|   0|
| 184|  1|  28|  1|  86|  0|  17|  1|    86 |     0|       184 |          1|  60|   1|
| 197| 13|  20|  8|  86|  0|  17|  0|    86 |     0|       195 |         11|  57|   3|
| 195|  2|   7| 13|  86|  0|  17|  0|    86 |     0|       197 |          2|  57|   0|
|  57| 62| 198|  9|  86|  0|  17|  0|    86 |     0|        61 |         64|  57|   0|
|  60|  3|   3|  5|  86|  0|  17|  0|    86 |     0|        61 |          0|  60|   3|
|  57|  3|  18| 15|  86|  0|  16|  1|    86 |     0|        60 |          1|  62|   2|
|  61|  4|  18|  0|  86|  0|  16|  0|    86 |     0|        57 |          3|  71|   9|
|  61|  0|  29| 11|  86|  0|  15|  1|    86 |     0|        57 |          0|  74|   3|
|  57|  4|  15| 14|  87|  1|  15|  0|    87 |     1|        57 |          0|  69|   5|
|  60|  3|   3| 12|  87|  0|  15|  0|    87 |     0|        60 |          3|  64|   5|
|  62|  2| 197|  6|  87|  0|  15|  0|    87 |     0|        62 |          2|  56|   8|
|  74| 12|   3|  6|  87|  0|  14|  1|    87 |     0|        71 |          9|  56|   0|
|  71|  3| 155| 48|  88|  1|  14|  0|    88 |     1|        74 |          3|  51|   5|
|  64|  7| 149|  6|  88|  0|  13|  1|    88 |     0|        69 |          5|  52|   1|
|  69|  5| 137| 12|  88|  0|  13|  0|    88 |     0|        64 |          5|  50|   2|
|  56| 13| 130|  7|  88|  0|  12|  1|    88 |     0|        56 |          8|  44|   6|
|  56|  0| 125|  5|  88|  0|  12|  0|    88 |     0|        56 |          0|  40|   4|
|  51|  5| 120|  5|  88|  0|  12|  0|    88 |     0|        51 |          5|  39|   1|
|  52|  1| 116|  4|  89|  1|  12|  0|    89 |     1|        52 |          1|  43|   4|
|  50|  2| 118|  2|  89|  0|  11|  1|    89 |     0|        50 |          2|  44|   1|
|  44|  6|  93| 25|  89|  0|  11|  0|    89 |     0|        44 |          6| 191|  53|
|  39|  5|  99|  6|  89|  0|  11|  0|    89 |     0|        40 |          4|  23|  32|
|  40|  1|  96|  3|  89|  0|  11|  0|    89 |     0|        39 |          1|   2|  21|
|  43|  3|  84| 12|  89|  0|  11|  0|    89 |     0|        43 |          4|   5|   3|
|  44|  1|  89|  5|  90|  1|  11|  0|    90 |     1|        44 |          1|   8|   3|
|  23| 21|  92|  3|  90|  0|  11|  0|    90 |     0|       191 |         53|   8|   0|
|   2| 21|  85|  7|  90|  0|  11|  0|    90 |     0|        23 |         32|   9|   1|
| 191| 11|  77|  8|  91|  1|  11|  0|    91 |     1|         2 |         21|  10|   1|
|  10| 19|  95| 18|  91|  0|  11|  0|    91 |     0|         5 |          3|  12|   2|
|   9|  1|  78| 17|  91|  0|  10|  1|    91 |     0|         8 |          3|  15|   3|
|   8|  1|  74|  4|  91|  0|  10|  0|    91 |     0|         8 |          0|  16|   1|
|   5|  3|  60| 14|  91|  0|  10|  0|    91 |     0|         9 |          1|  18|   2|
|   8|  3|  65|  5|  91|  0|  10|  0|    91 |     0|        10 |          1|   6|  12|
|  15|  7|  71|  6|  91|  0|  10|  0|    91 |     0|        12 |          2|  12|   6|
|  12|  3|  52| 19|  91|  0|   9|  1|    91 |     0|        15 |          3|  20|   8|
|   6|  6|  56|  4|  91|  0|   9|  0|    91 |     0|        16 |          1|  20|   0|
|  18| 12|  50|  6|  91|  0|   9|  0|    91 |     0|        18 |          2|  36|  16|
|  16|  2|   5| 45|  92|  1|   9|  0|    92 |     1|         6 |         12|  45|   9|
|  20|  4| 196|  9|  92|  0|   9|  0|    92 |     0|        12 |          6|  52|   7|
|  20|  0|   7| 11|  92|  0|   8|  1|    92 |     0|        20 |          8|  55|   3|
|  12|  8|   6|  1|  92|  0|   8|  0|    92 |     0|        20 |          0|  56|   1|
|  36| 24|   7|  1|  92|  0|   8|  0|    92 |     0|        36 |         16|  56|   0|
|  45|  9|  33| 26|  92|  0|   8|  0|    92 |     0|        45 |          9|  42|  14|
|  56| 11|  17| 16|  92|  0|   8|  0|    92 |     0|        52 |          7|  46|   4|
|  56|  0|  13|  4|  93|  1|   8|  0|    93 |     1|        55 |          3|  48|   2|
|  52|  4|   5|  8|  93|  0|   8|  0|    93 |     0|        56 |          1|  49|   1|
|  55|  3| 194| 11|  93|  0|   8|  0|    93 |     0|        56 |          0|  54|   5|
|  42| 13| 184| 10|  93|  0|   7|  1|    93 |     0|        42 |         14|  57|   3|
|  54| 12| 192|  8|  93|  0|   7|  0|    93 |     0|        46 |          4|  42|  15|
|  57|  3| 200|  8|  93|  0|   7|  0|    93 |     0|        48 |          2|  31|  11|
|  48|  9|   3|  3|  93|  0|   7|  0|    93 |     0|        49 |          1|  30|   1|
|  46|  2|   3|  0|  94|  1|   7|  0|    94 |     1|        54 |          5|  28|   2|
|  49|  3| 196|  7|  94|  0|   7|  0|    94 |     0|        57 |          3|  14|  14|
|  14| 35| 185| 11|  94|  0|   6|  1|    94 |     0|        42 |         15|  35|  21|
|  42| 28| 185|  0|  94|  0|   6|  0|    94 |     0|        31 |         11|  36|   1|
|  31| 11| 200| 15|  95|  1|   6|  0|    95 |     1|        30 |          1|  36|   0|
|  30|  1| 189| 11|  95|  0|   6|  0|    95 |     0|        28 |          2|  41|   5|
|  28|  2| 188|  1|  95|  0|   6|  0|    95 |     0|        14 |         14|  43|   2|
|  41| 13| 189|  1|  95|  0|   6|  0|    95 |     0|        35 |         21|  35|   8|
|  35|  6| 192|  3|  95|  0|   5|  1|    95 |     0|        36 |          1|  61|  26|
|  43|  8| 163| 29|  95|  0|   5|  0|    95 |     0|        36 |          0|  61|   0|
|  36|  7| 172|  9|  95|  0|   5|  0|    95 |     0|        41 |          5|  61|   0|
|  36|  0| 157| 15|  95|  0|   5|  0|    95 |     0|        43 |          2|  61|   0|
|  35|  1| 145| 12|  95|  0|   5|  0|    95 |     0|        35 |          8|  66|   5|
|  61| 26| 144|  1|  95|  0|   5|  0|    95 |     0|        61 |         26|  66|   0|
|  61|  0| 158| 14|  96|  1|   5|  0|    96 |     1|        61 |          0|  78|  12|
|  61|  0| 104| 54|  96|  0|   5|  0|    96 |     0|        61 |          0|  49|  29|
|  61|  0|  99|  5|  96|  0|   5|  0|    96 |     0|        61 |          0|  48|   1|
|  66|  5|  86| 13|  96|  0|   5|  0|    96 |     0|        66 |          5|  30|  18|
|  66|  0|  73| 13|  96|  0|   4|  1|    96 |     0|        66 |          0|  27|   3|
|  78| 12|  78|  5|  96|  0|   4|  0|    96 |     0|        78 |         12|  24|   3|
|  49| 29|  76|  2|  96|  0|   4|  0|    96 |     0|        49 |         29|  21|   3|
|  48|  1|  78|  2|  96|  0|   4|  0|    96 |     0|        48 |          1|  49|  28|
|  27| 21|  78|  0|  96|  0|   3|  1|    96 |     0|        30 |         18|  30|  19|
|  21|  6|  69|  9|  96|  0|   3|  0|    96 |     0|        27 |          3|  21|   9|
|  49| 28|  88| 19|  96|  0|   3|  0|    96 |     0|        24 |          3|   9|  12|
|  30| 19|  91|  3|  96|  0|   3|  0|    96 |     0|        21 |          3|   7|   2|
|  24|  6| 100|  9|  97|  1|   3|  0|    97 |     1|        49 |         28|   3|   4|
|  30|  6| 101|  1|  97|  0|   3|  0|    97 |     0|        30 |         19|  10|   7|
|  21|  9| 104|  3|  97|  0|   3|  0|    97 |     0|        21 |          9|  47|  37|
|   9| 12| 105|  1|  97|  0|   3|  0|    97 |     0|         9 |         12|  48|   1|
|   7|  2|  77| 28|  97|  0|   2|  1|    97 |     0|         7 |          2|  53|   5|
|   3|  4|  41| 36|  98|  1|   2|  0|    98 |     1|         3 |          4|  55|   2|
|  10|  7|  41|  0|  98|  0|   2|  0|    98 |     0|        10 |          7|  42|  13|
|  48| 38|  41|  0|  98|  0|   1|  1|    98 |     0|        47 |         37|  41|   1|
|  47|  1|  30| 11|  98|  0|   1|  0|    98 |     0|        48 |          1|  40|   1|
|  53|  6|  31|  1|  98|  0|   1|  0|    98 |     0|        53 |          5|  60|  20|
|  55|  2|  13| 18|  98|  0|   1|  0|    98 |     0|        55 |          2|  63|   3|
|  40| 15| 185| 28|  99|  1|   1|  0|    99 |     1|        42 |         13| 132|  69|
|  41|  1| 177|  8|  99|  0|   1|  0|    99 |     0|        41 |          1| 151|  19|
|  42|  1| 128| 49|  99|  0|   1|  0|    99 |     0|        40 |          1| 173|  22|
|  63| 21| 129|  1|  99|  0|   1|  0|    99 |     0|        60 |         20| 178|   5|
--------------------------------------------------------------------------------------
|   51 ns|  226 ns|   61 ns|  122 ns|        135 ns|                 230 ns|   143 ns|
--------------------------------------------------------------------------------------
|    9 ns|    9 ns|    0 ns|    0 ns|          0 ns|                   9 ns|     9 ns|
--------------------------------------------------------------------------------------
|  FIFO  |  LIFO  |  SSTF  |  SCAN  |    C-SCAN    |      N-STEP-SCAN      |  FSCAN  |
--------------------------------------------------------------------------------------
