
The table is organized as such:
| Policy Name |
| Starting Track |
| Next track | Tracks Moved |
| ... |
| Average Seek Length |
| Average Seek Time |
--------------------------------------------------------------------------------------
|  FIFO  |  LIFO  |  SSTF  |  SCAN  |    C-SCAN    |      N-STEP-SCAN      |  FSCAN  |
--------------------------------------------------------------------------------------
|   200  |   200  |   200  |   200  |       200    |              200      |    200  |
--------------------------------------------------------------------------------------
| 114| 86| 199|  1| 200|  0| 200|  0|   200 |     0|       123 |         77| 123|  77|
| 123|  9|   3|  4| 200|  0| 200|  0|   200 |     0|       119 |          4| 119|   4|
| 119|  4| 196|  7| 200|  0| 200|  0|   200 |     0|       114 |          5| 114|   5|
| 109| 10|  14| 18| 200|  0| 200|  0|   200 |     0|       114 |          0| 114|   0|
| 114|  5|  15|  1|   1|  1| 199|  1|   199 |     1|       109 |          5| 109|   5|
| 124| 10| 166| 49|   1|  0| 199|  0|   199 |     0|       118 |          9| 113|   4|
| 147| 23| 151| 15|   1|  0| 199|  0|   199 |     0|       123 |          5| 130|  17|
| 118| 29| 155|  4|   1|  0| 199|  0|   199 |     0|       124 |          1| 134|   4|
| 123|  5| 140| 15|   1|  0| 198|  1|   198 |     1|       139 |         15| 153|  19|
| 139| 16| 137|  3|   1|  0| 198|  0|   198 |     0|       147 |          8| 167|  14|
| 134|  5| 164| 27|   1|  0| 198|  0|   198 |     0|       134 |         13| 147|  20|
| 153| 19| 153| 11|   1|  0| 198|  0|   198 |     0|       130 |          4| 139|   8|
| 167| 14| 157|  4|   1|  0| 198|  0|   198 |     0|       113 |         17| 124|  15|
| 130| 37| 173| 16|   1|  0| 198|  0|   198 |     0|       153 |         40| 123|   1|
| 113| 17| 181|  8|   1|  0| 198|  0|   198 |     0|       167 |         14| 118|   5|
| 107|  6| 167| 14|   1|  0| 197|  1|   197 |     1|       121 |         46| 120|   2|
| 109|  2| 168|  1|   1|  0| 197|  0|   197 |     0|       120 |          1| 123|   3|
| 121| 12| 174|  6|   1|  0| 197|  0|   197 |     0|       117 |          3| 151|  28|
| 117|  4| 174|  0|   1|  0| 197|  0|   197 |     0|       109 |          8| 155|   4|
| 120|  3| 174|  0|   1|  0| 197|  0|   197 |     0|       107 |          2| 167|  12|
| 120|  0| 176|  2|   2|  1| 196|  1|   196 |     1|       120 |         13| 121|  46|
| 151| 31| 176|  0|   2|  0| 196|  0|   196 |     0|       123 |          3| 120|   1|
| 167| 16| 178|  2|   2|  0| 196|  0|   196 |     0|       151 |         28| 117|   3|
| 155| 12| 177|  1|   2|  0| 195|  1|   195 |     1|       155 |          4| 109|   8|
| 123| 32| 168|  9|   2|  0| 195|  0|   195 |     0|       167 |         12| 107|   2|
| 152| 29| 161|  7|   2|  0| 195|  0|   195 |     0|       157 |         10| 130|  23|
| 130| 22| 143| 18|   3|  1| 195|  0|   195 |     0|       152 |          5| 149|  19|
| 151| 21| 146|  3|   3|  0| 194|  1|   194 |     1|       151 |          1| 151|   2|
| 157|  6| 145|  1|   3|  0| 194|  0|   194 |     0|       149 |          2| 152|   1|
| 149|  8| 145|  0|   3|  0| 194|  0|   194 |     0|       130 |         19| 157|   5|
| 148|  1| 146|  1|   3|  0| 193|  1|   193 |     1|       132 |          2| 157|   0|
| 157|  9| 148|  2|   3|  0| 193|  0|   193 |     0|       147 |         15| 148|   9|
| 147| 10| 143|  5|   3|  0| 193|  0|   193 |     0|       148 |          1| 147|   1|
| 128| 19| 131| 12|   4|  1| 193|  0|   193 |     0|       157 |          9| 132|  15|
| 132|  4| 132|  1|   4|  0| 192|  1|   192 |     1|       128 |         29| 128|   4|
| 129|  3| 138|  6|   4|  0| 192|  0|   192 |     0|       129 |          1| 131|   3|
| 132|  3| 154| 16|   4|  0| 192|  0|   192 |     0|       131 |          2| 140|   9|
| 131|  1| 125| 29|   4|  0| 192|  0|   192 |     0|       132 |          1| 142|   2|
| 126|  5| 129|  4|   4|  0| 192|  0|   192 |     0|       126 |          6| 157|  15|
| 104| 22| 127|  2|   4|  0| 191|  1|   191 |     1|       104 |         22| 125|  32|
| 140| 36| 124|  3|   5|  1| 191|  0|   191 |     0|       125 |         21| 132|   7|
| 125| 15| 129|  5|   5|  0| 190|  1|   190 |     1|       131 |          6| 137|   5|
| 131|  6| 137|  8|   5|  0| 190|  0|   190 |     0|       140 |          9| 141|   4|
| 157| 26|  96| 41|   5|  0| 190|  0|   190 |     0|       142 |          2| 142|   1|
| 142| 15|  91|  5|   5|  0| 190|  0|   190 |     0|       157 |         15| 146|   4|
| 132| 10|  69| 22|   6|  1| 190|  0|   190 |     0|       146 |         11| 142|   4|
| 137|  5|  65|  4|   6|  0| 189|  1|   189 |     1|       142 |          4| 141|   1|
| 141|  4|  56|  9|   6|  0| 189|  0|   189 |     0|       141 |          1| 134|   7|
| 142|  1|  53|  3|   6|  0| 189|  0|   189 |     0|       137 |          4| 122|  12|
| 146|  4|  37| 16|   6|  0| 189|  0|   189 |     0|       132 |          5| 172|  50|
| 141|  5| 198| 39|   7|  1| 189|  0|   189 |     0|       134 |          2| 150|  22|
| 134|  7| 195|  3|   7|  0| 189|  0|   189 |     0|       141 |          7| 147|   3|
| 122| 12| 194|  1|   7|  0| 188|  1|   188 |     1|       142 |          1| 138|   9|
| 172| 50|   1|  7|   7|  0| 188|  0|   188 |     0|       172 |         30| 138|   0|
| 142| 30|  48| 47|   8|  1| 188|  0|   188 |     0|       122 |         50| 121|  17|
| 147|  5|  43|  5|   8|  0| 188|  0|   188 |     0|       138 |         16| 126|   5|
| 138|  9|  55| 12|   8|  0| 188|  0|   188 |     0|       138 |          0| 133|   7|
| 138|  0|  63|  8|   8|  0| 188|  0|   188 |     0|       147 |          9| 134|   1|
| 150| 12|  57|  6|   8|  0| 188|  0|   188 |     0|       150 |          3| 142|   8|
| 121| 29|  54|  3|   8|  0| 188|  0|   188 |     0|       121 |         29| 117|  25|
| 142| 21|  50|  4|   9|  1| 187|  1|   187 |     1|       126 |          5| 126|   9|
| 134|  8|  49|  1|  10|  1| 187|  0|   187 |     0|       133 |          7| 129|   3|
| 133|  1|  65| 16|  10|  0| 187|  0|   187 |     0|       134 |          1| 131|   2|
| 126|  7|  77| 12|  10|  0| 187|  0|   187 |     0|       142 |          8| 132|   1|
| 117|  9|  76|  1|  10|  0| 187|  0|   187 |     0|       117 |         25| 104|  28|
| 122|  5|  75|  1|  11|  1| 187|  0|   187 |     0|       121 |          4| 104|   0|
| 121|  1|  91| 16|  11|  0| 186|  1|   186 |     1|       122 |          1| 121|  17|
| 126|  5|  91|  0|  11|  0| 185|  1|   185 |     1|       126 |          4| 122|   1|
| 104| 22| 134| 43|  11|  0| 185|  0|   185 |     0|       104 |         22| 126|   4|
| 103|  1| 145| 11|  12|  1| 185|  0|   185 |     0|       103 |          1| 103|  23|
| 100|  3| 182| 37|  12|  0| 184|  1|   184 |     1|       100 |          3| 100|   3|
|  82| 18|   6| 24|  12|  0| 184|  0|   184 |     0|       100 |          0| 100|   0|
|  83|  1|   4|  2|  12|  0| 184|  0|   184 |     0|        97 |          3|  97|   3|
| 100| 17|   4|  0|  12|  0| 184|  0|   184 |     0|        83 |         14|  83|  14|
|  97|  3|   1|  3|  12|  0| 184|  0|   184 |     0|        82 |          1|  82|   1|
|  99|  2| 181| 20|  12|  0| 184|  0|   184 |     0|        93 |         11|  93|  11|
|  97|  2| 172|  9|  13|  1| 184|  0|   184 |     0|        97 |          4|  97|   4|
|  93|  4| 169|  3|  13|  0| 184|  0|   184 |     0|        99 |          2|  99|   2|
|  70| 23| 193| 24|  13|  0| 183|  1|   183 |     1|        70 |         29|  70|  29|
|  56| 14| 188|  5|  13|  0| 183|  0|   183 |     0|        56 |         14|  56|  14|
|  51|  5| 190|  2|  14|  1| 183|  0|   183 |     0|        54 |          2|  54|   2|
|  54|  3| 183|  7|  14|  0| 183|  0|   183 |     0|        51 |          3|  51|   3|
|  59|  5| 184|  1|  14|  0| 182|  1|   182 |     1|        50 |          1|  50|   1|
|  65|  6| 189|  5|  14|  0| 182|  0|   182 |     0|        59 |          9|  59|   9|
|  50| 15| 184|  5|  14|  0| 182|  0|   182 |     0|        65 |          6|  65|   6|
|  45|  5| 159| 25|  14|  0| 182|  0|   182 |     0|        55 |         10|  55|  10|
|  37|  8| 160|  1|  14|  0| 182|  0|   182 |     0|        54 |          1|  54|   1|
|  55| 18| 159|  1|  15|  1| 181|  1|   181 |     1|        52 |          2|  52|   2|
|  54|  1| 153|  6|  15|  0| 181|  0|   181 |     0|        45 |          7|  45|   7|
|  52|  2| 160|  7|  15|  0| 181|  0|   181 |     0|        37 |          8|  37|   8|
|  37| 15| 155|  5|  15|  0| 180|  1|   180 |     1|        37 |          0|  37|   0|
|  53| 16| 156|  1|  15|  0| 180|  0|   180 |     0|        47 |         10|  47|  10|
|  47|  6| 169| 13|  15|  0| 180|  0|   180 |     0|        47 |          0|  47|   0|
|  47|  0| 166|  3|  16|  1| 180|  0|   180 |     0|        53 |          6|  53|   6|
|  62| 15| 178| 12|  17|  1| 180|  0|   180 |     0|        62 |          9|  62|   9|
|  85| 23|  25| 47|  17|  0| 179|  1|   179 |     1|        85 |         23|  85|  23|
|  89|  4|  25|  0|  17|  0| 179|  0|   179 |     0|        89 |          4|  89|   4|
|  42| 47|  33|  8|  17|  0| 179|  0|   179 |     0|        46 |         43|  46|  43|
|  46|  4|  43| 10|  17|  0| 178|  1|   178 |     1|        43 |          3|  43|   3|
|  43|  3|  54| 11|  17|  0| 178|  0|   178 |     0|        42 |          1|  42|   1|
| 166| 77|  45|  9|  17|  0| 178|  0|   178 |     0|       143 |         99|  88|  46|
| 149| 17|  63| 18|  18|  1| 178|  0|   178 |     0|       149 |          6| 115|  27|
| 164| 15|  58|  5|  19|  1| 178|  0|   178 |     0|       156 |          7| 132|  17|
| 156|  8|  39| 19|  19|  0| 178|  0|   178 |     0|       164 |          8| 135|   3|
| 143| 13|  44|  5|  20|  1| 177|  1|   177 |     1|       166 |          2| 136|   1|
| 136|  7|  21| 23|  20|  0| 177|  0|   177 |     0|       136 |         30|  94|  42|
| 135|  1|  27|  6|  21|  1| 177|  0|   177 |     0|       135 |          1|  94|   0|
| 132|  3|  29|  2|  21|  0| 177|  0|   177 |     0|       132 |          3|  94|   0|
| 115| 17|  51| 22|  21|  0| 177|  0|   177 |     0|       115 |         17|  90|   4|
|  88| 27|  54|  3|  21|  0| 176|  1|   176 |     1|        88 |         27| 145|  55|
|  94|  6|  54|  0|  21|  0| 176|  0|   176 |     0|        90 |          2| 147|   2|
|  94|  0|  34| 20|  22|  1| 176|  0|   176 |     0|        94 |          4| 151|   4|
|  94|  0|  17| 17|  22|  0| 176|  0|   176 |     0|        94 |          0| 168|  17|
|  90|  4|  17|  0|  22|  0| 176|  0|   176 |     0|        94 |          0| 174|   6|
| 145| 55| 156| 61|  22|  0| 176|  0|   176 |     0|       145 |         51| 178|   4|
| 151|  6| 132| 24|  22|  0| 175|  1|   175 |     1|       147 |          2| 173|   5|
| 147|  4| 132|  0|  22|  0| 174|  1|   174 |     1|       151 |          4| 173|   0|
| 168| 21| 127|  5|  22|  0| 174|  0|   174 |     0|       168 |         17| 167|   6|
| 174|  6| 127|  0|  22|  0| 174|  0|   174 |     0|       174 |          6| 164|   3|
| 178|  4| 130|  3|  23|  1| 174|  0|   174 |     0|       178 |          4| 180|  16|
| 173|  5| 128|  2|  23|  0| 174|  0|   174 |     0|       173 |          5| 172|   8|
| 180|  7|  99| 29|  23|  0| 174|  0|   174 |     0|       173 |          0| 171|   1|
| 173|  7|  97|  2|  24|  1| 174|  0|   174 |     0|       167 |          6| 183|  12|
| 164|  9|  97|  0|  24|  0| 174|  0|   174 |     0|       164 |          3| 191|   8|
| 167|  3|  92|  5|  25|  1| 173|  1|   173 |     1|       180 |         16| 198|   7|
| 171|  4| 105| 13|  25|  0| 173|  0|   173 |     0|       172 |          8|  81|  83|
| 172|  1| 118| 13|  25|  0| 173|  0|   173 |     0|       171 |          1|  14|  67|
| 183| 11|  77| 41|  25|  0| 173|  0|   173 |     0|       183 |         12|  12|   2|
| 198| 15|  78|  1|  25|  0| 173|  0|   173 |     0|       191 |          8|   8|   4|
| 191|  7|  89| 11|  25|  0| 173|  0|   173 |     0|       198 |          7|   2|   6|
|   2| 11|  88|  1|  25|  0| 173|  0|   173 |     0|        81 |         83|  82|  80|
|   8|  6|  77| 11|  25|  0| 173|  0|   173 |     0|        14 |         67| 116|  34|
|  12|  4|  82|  5|  26|  1| 173|  0|   173 |     0|        12 |          2| 119|   3|
|  14|  2| 107| 25|  27|  1| 173|  0|   173 |     0|         8 |          4| 120|   1|
|  81| 67| 111|  4|  27|  0| 172|  1|   172 |     1|         2 |          6| 125|   5|
|  82|  1| 128| 17|  28|  1| 172|  0|   172 |     0|        82 |         80| 120|   5|
| 116| 34| 118| 10|  29|  1| 172|  0|   172 |     0|       116 |         34| 128|   8|
| 119|  3| 129| 11|  29|  0| 172|  0|   172 |     0|       119 |          3| 141|  13|
| 125|  6| 113| 16|  29|  0| 172|  0|   172 |     0|       120 |          1| 145|   4|
| 120|  5| 104|  9|  30|  1| 172|  0|   172 |     0|       125 |          5| 152|   7|
| 120|  0| 108|  4|  30|  0| 172|  0|   172 |     0|       120 |          5| 142|  10|
| 128|  8| 113|  5|  32|  2| 172|  0|   172 |     0|       128 |          8| 140|   2|
| 141| 13| 111|  2|  32|  0| 171|  1|   171 |     1|       141 |         13| 128|  12|
| 145|  4| 128| 17|  33|  1| 171|  0|   171 |     0|       145 |          4| 125|   3|
| 152|  7| 145| 17|  33|  0| 171|  0|   171 |     0|       152 |          7| 109|  16|
| 142| 10| 148|  3|  33|  0| 170|  1|   170 |     1|       142 |         10| 114|   5|
| 140|  2| 151|  3|  33|  0| 170|  0|   170 |     0|       140 |          2| 108|   6|
| 125| 15| 159|  8|  34|  1| 169|  1|   169 |     1|       128 |         12| 108|   0|
| 128|  3| 177| 18|  34|  0| 169|  0|   169 |     0|       125 |          3|  94|  14|
| 109| 19| 165| 12|  34|  0| 169|  0|   169 |     0|       109 |         16|  89|   5|
| 114|  5| 168|  3|  34|  0| 169|  0|   169 |     0|       114 |          5|  87|   2|
| 108|  6| 169|  1|  35|  1| 169|  0|   169 |     0|       108 |          6|  86|   1|
| 108|  0| 151| 18|  35|  0| 169|  0|   169 |     0|       108 |          0|  85|   1|
|  89| 19| 152|  1|  35|  0| 169|  0|   169 |     0|        94 |         14|  80|   5|
|  94|  5| 152|  0|  35|  0| 169|  0|   169 |     0|        89 |          5|  62|  18|
|  80| 14| 142| 10|  35|  0| 168|  1|   168 |     1|        87 |          2|  71|   9|
|  86|  6| 131| 11|  35|  0| 168|  0|   168 |     0|        86 |          1|  73|   2|
|  87|  1| 145| 14|  36|  1| 168|  0|   168 |     0|        85 |          1|  76|   3|
|  85|  2| 142|  3|  36|  0| 168|  0|   168 |     0|        80 |          5|  80|   4|
|  62| 23| 158| 16|  37|  1| 168|  0|   168 |     0|        62 |         18|  84|   4|
|  84| 22| 166|  8|  37|  0| 168|  0|   168 |     0|        71 |          9|  49|  35|
|  76|  8| 167|  1|  37|  0| 167|  1|   167 |     1|        73 |          2|  37|  12|
|  80|  4| 183| 16|  37|  0| 167|  0|   167 |     0|        76 |          3|  29|   8|
|  71|  9| 189|  6|  37|  0| 167|  0|   167 |     0|        80 |          4|  25|   4|
|  73|  2| 188|  1|  39|  2| 167|  0|   167 |     0|        84 |          4|  15|  10|
|  49| 24| 180|  8|  39|  0| 167|  0|   167 |     0|        49 |         35|  22|   7|
|  37| 12| 178|  2|  40|  1| 167|  0|   167 |     0|        37 |         12| 157|  65|
|  15| 22| 184|  6|  41|  1| 167|  0|   167 |     0|        29 |          8| 159|   2|
|  29| 14| 185|  1|  42|  1| 167|  0|   167 |     0|        25 |          4| 171|  12|
|  25|  4| 172| 13|  42|  0| 167|  0|   167 |     0|        15 |         10| 184|  13|
|  22|  3| 166|  6|  43|  1| 167|  0|   167 |     0|        22 |          7| 178|   6|
| 157| 65| 165|  1|  43|  0| 167|  0|   167 |     0|       157 |         65| 169|   9|
| 159|  2| 176| 11|  43|  0| 166|  1|   166 |     1|       159 |          2| 169|   0|
| 184| 25| 173|  3|  43|  0| 166|  0|   166 |     0|       171 |         12| 169|   0|
| 171| 13| 187| 14|  43|  0| 166|  0|   166 |     0|       184 |         13| 155|  14|
| 169|  2| 167| 20|  43|  0| 166|  0|   166 |     0|       178 |          6| 153|   2|
| 169|  0| 184| 17|  44|  1| 166|  0|   166 |     0|       169 |          9| 152|   1|
| 169|  0| 189|  5|  45|  1| 166|  0|   166 |     0|       169 |          0| 149|   3|
| 178|  9| 173| 16|  45|  0| 166|  0|   166 |     0|       169 |          0| 161|  12|
| 155| 23| 174|  1|  45|  0| 165|  1|   165 |     1|       155 |         14| 169|   8|
| 152|  3| 174|  0|  46|  1| 165|  0|   165 |     0|       153 |          2| 166|   3|
| 153|  1| 194| 20|  46|  0| 165|  0|   165 |     0|       152 |          1| 154|  12|
| 149|  4| 198|  4|  47|  1| 164|  1|   164 |     1|       149 |          3| 146|   8|
| 161| 12| 200|  2|  47|  0| 164|  0|   164 |     0|       161 |         12| 142|   4|
| 169|  8|   1|  1|  47|  0| 164|  0|   164 |     0|       169 |          8| 177|  35|
| 166|  3| 169| 32|  47|  0| 164|  0|   164 |     0|       166 |          3| 149|  28|
| 177| 11| 167|  2|  47|  0| 164|  0|   164 |     0|       154 |         12|  20|  71|
| 154| 23| 170|  3|  48|  1| 164|  0|   164 |     0|       146 |          8|  20|   0|
| 142| 12|   7| 37|  48|  0| 164|  0|   164 |     0|       142 |          4|  10|  10|
| 146|  4| 197| 10|  49|  1| 164|  0|   164 |     0|       177 |         35| 188|  22|
| 149|  3| 198|  1|  49|  0| 163|  1|   163 |     1|       149 |         28| 193|   5|
| 188| 39|   6|  8|  49|  0| 163|  0|   163 |     0|        20 |         71|  11|  18|
|  20| 32|   5|  1|  49|  0| 163|  0|   163 |     0|        20 |          0|   4|   7|
|  20|  0|   6|  1|  50|  1| 163|  0|   163 |     0|        10 |         10|   2|   2|
|  10| 10|  14|  8|  50|  0| 163|  0|   163 |     0|       188 |         22|   2|   0|
| 193| 17|   7|  7|  50|  0| 163|  0|   163 |     0|       193 |          5| 172|  30|
|  11| 18| 198|  9|  50|  0| 162|  1|   162 |     1|        11 |         18| 179|   7|
|   4|  7|  12| 14|  50|  0| 162|  0|   162 |     0|         4 |          7| 184|   5|
|   2|  2| 188| 24|  50|  0| 161|  1|   161 |     1|         2 |          2| 190|   6|
|   2|  0|   8| 20|  51|  1| 161|  0|   161 |     0|         2 |          0| 190|   0|
| 190| 12| 198| 10|  51|  0| 161|  0|   161 |     0|       172 |         30| 183|   7|
| 190|  0| 189|  9|  51|  0| 161|  0|   161 |     0|       179 |          7| 172|  11|
| 184|  6| 187|  2|  52|  1| 161|  0|   161 |     0|       184 |          5| 163|   9|
| 179|  5|  14| 27|  52|  0| 160|  1|   160 |     1|       190 |          6| 139|  24|
| 172|  7|  17|  3|  52|  0| 160|  0|   160 |     0|       190 |          0|   1|  62|
| 172|  0|  15|  2|  53|  1| 160|  0|   160 |     0|       183 |          7|   4|   3|
| 183| 11|   3| 12|  53|  0| 160|  0|   160 |     0|       172 |         11|  12|   8|
| 163| 20|   5|  2|  54|  1| 159|  1|   159 |     1|       163 |          9|  14|   2|
| 139| 24|   1|  4|  54|  0| 159|  0|   159 |     0|       139 |         24|  15|   1|
|   1| 62| 152| 49|  54|  0| 159|  0|   159 |     0|         1 |         62|  25|  10|
|   4|  3| 138| 14|  54|  0| 159|  0|   159 |     0|         4 |          3|  25|   0|
|  14| 10| 141|  3|  54|  0| 159|  0|   159 |     0|        12 |          8|  25|   0|
|  12|  2| 135|  6|  54|  0| 159|  0|   159 |     0|        14 |          2|  10|  15|
|  15|  3| 160| 25|  54|  0| 159|  0|   159 |     0|        15 |          1|   8|   2|
|  25| 10| 179| 19|  54|  0| 159|  0|   159 |     0|        25 |         10|  28|  20|
|  25|  0| 164| 15|  54|  0| 158|  1|   158 |     1|        25 |          0|  14|  14|
|  28|  3| 163|  1|  54|  0| 158|  0|   158 |     0|        25 |          0|   7|   7|
|  25|  3| 186| 23|  55|  1| 158|  0|   158 |     0|        10 |         15|   6|   1|
|   8| 17| 180|  6|  55|  0| 158|  0|   158 |     0|         8 |          2|   4|   2|
|  10|  2| 192| 12|  55|  0| 157|  1|   157 |     1|        28 |         20|   3|   1|
|   6|  4| 192|  0|  55|  0| 157|  0|   157 |     0|        14 |         14|   5|   2|
|   7|  1|  19| 27|  55|  0| 157|  0|   157 |     0|         7 |          7|   8|   3|
|   4|  3|  22|  3|  56|  1| 157|  0|   157 |     0|         6 |          1|  11|   3|
|   3|  1|  13|  9|  56|  0| 157|  0|   157 |     0|         4 |          2|  18|   7|
|  14| 11|  16|  3|  56|  0| 156|  1|   156 |     1|         3 |          1|   1|  17|
|  18|  4|  17|  1|  56|  0| 156|  0|   156 |     0|         5 |          2|   5|   4|
|  11|  7|  21|  4|  56|  0| 156|  0|   156 |     0|         8 |          3|  21|  16|
|   8|  3|   2| 19|  56|  0| 156|  0|   156 |     0|        11 |          3|  30|   9|
|   1|  7|   3|  1|  57|  1| 156|  0|   156 |     0|        18 |          7|  30|   0|
|   5|  4| 152| 51|  58|  1| 156|  0|   156 |     0|         1 |         17| 101|  71|
|   5|  0| 145|  7|  59|  1| 156|  0|   156 |     0|         5 |          4|  75|  26|
|  30| 25| 139|  6|  59|  0| 155|  1|   155 |     1|        21 |         16|  74|   1|
|  30|  0| 142|  3|  59|  0| 155|  0|   155 |     0|        30 |          9|  72|   2|
|  21|  9| 124| 18|  59|  0| 155|  0|   155 |     0|        30 |          0|  68|   4|
| 101| 80| 125|  1|  59|  0| 155|  0|   155 |     0|       101 |         71|  63|   5|
|  63| 38| 139| 14|  59|  0| 155|  0|   155 |     0|        75 |         26|  63|   0|
|  68|  5| 150| 11|  60|  1| 155|  0|   155 |     0|        74 |          1|  66|   3|
|  72|  4| 156|  6|  60|  0| 155|  0|   155 |     0|        72 |          2|  67|   1|
|  74|  2| 159|  3|  60|  0| 154|  1|   154 |     1|        68 |          4|  72|   5|
|  75|  1| 166|  7|  60|  0| 154|  0|   154 |     0|        63 |          5|  79|   7|
|  66|  9| 151| 15|  61|  1| 154|  0|   154 |     0|        63 |          0|  76|   3|
|  72|  6| 152|  1|  61|  0| 154|  0|   154 |     0|        66 |          3|  67|   9|
|  79|  7| 182| 30|  61|  0| 153|  1|   153 |     1|        67 |          1|  64|   3|
|  67| 12| 159| 23|  61|  0| 153|  0|   153 |     0|        72 |          5|  63|   1|
|  63|  4| 160|  1|  61|  0| 153|  0|   153 |     0|        79 |          7|  59|   4|
|  67|  4| 162|  2|  62|  1| 153|  0|   153 |     0|        76 |          3|  78|  19|
|  59|  8| 164|  2|  62|  0| 153|  0|   153 |     0|        67 |          9|  81|   3|
|  64|  5| 164|  0|  62|  0| 152|  1|   152 |     1|        64 |          3|  87|   6|
|  76| 12| 150| 14|  62|  0| 152|  0|   152 |     0|        63 |          1| 100|  13|
|  63| 13| 159|  9|  62|  0| 152|  0|   152 |     0|        59 |          4| 103|   3|
|  81| 18| 154|  5|  62|  0| 152|  0|   152 |     0|        78 |         19| 112|   9|
|  87|  6| 156|  2|  63|  1| 152|  0|   152 |     0|        81 |          3| 113|   1|
|  78|  9| 167| 11|  63|  0| 152|  0|   152 |     0|        87 |          6|  67|  46|
| 103| 25| 167|  0|  63|  0| 152|  0|   152 |     0|       100 |         13|  64|   3|
| 100|  3|   1| 34|  63|  0| 152|  0|   152 |     0|       103 |          3|  62|   2|
| 113| 13|   3|  2|  63|  0| 152|  0|   152 |     0|       112 |          9|  64|   2|
| 112|  1| 196|  7|  63|  0| 152|  0|   152 |     0|       113 |          1|  84|  20|
|  67| 45| 197|  1|  63|  0| 152|  0|   152 |     0|        67 |         46|  86|   2|
|  64|  3|  23| 26|  63|  0| 152|  0|   152 |     0|        64 |          3|  99|  13|
|  62|  2|  15|  8|  64|  1| 152|  0|   152 |     0|        62 |          2| 102|   3|
|  64|  2|  17|  2|  64|  0| 151|  1|   151 |     1|        64 |          2| 106|   4|
|  86| 22|  47| 30|  64|  0| 151|  0|   151 |     0|        84 |         20| 112|   6|
|  84|  2|  60| 13|  64|  0| 151|  0|   151 |     0|        86 |          2| 112|   0|
| 102| 18|  55|  5|  64|  0| 151|  0|   151 |     0|        99 |         13| 113|   1|
|  99|  3|  61|  6|  64|  0| 151|  0|   151 |     0|       102 |          3| 131|  18|
| 106|  7|  61|  0|  64|  0| 151|  0|   151 |     0|       106 |          4| 129|   2|
| 112|  6| 124| 63|  65|  1| 151|  0|   151 |     0|       112 |          6| 126|   3|
| 113|  1| 132|  8|  65|  0| 151|  0|   151 |     0|       112 |          0| 125|   1|
| 131| 18| 129|  3|  65|  0| 151|  0|   151 |     0|       113 |          1| 113|  12|
| 112| 19| 102| 27|  66|  1| 151|  0|   151 |     0|       131 |         18| 134|  21|
| 113|  1|  93|  9|  66|  0| 151|  0|   151 |     0|       129 |          2| 132|   2|
| 125| 12|  90|  3|  67|  1| 150|  1|   150 |     1|       126 |          3| 135|   3|
| 126|  1|  85|  5|  67|  0| 150|  0|   150 |     0|       125 |          1| 136|   1|
| 129|  3|  85|  0|  67|  0| 150|  0|   150 |     0|       113 |         12| 181|  45|
| 134|  5|  84|  1|  67|  0| 150|  0|   150 |     0|       134 |         21| 182|   1|
| 132|  2|  59| 25|  67|  0| 149|  1|   149 |     1|       132 |          2| 188|   6|
| 136|  4|  51|  8|  67|  0| 149|  0|   149 |     0|       135 |          3| 192|   4|
| 135|  1|  56|  5|  67|  0| 149|  0|   149 |     0|       136 |          1| 195|   3|
| 182| 47|  41| 15|  68|  1| 149|  0|   149 |     0|       181 |         45| 177|  18|
| 181|  1|  25| 16|  68|  0| 149|  0|   149 |     0|       182 |          1| 177|   0|
| 192| 11|  64| 39|  68|  0| 149|  0|   149 |     0|       188 |          6| 179|   2|
| 188|  4|  64|  0|  69|  1| 149|  0|   149 |     0|       192 |          4| 187|   8|
| 177| 11|  91| 27|  69|  0| 149|  0|   149 |     0|       195 |          3| 190|   3|
| 177|  0|  97|  6|  69|  0| 148|  1|   148 |     1|       177 |         18|   1|  11|
| 195| 18| 128| 31|  70|  1| 148|  0|   148 |     0|       177 |          0|   1|   0|
| 190|  5| 128|  0|  70|  0| 148|  0|   148 |     0|       179 |          2|  22|  21|
|   1| 11| 128|  0|  70|  0| 148|  0|   148 |     0|       187 |          8|  25|   3|
|   1|  0| 139| 11|  70|  0| 147|  1|   147 |     1|       190 |          3|  33|   8|
| 187| 14| 128| 11|  71|  1| 147|  0|   147 |     0|         1 |         11|  35|   2|
| 179|  8| 140| 12|  71|  0| 147|  0|   147 |     0|         1 |          0| 195|  40|
| 195| 16| 118| 22|  72|  1| 147|  0|   147 |     0|        22 |         21|  61|  66|
|  22| 27| 118|  0|  72|  0| 147|  0|   147 |     0|        25 |          3|  56|   5|
|  25|  3| 139| 21|  72|  0| 146|  1|   146 |     1|        33 |          8|  54|   2|
|  33|  8| 134|  5|  72|  0| 146|  0|   146 |     0|        35 |          2|  52|   2|
|  35|  2| 126|  8|  73|  1| 146|  0|   146 |     0|       195 |         40|  34|  18|
|  34|  1| 135|  9|  73|  0| 146|  0|   146 |     0|        61 |         66|  43|   9|
|  54| 20| 127|  8|  73|  0| 146|  0|   146 |     0|        56 |          5|  59|  16|
|  56|  2| 128|  1|  73|  0| 146|  0|   146 |     0|        54 |          2|  61|   2|
|  52|  4| 126|  2|  73|  0| 146|  0|   146 |     0|        52 |          2|  78|  17|
|  61|  9| 126|  0|  73|  0| 146|  0|   146 |     0|        34 |         18|  22|  56|
|  61|  0| 128|  2|  74|  1| 145|  1|   145 |     1|        43 |          9|  33|  11|
|  78| 17| 119|  9|  74|  0| 145|  0|   145 |     0|        59 |         16|  36|   3|
|  59| 19| 128|  9|  75|  1| 145|  0|   145 |     0|        61 |          2|  54|  18|
|  43| 16| 123|  5|  75|  0| 145|  0|   145 |     0|        78 |         17|  12|  42|
|  22| 21| 117|  6|  75|  0| 145|  0|   145 |     0|        22 |         56|   4|   8|
|  33| 11| 115|  2|  76|  1| 145|  0|   145 |     0|        33 |         11|  56|  52|
|  36|  3| 122|  7|  76|  0| 145|  0|   145 |     0|        36 |          3|  84|  28|
|  12| 24| 145| 23|  76|  0| 145|  0|   145 |     0|        54 |         18|  84|   0|
|   4|  8| 155| 10|  76|  0| 145|  0|   145 |     0|        12 |         42|  98|  14|
|  54| 50| 150|  5|  76|  0| 145|  0|   145 |     0|         4 |          8|   1|  97|
|  56|  2| 143|  7|  76|  0| 145|  0|   145 |     0|        56 |         52|   3|   2|
|  84| 28| 199| 56|  76|  0| 145|  0|   145 |     0|        84 |         28|  17|  14|
|  98| 14| 197|  2|  77|  1| 145|  0|   145 |     0|        84 |          0|  22|   5|
|  84| 14| 173| 24|  77|  0| 144|  1|   144 |     1|        98 |         14|  35|  13|
|   1| 83| 173|  0|  77|  0| 143|  1|   143 |     1|         1 |         97|  36|   1|
|   3|  2| 164|  9|  77|  0| 143|  0|   143 |     0|         3 |          2|  22|  14|
|  22| 19| 164|  0|  77|  0| 143|  0|   143 |     0|        17 |         14|   1|  21|
|  17|  5| 163|  1|  78|  1| 143|  0|   143 |     0|        22 |          5| 136|  65|
|  36| 19| 176| 13|  78|  0| 143|  0|   143 |     0|        35 |         13| 141|   5|
|  35|  1| 176|  0|  78|  0| 143|  0|   143 |     0|        36 |          1| 142|   1|
|  22| 13| 176|  0|  78|  0| 143|  0|   143 |     0|        22 |         14| 109|  33|
|   1| 21| 174|  2|  78|  0| 143|  0|   143 |     0|         1 |         21| 107|   2|
| 141| 60| 199| 25|  79|  1| 143|  0|   143 |     0|       136 |         65| 103|   4|
| 142|  1| 194|  5|  79|  0| 143|  0|   143 |     0|       141 |          5| 143|  40|
| 136|  6| 156| 38|  79|  0| 142|  1|   142 |     1|       142 |          1| 163|  20|
| 109| 27| 148|  8|  79|  0| 142|  0|   142 |     0|       109 |         33| 171|   8|
| 103|  6| 138| 10|  79|  0| 142|  0|   142 |     0|       107 |          2| 178|   7|
| 107|  4| 113| 25|  80|  1| 142|  0|   142 |     0|       103 |          4| 180|   2|
| 143| 36| 125| 12|  80|  0| 142|  0|   142 |     0|       143 |         40| 196|  16|
| 163| 20| 132|  7|  80|  0| 142|  0|   142 |     0|       163 |         20|   1|   5|
| 178| 15| 130|  2|  80|  0| 142|  0|   142 |     0|       171 |          8|   1|   0|
| 171|  7| 129|  1|  81|  1| 142|  0|   142 |     0|       178 |          7|  26|  25|
| 180|  9| 127|  2|  81|  0| 142|  0|   142 |     0|       180 |          2|  27|   1|
| 196| 16| 122|  5|  81|  0| 142|  0|   142 |     0|       196 |         16|  62|  35|
|   1|  5| 113|  9|  81|  0| 142|  0|   142 |     0|         1 |          5|  76|  14|
|  62| 61| 112|  1|  82|  1| 142|  0|   142 |     0|         1 |          0|   2|  74|
|  76| 14| 115|  3|  82|  0| 142|  0|   142 |     0|        26 |         25| 172|  30|
|  27| 49| 107|  8|  82|  0| 142|  0|   142 |     0|        27 |          1| 180|   8|
|  26|  1| 121| 14|  82|  0| 141|  1|   141 |     1|        62 |         35| 182|   2|
|   1| 25| 162| 41|  83|  1| 141|  0|   141 |     0|        76 |         14| 193|  11|
|   2|  1| 151| 11|  83|  0| 141|  0|   141 |     0|         2 |         74| 166|  27|
| 182| 20| 167| 16|  84|  1| 141|  0|   141 |     0|       172 |         30| 164|   2|
| 180|  2| 136| 31|  84|  0| 141|  0|   141 |     0|       180 |          8| 156|   8|
| 172|  8| 138|  2|  84|  0| 141|  0|   141 |     0|       182 |          2| 149|   7|
| 193| 21| 125| 13|  84|  0| 141|  0|   141 |     0|       193 |         11| 143|   6|
| 168| 25| 120|  5|  84|  0| 141|  0|   141 |     0|       168 |         25| 149|   6|
| 165|  3| 128|  8|  84|  0| 140|  1|   140 |     1|       165 |          3| 149|   0|
| 149| 16| 112| 16|  84|  0| 140|  0|   140 |     0|       149 |         16| 165|  16|
| 149|  0| 102| 10|  84|  0| 140|  0|   140 |     0|       149 |          0| 168|   3|
| 127| 22| 102|  0|  85|  1| 140|  0|   140 |     0|       127 |         22| 127|  41|
| 123|  4|  79| 23|  85|  0| 140|  0|   140 |     0|       127 |          0| 114|  13|
| 114|  9| 118| 39|  85|  0| 140|  0|   140 |     0|       123 |          4|  17|  97|
| 115|  1| 124|  6|  85|  0| 139|  1|   139 |     1|       115 |          8|   8|   9|
| 127| 12| 121|  3|  85|  0| 139|  0|   139 |     0|       114 |          1|   2|   6|
| 114| 13| 119|  2|  85|  0| 139|  0|   139 |     0|       114 |          0|   1|   1|
| 114|  0| 118|  1|  85|  0| 139|  0|   139 |     0|       114 |          0|   3|   2|
|   1| 87| 161| 43|  85|  0| 139|  0|   139 |     0|        17 |         97|  13|  10|
|  17| 16| 161|  0|  86|  1| 139|  0|   139 |     0|         8 |          9|  19|   6|
|   8|  9| 188| 27|  86|  0| 139|  0|   139 |     0|         2 |          6|  21|   2|
|   2|  6| 187|  1|  86|  0| 139|  0|   139 |     0|         1 |          1|  24|   3|
|  13| 11| 182|  5|  86|  0| 138|  1|   138 |     1|         3 |          2|  15|   9|
|  21|  8| 192| 10|  86|  0| 138|  0|   138 |     0|        13 |         10|  11|   4|
|  24|  3| 187|  5|  87|  1| 138|  0|   138 |     0|        19 |          6|  10|   1|
|  19|  5| 175| 12|  87|  0| 138|  0|   138 |     0|        21 |          2|  29|  19|
|   3| 16| 173|  2|  87|  0| 138|  0|   138 |     0|        24 |          3|  35|   6|
|  10|  7| 173|  0|  88|  1| 138|  0|   138 |     0|        15 |          9|  35|   0|
|  11|  1| 152| 21|  88|  0| 137|  1|   137 |     1|        11 |          4|  33|   2|
|  15|  4| 127| 25|  88|  0| 137|  0|   137 |     0|        10 |          1|  32|   1|
|  29| 14| 124|  3|  88|  0| 137|  0|   137 |     0|        29 |         19|  43|  11|
|  35|  6| 126|  2|  88|  0| 137|  0|   137 |     0|        35 |          6|  66|  23|
|  35|  0| 124|  2|  88|  0| 137|  0|   137 |     0|        35 |          0|  67|   1|
|  43|  8|  94| 30|  88|  0| 137|  0|   137 |     0|        33 |          2|  67|   0|
|  32| 11|  85|  9|  89|  1| 137|  0|   137 |     0|        32 |          1|  60|   7|
|  33|  1|  85|  0|  89|  0| 137|  0|   137 |     0|        43 |         11|  60|   0|
|  66| 33| 102| 17|  89|  0| 137|  0|   137 |     0|        66 |         23|  32|  28|
|  67|  1|  97|  5|  90|  1| 136|  1|   136 |     1|        67 |          1|  34|   2|
|  60|  7|  86| 11|  90|  0| 136|  0|   136 |     0|        67 |          0|  34|   0|
|  60|  0| 104| 18|  90|  0| 136|  0|   136 |     0|        60 |          7| 192|  42|
|  67|  7|  68| 36|  90|  0| 136|  0|   136 |     0|        60 |          0|  24|  32|
|  32| 35|  70|  2|  91|  1| 135|  1|   135 |     1|        32 |         28|  12|  12|
|  34|  2|  39| 31|  91|  0| 135|  0|   135 |     0|        34 |          2| 151|  61|
|  34|  0|  12| 27|  91|  0| 135|  0|   135 |     0|        34 |          0| 163|  12|
|  24| 10|   7|  5|  91|  0| 135|  0|   135 |     0|       192 |         42| 187|  24|
|  12| 12|   9|  2|  91|  0| 135|  0|   135 |     0|        24 |         32| 189|   2|
| 192| 20| 198| 11|  92|  1| 135|  0|   135 |     0|        12 |         12| 189|   0|
| 189|  3| 200|  2|  92|  0| 135|  0|   135 |     0|       151 |         61| 149|  40|
| 189|  0| 195|  5|  93|  1| 134|  1|   134 |     1|       163 |         12| 146|   3|
| 187|  2| 197|  2|  93|  0| 134|  0|   134 |     0|       187 |         24| 145|   1|
| 163| 24| 200|  3|  93|  0| 134|  0|   134 |     0|       189 |          2| 135|  10|
| 151| 12| 191|  9|  93|  0| 134|  0|   134 |     0|       189 |          0| 131|   4|
| 146|  5| 185|  6|  93|  0| 134|  0|   134 |     0|       149 |         40| 141|  10|
| 135| 11| 190|  5|  93|  0| 134|  0|   134 |     0|       146 |          3| 143|   2|
| 131|  4| 188|  2|  94|  1| 134|  0|   134 |     0|       145 |          1| 146|   3|
| 145| 14| 188|  0|  94|  0| 133|  1|   133 |     1|       135 |         10| 152|   6|
| 149|  4| 184|  4|  94|  0| 133|  0|   133 |     0|       131 |          4| 152|   0|
| 146|  3| 156| 28|  94|  0| 132|  1|   132 |     1|       141 |         10| 170|  18|
| 152|  6| 167| 11|  94|  0| 132|  0|   132 |     0|       143 |          2| 118|  52|
| 141| 11| 152| 15|  94|  0| 132|  0|   132 |     0|       146 |          3|  93|  25|
| 143|  2| 154|  2|  94|  0| 132|  0|   132 |     0|       152 |          6|  88|   5|
| 152|  9| 143| 11|  95|  1| 132|  0|   132 |     0|       152 |          0|  88|   0|
| 170| 18| 155| 12|  95|  0| 132|  0|   132 |     0|       170 |         18|  73|  15|
| 118| 52| 151|  4|  96|  1| 132|  0|   132 |     0|       118 |         52|  70|   3|
|  88| 30| 142|  9|  97|  1| 132|  0|   132 |     0|        93 |         25|  54|  16|
|  88|  0| 143|  1|  97|  0| 132|  0|   132 |     0|        88 |          5|  52|   2|
|  93|  5| 143|  0|  97|  0| 132|  0|   132 |     0|        88 |          0|  45|   7|
|  73| 20| 141|  2|  97|  0| 132|  0|   132 |     0|        73 |         15|  47|   2|
|  70|  3| 147|  6|  97|  0| 131|  1|   131 |     1|        70 |          3|  59|  12|
|  52| 18| 137| 10|  97|  0| 131|  0|   131 |     0|        54 |         16|  79|  20|
|  54|  2| 137|  0|  97|  0| 131|  0|   131 |     0|        52 |          2| 105|  26|
|  45|  9| 137|  0|  97|  0| 131|  0|   131 |     0|        45 |          7| 105|   0|
|  59| 14| 143|  6|  97|  0| 131|  0|   131 |     0|        47 |          2| 106|   1|
|  47| 12| 127| 16|  97|  0| 131|  0|   131 |     0|        59 |         12| 108|   2|
|  79| 32| 125|  2|  98|  1| 130|  1|   130 |     1|        79 |         20| 121|  13|
| 105| 26| 114| 11|  98|  0| 130|  0|   130 |     0|       105 |         26| 102|  19|
| 105|  0| 106|  8|  98|  0| 130|  0|   130 |     0|       105 |          0|  98|   4|
| 121| 16|  93| 13|  99|  1| 130|  0|   130 |     0|       106 |          1| 110|  12|
| 106| 15|  93|  0|  99|  0| 130|  0|   130 |     0|       108 |          2|  87|  23|
|  98|  8| 106| 13|  99|  0| 129|  1|   129 |     1|       121 |         13|  85|   2|
| 102|  4| 109|  3| 100|  1| 129|  0|   129 |     0|       102 |         19|  78|   7|
| 108|  6| 122| 13| 100|  0| 129|  0|   129 |     0|        98 |          4|  68|  10|
| 110|  2| 123|  1| 100|  0| 129|  0|   129 |     0|       110 |         12|  85|  17|
|  87| 23|  82| 41| 101|  1| 129|  0|   129 |     0|        87 |         23| 132|  47|
|  68| 19|  76|  6| 101|  0| 129|  0|   129 |     0|        85 |          2| 133|   1|
|  85| 17|  69|  7| 102|  1| 129|  0|   129 |     0|        78 |          7| 134|   1|
|  78|  7|  49| 20| 102|  0| 128|  1|   128 |     1|        68 |         10| 149|  15|
|  85|  7|   4| 45| 102|  0| 128|  0|   128 |     0|        85 |         17| 145|   4|
| 132| 47|  14| 10| 102|  0| 128|  0|   128 |     0|       132 |         47| 152|   7|
| 134|  2|  21|  7| 102|  0| 128|  0|   128 |     0|       133 |          1| 153|   1|
| 133|  1|  22|  1| 102|  0| 128|  0|   128 |     0|       134 |          1| 174|  21|
| 149| 16|  37| 15| 103|  1| 128|  0|   128 |     0|       149 |         15| 199|  25|
| 145|  4|  35|  2| 103|  0| 128|  0|   128 |     0|       145 |          4| 185|  14|
| 153|  8|  35|  0| 103|  0| 128|  0|   128 |     0|       152 |          7|   8|  23|
| 152|  1|  43|  8| 103|  0| 128|  0|   128 |     0|       153 |          1|   1|   7|
| 174| 22|  47|  4| 104|  1| 128|  0|   128 |     0|       174 |         21|   1|   0|
| 199| 25|  64| 17| 104|  0| 128|  0|   128 |     0|       199 |         25| 200|   1|
|   8|  9|  62|  2| 104|  0| 128|  0|   128 |     0|       185 |         14| 197|   3|
| 185| 23|  61|  1| 104|  0| 128|  0|   128 |     0|         8 |         23|  50|  53|
|   1| 16|  60|  1| 104|  0| 128|  0|   128 |     0|         1 |          7|  46|   4|
|   1|  0|  56|  4| 105|  1| 128|  0|   128 |     0|         1 |          0|  40|   6|
| 200|  1|  50|  6| 105|  0| 128|  0|   128 |     0|       200 |          1|   6|  34|
| 197|  3|  50|  0| 105|  0| 127|  1|   127 |     1|       197 |          3|  12|   6|
|   6|  9|  48|  2| 105|  0| 127|  0|   127 |     0|        50 |         53|  13|   1|
|  46| 40|  54|  6| 106|  1| 127|  0|   127 |     0|        46 |          4|  55|  42|
|  40|  6|  62|  8| 106|  0| 127|  0|   127 |     0|        40 |          6| 193|  62|
|  50| 10|  63|  1| 106|  0| 127|  0|   127 |     0|         6 |         34|   5|  12|
|  55|  5|  74| 11| 106|  0| 127|  0|   127 |     0|        12 |          6|  10|   5|
|  12| 43|  79|  5| 106|  0| 127|  0|   127 |     0|        13 |          1|  13|   3|
|  13|  1|  84|  5| 106|  0| 127|  0|   127 |     0|        55 |         42|  22|   9|
|   5|  8|  94| 10| 107|  1| 127|  0|   127 |     0|       193 |         62|  23|   1|
| 193| 12|  90|  4| 107|  0| 126|  1|   126 |     1|         5 |         12|  23|   0|
|  13| 20|  78| 12| 107|  0| 126|  0|   126 |     0|        10 |          5|  11|  12|
|  23| 10|  88| 10| 107|  0| 126|  0|   126 |     0|        13 |          3|  55|  44|
|  23|  0|  88|  0| 108|  1| 126|  0|   126 |     0|        22 |          9|  59|   4|
|  22|  1|  80|  8| 108|  0| 126|  0|   126 |     0|        23 |          1|  69|  10|
|  10| 12|  95| 15| 108|  0| 126|  0|   126 |     0|        23 |          0|  70|   1|
|  11|  1|  98|  3| 108|  0| 126|  0|   126 |     0|        11 |         12|  67|   3|
|  55| 44| 103|  5| 109|  1| 126|  0|   126 |     0|        55 |         44|  64|   3|
|  59|  4|  97|  6| 109|  0| 125|  1|   125 |     1|        59 |          4|  63|   1|
|  70| 11| 101|  4| 109|  0| 125|  0|   125 |     0|        69 |         10|  50|  13|
|  69|  1| 106|  5| 109|  0| 125|  0|   125 |     0|        70 |          1|  49|   1|
|  49| 20| 111|  5| 109|  0| 125|  0|   125 |     0|        67 |          3|  67|  18|
|  50|  1|  97| 14| 110|  1| 125|  0|   125 |     0|        64 |          3|  79|  12|
|  64| 14|  76| 21| 111|  1| 125|  0|   125 |     0|        63 |          1|  83|   4|
|  67|  3|  42| 34| 111|  0| 125|  0|   125 |     0|        50 |         13| 106|  23|
|  63|  4| 128| 86| 111|  0| 125|  0|   125 |     0|        49 |          1| 115|   9|
|  83| 20| 145| 17| 112|  1| 125|  0|   125 |     0|        67 |         18| 116|   1|
|  79|  4| 142|  3| 112|  0| 125|  0|   125 |     0|        79 |         12| 117|   1|
|  67| 12| 141|  1| 112|  0| 124|  1|   124 |     1|        83 |          4| 135|  18|
| 106| 39| 137|  4| 112|  0| 124|  0|   124 |     0|       106 |         23| 137|   2|
| 115|  9| 142|  5| 112|  0| 124|  0|   124 |     0|       115 |          9| 139|   2|
| 117|  2| 142|  0| 113|  1| 124|  0|   124 |     0|       116 |          1| 135|   4|
| 139| 22| 139|  3| 113|  0| 124|  0|   124 |     0|       117 |          1| 125|  10|
| 135|  4| 105| 34| 113|  0| 124|  0|   124 |     0|       135 |         18|  95|  30|
| 137|  2| 104|  1| 113|  0| 124|  0|   124 |     0|       137 |          2|  92|   3|
| 116| 21|  84| 20| 113|  0| 123|  1|   123 |     1|       139 |          2|  73|  19|
| 135| 19|  84|  0| 113|  0| 123|  0|   123 |     0|       135 |          4|  94|  21|
| 125| 10|  91|  7| 113|  0| 123|  0|   123 |     0|       125 |         10|  97|   3|
|  73| 52|  86|  5| 113|  0| 123|  0|   123 |     0|        95 |         30|  97|   0|
|  92| 19|  76| 10| 114|  1| 123|  0|   123 |     0|        92 |          3| 137|  40|
|  95|  3|  75|  1| 114|  0| 123|  0|   123 |     0|        73 |         19| 145|   8|
|  97|  2|  73|  2| 114|  0| 122|  1|   122 |     1|        94 |         21| 146|   1|
|  97|  0|  73|  0| 114|  0| 122|  0|   122 |     0|        97 |          3| 161|  15|
|  94|  3|  73|  0| 114|  0| 122|  0|   122 |     0|        97 |          0| 163|   2|
| 137| 43|  86| 13| 114|  0| 122|  0|   122 |     0|       137 |         40| 172|   9|
| 145|  8|  93|  7| 114|  0| 122|  0|   122 |     0|       145 |          8| 173|   1|
| 146|  1|  90|  3| 115|  1| 121|  1|   121 |     1|       146 |          1| 184|  11|
| 161| 15|  77| 13| 115|  0| 121|  0|   121 |     0|       161 |         15| 158|  26|
| 163|  2|  77|  0| 115|  0| 121|  0|   121 |     0|       163 |          2| 155|   3|
| 172|  9|  71|  6| 115|  0| 121|  0|   121 |     0|       172 |          9| 151|   4|
| 173|  1|  88| 17| 115|  0| 121|  0|   121 |     0|       173 |          1| 144|   7|
| 184| 11|  81|  7| 116|  1| 121|  0|   121 |     0|       184 |         11| 146|   2|
| 144| 40|  81|  0| 116|  0| 120|  1|   120 |     1|       158 |         26| 158|  12|
| 151|  7|  80|  1| 117|  1| 120|  0|   120 |     0|       155 |          3| 158|   0|
| 155|  4|  72|  8| 117|  0| 120|  0|   120 |     0|       151 |          4| 159|   1|
| 158|  3|  72|  0| 117|  0| 120|  0|   120 |     0|       144 |          7| 168|   9|
| 159|  1|  63|  9| 117|  0| 120|  0|   120 |     0|       146 |          2| 140|  28|
| 168|  9| 130| 67| 118|  1| 119|  1|   119 |     1|       158 |         12| 140|   0|
| 158| 10| 140| 10| 118|  0| 119|  0|   119 |     0|       158 |          0| 130|  10|
| 158|  0| 140|  0| 118|  0| 119|  0|   119 |     0|       159 |          1| 128|   2|
| 146| 12| 128| 12| 118|  0| 119|  0|   119 |     0|       168 |          9|  63|  65|
| 128| 18| 146| 18| 118|  0| 118|  1|   118 |     1|       140 |         28|  72|   9|
| 140| 12| 158| 12| 118|  0| 118|  0|   118 |     0|       140 |          0|  72|   0|
| 140|  0| 158|  0| 118|  0| 118|  0|   118 |     0|       130 |         10|  80|   8|
| 130| 10| 168| 10| 118|  0| 118|  0|   118 |     0|       128 |          2|  81|   1|
|  63| 67| 159|  9| 119|  1| 118|  0|   118 |     0|        63 |         65|  81|   0|
|  72|  9| 158|  1| 119|  0| 118|  0|   118 |     0|        72 |          9|  88|   7|
|  72|  0| 155|  3| 119|  0| 118|  0|   118 |     0|        72 |          0|  90|   2|
|  80|  8| 151|  4| 119|  0| 118|  0|   118 |     0|        80 |          8|  77|  13|
|  81|  1| 144|  7| 120|  1| 117|  1|   117 |     1|        81 |          1|  77|   0|
|  81|  0| 184| 40| 120|  0| 117|  0|   117 |     0|        81 |          0|  71|   6|
|  88|  7| 173| 11| 120|  0| 117|  0|   117 |     0|        88 |          7|  73|   2|
|  71| 17| 172|  1| 120|  0| 117|  0|   117 |     0|        90 |          2|  73|   0|
|  77|  6| 163|  9| 120|  0| 116|  1|   116 |     1|        77 |         13|  73|   0|
|  77|  0| 161|  2| 121|  1| 116|  0|   116 |     0|        77 |          0|  86|  13|
|  90| 13| 146| 15| 121|  0| 115|  1|   115 |     1|        71 |          6|  93|   7|
|  93|  3| 145|  1| 121|  0| 115|  0|   115 |     0|        73 |          2|  91|   2|
|  86|  7| 137|  8| 121|  0| 115|  0|   115 |     0|        73 |          0|  86|   5|
|  73| 13|  94| 43| 121|  0| 115|  0|   115 |     0|        73 |          0|  84|   2|
|  73|  0|  97|  3| 121|  0| 115|  0|   115 |     0|        86 |         13|  76|   8|
|  73|  0|  97|  0| 122|  1| 114|  1|   114 |     1|        93 |          7|  75|   1|
|  75|  2|  95|  2| 122|  0| 114|  0|   114 |     0|        91 |          2|  84|   9|
|  76|  1|  92|  3| 122|  0| 114|  0|   114 |     0|        86 |          5| 104|  20|
|  86| 10|  73| 19| 122|  0| 114|  0|   114 |     0|        84 |          2| 105|   1|
|  91|  5| 125| 52| 122|  0| 114|  0|   114 |     0|        76 |          8| 139|  34|
|  84|  7| 135| 10| 123|  1| 114|  0|   114 |     0|        75 |          1| 142|   3|
|  84|  0| 116| 19| 123|  0| 114|  0|   114 |     0|        84 |          9| 142|   0|
| 104| 20| 137| 21| 123|  0| 113|  1|   113 |     1|       104 |         20| 142|   0|
| 105|  1| 135|  2| 123|  0| 113|  0|   113 |     0|       105 |          1| 141|   1|
| 139| 34| 139|  4| 123|  0| 113|  0|   113 |     0|       139 |         34| 137|   4|
| 142|  3| 117| 22| 123|  0| 113|  0|   113 |     0|       142 |          3| 145|   8|
| 142|  0| 115|  2| 124|  1| 113|  0|   113 |     0|       142 |          0| 128|  17|
| 137|  5| 106|  9| 124|  0| 113|  0|   113 |     0|       142 |          0| 111|  17|
| 141|  4|  67| 39| 124|  0| 113|  0|   113 |     0|       141 |          1|  97|  14|
| 142|  1|  79| 12| 124|  0| 113|  0|   113 |     0|       137 |          4|  76|  21|
| 145|  3|  83|  4| 124|  0| 112|  1|   112 |     1|       145 |          8|  42|  34|
| 128| 17|  63| 20| 124|  0| 112|  0|   112 |     0|       128 |         17|  97|  55|
|  42| 86|  67|  4| 124|  0| 112|  0|   112 |     0|       111 |         17|  98|   1|
|  76| 34|  64|  3| 125|  1| 112|  0|   112 |     0|        97 |         14| 101|   3|
|  97| 21|  50| 14| 125|  0| 112|  0|   112 |     0|        76 |         21| 103|   2|
| 111| 14|  49|  1| 125|  0| 111|  1|   111 |     1|        42 |         34| 106|   3|
| 106|  5|  69| 20| 125|  0| 111|  0|   111 |     0|        97 |         55|  95|  11|
| 101|  5|  70|  1| 125|  0| 111|  0|   111 |     0|        98 |          1|  88|   7|
|  97|  4|  59| 11| 125|  0| 110|  1|   110 |     1|       101 |          3|  88|   0|
| 103|  6|  55|  4| 125|  0| 109|  1|   109 |     1|       103 |          2|  80|   8|
|  98|  5|  11| 44| 125|  0| 109|  0|   109 |     0|       106 |          3|  78|   2|
|  95|  3|  10|  1| 125|  0| 109|  0|   109 |     0|        95 |         11|  79|   1|
|  80| 15|  22| 12| 125|  0| 109|  0|   109 |     0|        88 |          7|  84|   5|
|  88|  8|  23|  1| 126|  1| 109|  0|   109 |     0|        88 |          0|  90|   6|
|  88|  0|  23|  0| 126|  0| 108|  1|   108 |     1|        80 |          8|  94|   4|
|  78| 10|  13| 10| 126|  0| 108|  0|   108 |     0|        78 |          2|  74|  20|
|  90| 12| 193| 20| 126|  0| 108|  0|   108 |     0|        79 |          1|  63|  11|
|  94|  4|   5| 12| 126|  0| 108|  0|   108 |     0|        84 |          5|  62|   1|
|  84| 10|  13|  8| 126|  0| 107|  1|   107 |     1|        90 |          6|  54|   8|
|  79|  5|  12|  1| 126|  0| 107|  0|   107 |     0|        94 |          4|  50|   4|
|  74|  5|  55| 43| 126|  0| 107|  0|   107 |     0|        74 |         20|  48|   2|
|  63| 11|  50|  5| 127|  1| 107|  0|   107 |     0|        63 |         11|  50|   2|
|  62|  1|  40| 10| 127|  0| 106|  1|   106 |     1|        62 |          1|  56|   6|
|  54|  8|  46|  6| 127|  0| 106|  0|   106 |     0|        54 |          8|  60|   4|
|  48|  6|   6| 40| 127|  0| 106|  0|   106 |     0|        50 |          4|  61|   1|
|  50|  2| 197|  9| 127|  0| 106|  0|   106 |     0|        48 |          2|  62|   1|
|  50|  0| 200|  3| 127|  0| 106|  0|   106 |     0|        50 |          2|  64|   2|
|  56|  6|   1|  1| 127|  0| 106|  0|   106 |     0|        56 |          6|  47|  17|
|  60|  4|   1|  0| 127|  0| 105|  1|   105 |     1|        60 |          4|  43|   4|
|  61|  1| 185| 16| 127|  0| 105|  0|   105 |     0|        61 |          1|  35|   8|
|  62|  1|   8| 23| 128|  1| 105|  0|   105 |     0|        62 |          1|  35|   0|
|  64|  2| 199|  9| 128|  0| 105|  0|   105 |     0|        64 |          2|  37|   2|
|  47| 17| 174| 25| 128|  0| 104|  1|   104 |     1|        47 |         17|  22|  15|
|  43|  4| 152| 22| 128|  0| 104|  0|   104 |     0|        43 |          4|  21|   1|
|  35|  8| 153|  1| 128|  0| 104|  0|   104 |     0|        35 |          8|  14|   7|
|  35|  0| 145|  8| 128|  0| 104|  0|   104 |     0|        35 |          0|   4|  10|
|  37|  2| 149|  4| 128|  0| 104|  0|   104 |     0|        37 |          2|  49|  45|
|  22| 15| 133| 16| 128|  0| 103|  1|   103 |     1|        22 |         15|  69|  20|
|  21|  1| 134|  1| 128|  0| 103|  0|   103 |     0|        21 |          1|  76|   7|
|  14|  7| 132|  2| 128|  0| 103|  0|   103 |     0|        14 |          7|  82|   6|
|   4| 10|  85| 47| 128|  0| 103|  0|   103 |     0|         4 |         10| 123|  41|
|  49| 45|  78|  7| 128|  0| 102|  1|   102 |     1|        49 |         45| 122|   1|
|  69| 20|  85|  7| 128|  0| 102|  0|   102 |     0|        69 |         20| 109|  13|
|  76|  7|  68| 17| 128|  0| 102|  0|   102 |     0|        76 |          7| 106|   3|
|  82|  6|  87| 19| 128|  0| 102|  0|   102 |     0|        82 |          6|  93|  13|
| 123| 41| 110| 23| 128|  0| 102|  0|   102 |     0|       123 |         41|  93|   0|
| 122|  1| 108|  2| 129|  1| 102|  0|   102 |     0|       122 |          1| 106|  13|
| 109| 13| 102|  6| 129|  0| 101|  1|   101 |     1|       109 |         13| 114|   8|
| 106|  3|  98|  4| 129|  0| 101|  0|   101 |     0|       106 |          3| 125|  11|
|  93| 13| 106|  8| 129|  0| 100|  1|   100 |     1|        93 |         13| 127|   2|
|  93|  0| 121| 15| 129|  0| 100|  0|   100 |     0|        93 |          0| 143|  16|
| 106| 13| 105| 16| 129|  0| 100|  0|   100 |     0|       106 |         13| 141|   2|
| 114|  8| 105|  0| 129|  0|  99|  1|    99 |     1|       114 |          8| 137|   4|
| 125| 11|  79| 26| 130|  1|  99|  0|    99 |     0|       125 |         11| 137|   0|
| 127|  2|  47| 32| 130|  0|  99|  0|    99 |     0|       127 |          2| 137|   0|
| 143| 16|  59| 12| 130|  0|  98|  1|    98 |     1|       143 |         16| 147|  10|
| 137|  6|  45| 14| 130|  0|  98|  0|    98 |     0|       141 |          2| 143|   4|
| 137|  0|  54|  9| 130|  0|  98|  0|    98 |     0|       137 |          4| 143|   0|
| 137|  0|  52|  2| 131|  1|  97|  1|    97 |     1|       137 |          0| 142|   1|
| 147| 10|  70| 18| 131|  0|  97|  0|    97 |     0|       137 |          0| 151|   9|
| 141|  6|  73|  3| 131|  0|  97|  0|    97 |     0|       147 |         10| 155|   4|
| 143|  2|  93| 20| 131|  0|  97|  0|    97 |     0|       143 |          4| 154|   1|
| 143|  0|  88|  5| 131|  0|  97|  0|    97 |     0|       143 |          0| 152|   2|
| 142|  1|  88|  0| 131|  0|  97|  0|    97 |     0|       142 |          1| 143|   9|
| 151|  9| 118| 30| 132|  1|  97|  0|    97 |     0|       151 |          9| 156|  13|
| 155|  4| 170| 52| 132|  0|  97|  0|    97 |     0|       155 |          4| 167|  11|
| 143| 12| 152| 18| 132|  0|  97|  0|    97 |     0|       154 |          1| 184|  17|
| 154| 11| 143|  9| 132|  0|  97|  0|    97 |     0|       152 |          2| 185|   1|
| 152|  2| 141|  2| 132|  0|  96|  1|    96 |     1|       143 |          9| 188|   3|
| 167| 15| 152| 11| 132|  0|  95|  1|    95 |     1|       156 |         13| 188|   0|
| 156| 11| 146|  6| 132|  0|  95|  0|    95 |     0|       167 |         11| 190|   2|
| 184| 28| 149|  3| 132|  0|  94|  1|    94 |     1|       184 |         17| 191|   1|
| 188|  4| 145|  4| 132|  0|  94|  0|    94 |     0|       185 |          1| 195|   4|
| 188|  0| 131| 14| 132|  0|  94|  0|    94 |     0|       188 |          3| 197|   2|
| 190|  2| 135|  4| 132|  0|  94|  0|    94 |     0|       188 |          0| 200|   3|
| 185|  5| 146| 11| 133|  1|  94|  0|    94 |     0|       190 |          2| 200|   0|
| 191|  6| 151|  5| 133|  0|  94|  0|    94 |     0|       191 |          1| 198|   2|
| 200|  9| 163| 12| 134|  1|  94|  0|    94 |     0|       195 |          4|  39|  41|
| 197|  3| 187| 24| 134|  0|  93|  1|    93 |     1|       197 |          2|  12|  27|
| 195|  2| 189|  2| 134|  0|  93|  0|    93 |     0|       200 |          3|   9|   3|
| 200|  5| 189|  0| 134|  0|  93|  0|    93 |     0|       200 |          0|   7|   2|
| 198|  2| 192|  3| 134|  0|  93|  0|    93 |     0|       198 |          2|  68|  61|
|   9| 11|  12| 20| 134|  0|  93|  0|    93 |     0|        39 |         41|  70|   2|
|   7|  2|  24| 12| 134|  0|  93|  0|    93 |     0|        12 |         27|  86|  16|
|  12|  5|  34| 10| 135|  1|  92|  1|    92 |     1|         9 |          3|  97|  11|
|  39| 27|  34|  0| 135|  0|  92|  0|    92 |     0|         7 |          2| 104|   7|
|  70| 31|  32|  2| 135|  0|  91|  1|    91 |     1|        68 |         61| 102|   2|
|  68|  2|  67| 35| 135|  0|  91|  0|    91 |     0|        70 |          2|  94|   8|
| 104| 36|  60|  7| 135|  0|  91|  0|    91 |     0|        86 |         16|  85|   9|
|  86| 18|  60|  0| 135|  0|  91|  0|    91 |     0|        97 |         11|  85|   0|
|  97| 11|  67|  7| 135|  0|  91|  0|    91 |     0|       104 |          7| 124|  39|
| 102|  5|  66|  1| 136|  1|  90|  1|    90 |     1|       102 |          2| 124|   0|
|  85| 17|  33| 33| 136|  0|  90|  0|    90 |     0|        94 |          8| 126|   2|
|  85|  0|  32|  1| 136|  0|  90|  0|    90 |     0|        85 |          9| 127|   1|
|  94|  9|  43| 11| 136|  0|  90|  0|    90 |     0|        85 |          0| 152|  25|
| 124| 30|  35|  8| 137|  1|  89|  1|    89 |     1|       124 |         39| 173|  21|
| 126|  2|  35|  0| 137|  0|  89|  0|    89 |     0|       124 |          0| 173|   0|
| 124|  2|  29|  6| 137|  0|  89|  0|    89 |     0|       126 |          2| 175|   2|
| 127|  3|  15| 14| 137|  0|  88|  1|    88 |     1|       127 |          1| 182|   7|
| 152| 25|  11|  4| 137|  0|  88|  0|    88 |     0|       152 |         25| 187|   5|
| 173| 21|  10|  1| 137|  0|  88|  0|    88 |     0|       173 |         21| 192|   5|
| 173|  0|   3|  7| 137|  0|  88|  0|    88 |     0|       173 |          0| 188|   4|
| 175|  2|  19| 16| 137|  0|  88|  0|    88 |     0|       175 |          2| 187|   1|
| 187| 12|  24|  5| 137|  0|  88|  0|    88 |     0|       182 |          7| 161|  26|
| 192|  5|  21|  3| 138|  1|  88|  0|    88 |     0|       187 |          5| 161|   0|
| 182| 10|  13|  8| 138|  0|  87|  1|    87 |     1|       192 |          5| 118|  43|
| 187|  5|   2| 11| 138|  0|  87|  0|    87 |     0|       188 |          4| 118|   0|
| 188|  1|   8|  6| 138|  0|  87|  0|    87 |     0|       187 |          1| 119|   1|
| 161| 27|  17|  9| 138|  0|  86|  1|    86 |     1|       161 |         26| 121|   2|
| 161|  0|   1| 16| 138|  0|  86|  0|    86 |     0|       161 |          0| 124|   3|
| 118| 43| 114| 87| 139|  1|  86|  0|    86 |     0|       118 |         43|  79|  45|
| 119|  1| 114|  0| 139|  0|  86|  0|    86 |     0|       118 |          0| 102|  23|
| 121|  2| 127| 13| 139|  0|  86|  0|    86 |     0|       119 |          1| 102|   0|
| 124|  3| 115| 12| 139|  0|  85|  1|    85 |     1|       121 |          2| 112|  10|
| 118|  6| 114|  1| 139|  0|  85|  0|    85 |     0|       124 |          3| 120|   8|
|  79| 39| 123|  9| 139|  0|  85|  0|    85 |     0|        79 |         45| 128|   8|
| 102| 23| 127|  4| 139|  0|  85|  0|    85 |     0|       102 |         23| 125|   3|
| 102|  0| 149| 22| 139|  0|  85|  0|    85 |     0|       102 |          0| 136|  11|
| 112| 10| 149|  0| 140|  1|  85|  0|    85 |     0|       112 |         10| 138|   2|
| 128| 16| 165| 16| 140|  0|  85|  0|    85 |     0|       120 |          8| 151|  13|
| 120|  8| 168|  3| 140|  0|  85|  0|    85 |     0|       128 |          8| 167|  16|
| 125|  5| 193| 25| 140|  0|  84|  1|    84 |     1|       125 |          3| 162|   5|
| 138| 13| 172| 21| 140|  0|  84|  0|    84 |     0|       136 |         11| 121|  41|
| 136|  2| 180|  8| 140|  0|  84|  0|    84 |     0|       138 |          2| 115|   6|
| 167| 31| 182|  2| 141|  1|  84|  0|    84 |     0|       151 |         13| 112|   3|
| 151| 16|   2| 20| 141|  0|  84|  0|    84 |     0|       167 |         16| 107|   5|
| 162| 11|   1|  1| 141|  0|  84|  0|    84 |     0|       162 |          5| 113|   6|
| 121| 41|  26| 25| 141|  0|  84|  0|    84 |     0|       121 |         41| 122|   9|
| 107| 14|  27|  1| 141|  0|  84|  0|    84 |     0|       115 |          6| 127|   5|
| 115|  8|  76| 49| 141|  0|  83|  1|    83 |     1|       112 |          3| 129|   2|
| 112|  3|  62| 14| 141|  0|  83|  0|    83 |     0|       107 |          5| 130|   1|
| 113|  1|   1| 61| 141|  0|  82|  1|    82 |     1|       113 |          6| 132|   2|
| 122|  9| 196|  5| 142|  1|  82|  0|    82 |     0|       122 |          9| 138|   6|
| 127|  5| 180| 16| 142|  0|  82|  0|    82 |     0|       127 |          5| 148|  10|
| 129|  2| 171|  9| 142|  0|  82|  0|    82 |     0|       129 |          2| 125|  23|
| 130|  1| 178|  7| 142|  0|  81|  1|    81 |     1|       130 |          1| 113|  12|
| 132|  2| 163| 15| 142|  0|  81|  0|    81 |     0|       132 |          2| 156|  43|
| 125|  7| 143| 20| 142|  0|  81|  0|    81 |     0|       138 |          6| 174|  18|
| 113| 12| 107| 36| 142|  0|  81|  0|    81 |     0|       148 |         10| 176|   2|
| 138| 25| 103|  4| 142|  0|  80|  1|    80 |     1|       125 |         23| 194|  18|
| 148| 10| 109|  6| 142|  0|  80|  0|    80 |     0|       113 |         12| 199|   5|
| 156|  8| 136| 27| 142|  0|  80|  0|    80 |     0|       156 |         43| 176|  23|
| 194| 38| 142|  6| 142|  0|  80|  0|    80 |     0|       174 |         18| 176|   0|
| 199|  5| 141|  1| 142|  0|  79|  1|    79 |     1|       176 |          2| 164|  12|
| 174| 25|   1| 60| 142|  0|  79|  0|    79 |     0|       194 |         18| 164|   0|
| 176|  2|  22| 21| 142|  0|  79|  0|    79 |     0|       199 |          5| 163|   1|
| 176|  0|  35| 13| 143|  1|  79|  0|    79 |     0|       176 |         23| 173|  10|
| 176|  0|  36|  1| 143|  0|  79|  0|    79 |     0|       176 |          0| 173|   0|
| 163| 13|  17| 19| 143|  0|  78|  1|    78 |     1|       164 |         12| 197|  24|
| 164|  1|  22|  5| 143|  0|  78|  0|    78 |     0|       164 |          0| 199|   2|
| 164|  0|   3| 19| 143|  0|  78|  0|    78 |     0|       163 |          1| 143|  56|
| 173|  9|   1|  2| 143|  0|  78|  0|    78 |     0|       173 |         10| 145|   2|
| 173|  0|  84| 83| 143|  0|  78|  0|    78 |     0|       173 |          0| 150|   5|
| 197| 24|  98| 14| 143|  0|  77|  1|    77 |     1|       197 |         24| 155|   5|
| 199|  2|  84| 14| 143|  0|  77|  0|    77 |     0|       199 |          2| 122|  33|
| 143| 56|  56| 28| 143|  0|  77|  0|    77 |     0|       143 |         56| 115|   7|
| 150|  7|  54|  2| 144|  1|  77|  0|    77 |     0|       145 |          2| 115|   0|
| 155|  5|   4| 50| 145|  1|  77|  0|    77 |     0|       150 |          5| 123|   8|
| 145| 10|  12|  8| 145|  0|  76|  1|    76 |     1|       155 |          5| 127|   4|
| 122| 23|  36| 24| 145|  0|  76|  0|    76 |     0|       122 |         33| 114|  13|
| 115|  7|  33|  3| 145|  0|  76|  0|    76 |     0|       115 |          7| 114|   0|
| 117|  2|  22| 11| 145|  0|  76|  0|    76 |     0|       117 |          2| 126|  12|
| 123|  6|  43| 21| 145|  0|  76|  0|    76 |     0|       119 |          2| 126|   0|
| 128|  5|  59| 16| 145|  0|  76|  0|    76 |     0|       123 |          4| 127|   1|
| 119|  9|  78| 19| 145|  0|  76|  0|    76 |     0|       128 |          5| 128|   1|
| 128|  9|  61| 17| 145|  0|  75|  1|    75 |     1|       128 |          0| 135|   7|
| 126|  2|  61|  0| 145|  0|  75|  0|    75 |     0|       128 |          0| 128|   7|
| 126|  0|  52|  9| 145|  0|  75|  0|    75 |     0|       127 |          1| 128|   0|
| 128|  2|  56|  4| 145|  0|  74|  1|    74 |     1|       126 |          1| 123|   5|
| 127|  1|  54|  2| 145|  0|  74|  0|    74 |     0|       126 |          0| 119|   4|
| 135|  8|  34| 20| 146|  1|  73|  1|    73 |     1|       135 |          9| 117|   2|
| 126|  9|  35|  1| 146|  0|  73|  0|    73 |     0|       134 |          1| 118|   1|
| 134|  8|  33|  2| 146|  0|  73|  0|    73 |     0|       126 |          8| 118|   0|
| 139|  5|  25|  8| 146|  0|  73|  0|    73 |     0|       118 |          8| 126|   8|
| 118| 21|  22|  3| 146|  0|  73|  0|    73 |     0|       118 |          0| 134|   8|
| 118|  0| 195| 27| 146|  0|  73|  0|    73 |     0|       139 |         21| 139|   5|
| 140| 22| 179| 16| 146|  0|  72|  1|    72 |     1|       139 |          0| 139|   0|
| 128| 12| 187|  8| 146|  0|  72|  0|    72 |     0|       140 |          1| 140|   1|
| 139| 11|   1| 14| 147|  1|  72|  0|    72 |     0|       128 |         12| 128|  12|
| 128| 11|   1|  0| 147|  0|  72|  0|    72 |     0|       128 |          0| 128|   0|
| 128|  0| 190| 11| 147|  0|  71|  1|    71 |     1|       128 |          0| 128|   0|
| 128|  0| 195|  5| 147|  0|  71|  0|    71 |     0|       128 |          0| 128|   0|
|  97| 31| 177| 18| 147|  0|  70|  1|    70 |     1|        97 |         31|  97|  31|
|  91|  6| 177|  0| 148|  1|  70|  0|    70 |     0|        91 |          6|  91|   6|
|  64| 27| 188| 11| 148|  0|  70|  0|    70 |     0|        64 |         27|  64|  27|
|  64|  0| 192|  4| 148|  0|  70|  0|    70 |     0|        64 |          0|  64|   0|
|  25| 39| 181| 11| 148|  0|  69|  1|    69 |     1|        59 |          5|  59|   5|
|  41| 16| 182|  1| 149|  1|  69|  0|    69 |     0|        56 |          3|  56|   3|
|  56| 15| 135| 47| 149|  0|  69|  0|    69 |     0|        51 |          5|  51|   5|
|  51|  5| 136|  1| 149|  0|  68|  1|    68 |     1|        41 |         10|  41|  10|
|  59|  8| 132|  4| 149|  0|  68|  0|    68 |     0|        25 |         16|  25|  16|
|  84| 25| 134|  2| 149|  0|  68|  0|    68 |     0|        84 |         59|  84|  59|
|  85|  1| 129|  5| 149|  0|  67|  1|    67 |     1|        85 |          1|  85|   1|
|  85|  0| 126|  3| 149|  0|  67|  0|    67 |     0|        85 |          0|  85|   0|
|  90|  5| 125|  1| 149|  0|  67|  0|    67 |     0|        90 |          5|  90|   5|
|  93|  3| 113| 12| 150|  1|  67|  0|    67 |     0|        93 |          3|  93|   3|
| 102|  9| 112|  1| 150|  0|  67|  0|    67 |     0|       102 |          9| 102|   9|
| 129| 27| 131| 19| 150|  0|  67|  0|    67 |     0|       124 |         22| 124|  22|
| 132|  3| 113| 18| 150|  0|  67|  0|    67 |     0|       129 |          5| 129|   5|
| 124|  8| 112|  1| 151|  1|  66|  1|    66 |     1|       132 |          3| 132|   3|
|  61| 63| 106|  6| 151|  0|  66|  0|    66 |     0|        61 |         71|  61|  71|
|  61|  0|  99|  7| 151|  0|  65|  1|    65 |     1|        61 |          0|  61|   0|
|  55|  6| 102|  3| 151|  0|  65|  0|    65 |     0|        60 |          1|  60|   1|
|  60|  5|  84| 18| 151|  0|  65|  0|    65 |     0|        55 |          5|  55|   5|
|  47| 13|  86|  2| 151|  0|  64|  1|    64 |     1|        47 |          8|  47|   8|
|  17| 30|  64| 22| 151|  0|  64|  0|    64 |     0|        17 |         30|  17|  30|
|  15|  2|  62|  2| 151|  0|  64|  0|    64 |     0|        15 |          2|   1|  16|
|  23|  8|  64|  2| 151|  0|  64|  0|    64 |     0|         3 |         12| 154|  47|
| 197| 26|  67|  3| 151|  0|  64|  0|    64 |     0|        23 |         20| 156|   2|
| 196|  1| 112| 45| 151|  0|  64|  0|    64 |     0|       196 |         27| 167|  11|
|   3|  7| 113|  1| 152|  1|  64|  0|    64 |     0|       197 |          1| 167|   0|
|   1|  2| 100| 13| 152|  0|  63|  1|    63 |     1|       167 |         30|  23|  56|
| 167| 34| 103|  3| 152|  0|  63|  0|    63 |     0|       167 |          0|  15|   8|
| 167|  0|  78| 25| 152|  0|  63|  0|    63 |     0|       156 |         11|   3|  12|
| 156| 11|  87|  9| 152|  0|  63|  0|    63 |     0|       154 |          2| 196|   7|
| 154|  2|  81|  6| 152|  0|  63|  0|    63 |     0|         1 |         47| 197|   1|
| 159|  5|  63| 18| 152|  0|  63|  0|    63 |     0|       150 |         51| 164|  33|
| 150|  9|  76| 13| 152|  0|  63|  0|    63 |     0|       159 |          9| 164|   0|
| 164| 14|  64| 12| 152|  0|  63|  0|    63 |     0|       162 |          3| 162|   2|
| 164|  0|  59|  5| 152|  0|  62|  1|    62 |     1|       164 |          2| 159|   3|
| 162|  2|  67|  8| 152|  0|  62|  0|    62 |     0|       164 |          0| 150|   9|
| 160|  2|  63|  4| 152|  0|  62|  0|    62 |     0|       160 |          4| 151|   1|
| 159|  1|  67|  4| 152|  0|  62|  0|    62 |     0|       159 |          1| 152|   1|
| 182| 23|  79| 12| 153|  1|  62|  0|    62 |     0|       152 |          7| 159|   7|
| 152| 30|  72|  7| 153|  0|  62|  0|    62 |     0|       151 |          1| 160|   1|
| 151|  1|  66|  6| 153|  0|  61|  1|    61 |     1|       182 |         31| 182|  22|
| 166| 15|  75|  9| 153|  0|  61|  0|    61 |     0|       166 |         16| 166|  16|
| 159|  7|  74|  1| 153|  0|  61|  0|    61 |     0|       159 |          7| 159|   7|
| 156|  3|  72|  2| 154|  1|  61|  0|    61 |     0|       156 |          3| 156|   3|
| 150|  6|  68|  4| 154|  0|  61|  0|    61 |     0|       150 |          6| 150|   6|
| 139| 11|  63|  5| 154|  0|  60|  1|    60 |     1|       139 |         11| 139|  11|
| 125| 14| 101| 38| 154|  0|  60|  0|    60 |     0|       139 |          0| 152|  13|
| 124|  1|  21| 80| 155|  1|  60|  0|    60 |     0|       125 |         14|  21|  69|
| 142| 18|  30|  9| 155|  0|  60|  0|    60 |     0|       124 |          1|  17|   4|
| 139|  3|  30|  0| 155|  0|  59|  1|    59 |     1|       142 |         18|   3|  14|
| 145|  6|   5| 25| 155|  0|  59|  0|    59 |     0|       145 |          3|   2|   1|
| 152|  7|   5|  0| 155|  0|  59|  0|    59 |     0|       152 |          7|  13|  11|
|   3| 51|   1|  4| 155|  0|  59|  0|    59 |     0|        21 |         69|  16|   3|
|   2|  1|   8|  7| 155|  0|  59|  0|    59 |     0|        17 |          4|  19|   3|
|  21| 19|  11|  3| 156|  1|  59|  0|    59 |     0|         3 |         14|  22|   3|
|  17|  4|  18|  7| 156|  0|  58|  1|    58 |     1|         2 |          1| 192|  30|
|  16|  1|  14|  4| 156|  0|  57|  1|    57 |     1|        13 |         11| 192|   0|
|  13|  3|   3| 11| 156|  0|  56|  1|    56 |     1|        16 |          3| 186|   6|
|  22|  9|   4|  1| 156|  0|  56|  0|    56 |     0|        19 |          3| 180|   6|
|  19|  3|   7|  3| 156|  0|  56|  0|    56 |     0|        22 |          3| 164|  16|
| 192| 27|   6|  1| 156|  0|  56|  0|    56 |     0|       192 |         30| 163|   1|
| 192|  0|  10|  4| 157|  1|  56|  0|    56 |     0|       192 |          0| 179|  16|
| 180| 12|   8|  2| 157|  0|  56|  0|    56 |     0|       186 |          6| 160|  19|
| 186|  6|  25| 17| 157|  0|  55|  1|    55 |     1|       180 |          6| 141|  19|
| 163| 23|  28|  3| 157|  0|  55|  0|    55 |     0|       164 |         16| 138|   3|
| 164|  1|  25|  3| 157|  0|  55|  0|    55 |     0|       163 |          1| 135|   3|
| 179| 15|  25|  0| 158|  1|  55|  0|    55 |     0|       179 |         16| 152|  17|
| 160| 19|  15| 10| 158|  0|  55|  0|    55 |     0|       160 |         19|  15|  63|
| 135| 25|  12|  3| 158|  0|  54|  1|    54 |     1|       141 |         19|   5|  10|
| 141|  6|  14|  2| 158|  0|  54|  0|    54 |     0|       138 |          3|   3|   2|
| 138|  3|   4| 10| 159|  1|  54|  0|    54 |     0|       135 |          3|   1|   2|
| 152| 14|   1|  3| 159|  0|  54|  0|    54 |     0|       152 |         17|  14|  13|
|   1| 49| 139| 62| 159|  0|  54|  0|    54 |     0|        15 |         63|  17|   3|
|   5|  4| 163| 24| 159|  0|  54|  0|    54 |     0|         5 |         10| 187|  30|
|   3|  2| 183| 20| 159|  0|  54|  0|    54 |     0|         3 |          2| 189|   2|
|  15| 12| 172| 11| 159|  0|  54|  0|    54 |     0|         1 |          2| 198|   9|
|  17|  2| 172|  0| 159|  0|  54|  0|    54 |     0|        14 |         13| 198|   0|
|  14|  3| 179|  7| 159|  0|  54|  0|    54 |     0|        17 |          3| 188|  10|
| 187| 27| 184|  5| 160|  1|  53|  1|    53 |     1|       187 |         30|  12|  24|
| 189|  2| 190|  6| 160|  0|  53|  0|    53 |     0|       189 |          2|   8|   4|
| 198|  9| 190|  0| 160|  0|  52|  1|    52 |     1|       198 |          9|   7|   1|
|   8| 10|   2| 12| 160|  0|  52|  0|    52 |     0|       198 |          0|  14|   7|
| 188| 20|   2|  0| 161|  1|  52|  0|    52 |     0|       188 |         10| 198|  16|
|  12| 24|   4|  2| 161|  0|  51|  1|    51 |     1|        12 |         24|   6|   8|
| 198| 14|  11|  7| 161|  0|  51|  0|    51 |     0|         8 |          4|   6|   0|
|   7|  9| 193| 18| 161|  0|  51|  0|    51 |     0|         7 |          1|   5|   1|
|  14|  7|  10| 17| 161|  0|  50|  1|    50 |     1|        14 |          7|   7|   2|
|   6|  8|  20| 10| 162|  1|  50|  0|    50 |     0|       198 |         16| 167|  40|
|   5|  1|  20|  0| 162|  0|  50|  0|    50 |     0|         6 |          8| 169|   2|
|   6|  1| 188| 32| 163|  1|  50|  0|    50 |     0|         6 |          0| 170|   1|
| 198|  8| 149| 39| 163|  0|  50|  0|    50 |     0|         5 |          1| 197|  27|
| 197|  1| 146|  3| 163|  0|  50|  0|    50 |     0|         7 |          2| 194|   3|
|   7| 10| 142|  4| 163|  0|  49|  1|    49 |     1|       167 |         40| 174|  20|
| 170| 37| 154| 12| 163|  0|  49|  0|    49 |     0|       169 |          2|   1|  27|
| 167|  3| 177| 23| 163|  0|  49|  0|    49 |     0|       170 |          1| 198|   3|
| 169|  2| 166| 11| 164|  1|  49|  0|    49 |     0|       197 |         27| 200|   2|
|   1| 32| 169|  3| 164|  0|  48|  1|    48 |     1|       194 |          3| 189|  11|
| 200|  1| 161|  8| 164|  0|  48|  0|    48 |     0|       174 |         20| 184|   5|
| 198|  2| 149| 12| 164|  0|  47|  1|    47 |     1|         1 |         27| 174|  10|
| 194|  4| 153|  4| 164|  0|  47|  0|    47 |     0|       198 |          3| 173|   1|
| 174| 20| 152|  1| 164|  0|  47|  0|    47 |     0|       200 |          2| 167|   6|
| 174|  0| 155|  3| 164|  0|  47|  0|    47 |     0|       189 |         11| 173|   6|
| 173|  1| 178| 23| 164|  0|  47|  0|    47 |     0|       184 |          5| 176|   3|
| 189| 16| 169|  9| 165|  1|  46|  1|    46 |     1|       174 |         10| 187|  11|
| 184|  5| 169|  0| 165|  0|  46|  0|    46 |     0|       173 |          1| 166|  21|
| 167| 17| 169|  0| 165|  0|  45|  1|    45 |     1|       167 |          6| 165|   1|
| 187| 20| 171|  2| 166|  1|  45|  0|    45 |     0|       173 |          6| 172|   7|
| 173| 14| 184| 13| 166|  0|  45|  0|    45 |     0|       176 |          3| 178|   6|
| 176|  3| 159| 25| 166|  0|  44|  1|    44 |     1|       187 |         11| 180|   2|
| 165| 11| 157|  2| 166|  0|  43|  1|    43 |     1|       166 |         21| 184|   4|
| 166|  1|  22| 65| 166|  0|  43|  0|    43 |     0|       165 |          1| 185|   1|
| 172|  6|  25|  3| 166|  0|  43|  0|    43 |     0|       172 |          7| 188|   3|
| 185| 13|  29|  4| 166|  0|  43|  0|    43 |     0|       178 |          6| 189|   1|
| 184|  1|  15| 14| 167|  1|  43|  0|    43 |     0|       180 |          2| 183|   6|
| 178|  6|  37| 22| 167|  0|  43|  0|    43 |     0|       184 |          4| 167|  16|
| 180|  2|  49| 12| 167|  0|  42|  1|    42 |     1|       185 |          1| 166|   1|
| 188|  8|  73| 24| 167|  0|  42|  0|    42 |     0|       188 |          3| 158|   8|
| 189|  1|  71|  2| 167|  0|  41|  1|    41 |     1|       189 |          1| 145|  13|
| 183|  6|  80|  9| 167|  0|  40|  1|    40 |     1|       183 |          6| 142|   3|
| 167| 16|  76|  4| 167|  0|  39|  1|    39 |     1|       167 |         16| 142|   0|
| 166|  1|  84|  8| 167|  0|  39|  0|    39 |     0|       166 |          1| 131|  11|
| 158|  8|  62| 22| 167|  0|  37|  2|    37 |     2|       158 |          8| 151|  20|
| 142| 16|  85| 23| 167|  0|  37|  0|    37 |     0|       145 |         13| 152|   1|
| 145|  3|  87|  2| 167|  0|  37|  0|    37 |     0|       142 |          3| 152|   0|
| 131| 14|  86|  1| 168|  1|  37|  0|    37 |     0|       142 |          0| 168|  16|
| 142| 11|  80|  6| 168|  0|  37|  0|    37 |     0|       131 |         11| 169|   1|
| 152| 10|  94| 14| 168|  0|  36|  1|    36 |     1|       151 |         20| 165|   4|
| 152|  0|  89|  5| 168|  0|  36|  0|    36 |     0|       152 |          1| 159|   6|
| 151|  1| 108| 19| 168|  0|  35|  1|    35 |     1|       152 |          0| 151|   8|
| 169| 18| 108|  0| 168|  0|  35|  0|    35 |     0|       168 |         16| 148|   3|
| 168|  1| 114|  6| 169|  1|  35|  0|    35 |     0|       169 |          1| 177|  29|
| 165|  3| 109|  5| 169|  0|  35|  0|    35 |     0|       165 |          4| 145|  32|
| 177| 12| 128| 19| 169|  0|  35|  0|    35 |     0|       159 |          6| 128|  17|
| 159| 18| 125|  3| 169|  0|  35|  0|    35 |     0|       151 |          8| 113|  15|
| 151|  8| 140| 15| 169|  0|  34|  1|    34 |     1|       148 |          3| 111|   2|
| 148|  3| 142|  2| 169|  0|  34|  0|    34 |     0|       177 |         29| 108|   3|
| 145|  3| 152| 10| 169|  0|  34|  0|    34 |     0|       145 |         32| 104|   4|
| 128| 17| 145|  7| 169|  0|  34|  0|    34 |     0|       128 |         17| 113|   9|
| 111| 17| 141|  4| 170|  1|  33|  1|    33 |     1|       113 |         15| 118|   5|
| 113|  2| 128| 13| 170|  0|  33|  0|    33 |     0|       111 |          2| 128|  10|
| 108|  5| 120|  8| 171|  1|  33|  0|    33 |     0|       108 |          3| 129|   1|
| 104|  4| 120|  0| 171|  0|  33|  0|    33 |     0|       104 |          4| 111|  18|
| 113|  9| 125|  5| 171|  0|  32|  1|    32 |     1|       113 |          9| 107|   4|
| 129| 16| 119|  6| 172|  1|  32|  0|    32 |     0|       118 |          5|  88|  19|
| 118| 11| 116|  3| 172|  0|  30|  2|    30 |     2|       128 |         10|  82|   6|
| 128| 10|  82| 34| 172|  0|  30|  0|    30 |     0|       129 |          1|  77|   5|
| 111| 17|  81|  1| 172|  0|  29|  1|    29 |     1|       111 |         18|  77|   0|
| 107|  4|  14| 67| 172|  0|  29|  0|    29 |     0|       107 |          4|  78|   1|
|  82| 25|  12|  2| 172|  0|  29|  0|    29 |     0|        88 |         19|  89|  11|
|  77|  5|   8|  4| 172|  0|  28|  1|    28 |     1|        82 |          6| 105|  16|
|  88| 11|   2|  6| 172|  0|  27|  1|    27 |     1|        77 |          5| 118|  13|
|  89|  1| 191| 11| 173|  1|  27|  0|    27 |     0|        77 |          0|  99|  19|
|  78| 11| 198|  7| 173|  0|  26|  1|    26 |     1|        78 |          1|  97|   2|
|  77|  1| 183| 15| 173|  0|  25|  1|    25 |     1|        89 |         11|  97|   0|
| 118| 41| 172| 11| 173|  0|  25|  0|    25 |     0|       105 |         16|  92|   5|
| 105| 13| 171|  1| 173|  0|  25|  0|    25 |     0|       118 |         13| 128|  36|
|  92| 13| 167|  4| 173|  0|  25|  0|    25 |     0|        99 |         19| 130|   2|
|  97|  5| 164|  3| 173|  0|  25|  0|    25 |     0|        97 |          2| 132|   2|
|  97|  0| 173|  9| 173|  0|  25|  0|    25 |     0|        97 |          0| 132|   0|
|  99|  2| 180|  7| 173|  0|  25|  0|    25 |     0|        92 |          5| 127|   5|
| 128| 29| 173|  7| 173|  0|  25|  0|    25 |     0|       128 |         36| 127|   0|
| 130|  2| 178|  5| 174|  1|  24|  1|    24 |     1|       130 |          2| 156|  29|
| 127|  3| 174|  4| 174|  0|  24|  0|    24 |     0|       132 |          2|  54|  98|
| 127|  0| 168|  6| 174|  0|  23|  1|    23 |     1|       132 |          0|  34|  20|
| 132|  5| 147| 21| 174|  0|  23|  0|    23 |     0|       127 |          5|  17|  17|
| 132|  0| 151|  4| 174|  0|  23|  0|    23 |     0|       127 |          0|  17|   0|
| 156| 24| 145|  6| 174|  0|  22|  1|    22 |     1|       156 |         29|  21|   4|
|  17| 61|  90| 55| 174|  0|  22|  0|    22 |     0|        54 |         98|  27|   6|
|  17|  0|  94|  4| 174|  0|  22|  0|    22 |     0|        34 |         20|  29|   2|
|  34| 17|  94|  0| 175|  1|  22|  0|    22 |     0|        17 |         17|  51|  22|
|  54| 20|  94|  0| 176|  1|  22|  0|    22 |     0|        17 |          0|  54|   3|
|  54|  0|  88|  6| 176|  0|  22|  0|    22 |     0|        21 |          4|  45|   9|
|  51|  3| 115| 27| 176|  0|  22|  0|    22 |     0|        27 |          6|  44|   1|
|  29| 22| 132| 17| 176|  0|  22|  0|    22 |     0|        29 |          2|  39|   5|
|  27|  2| 135|  3| 176|  0|  21|  1|    21 |     1|        51 |         22|  58|  19|
|  21|  6| 136|  1| 176|  0|  21|  0|    21 |     0|        54 |          3|  63|   5|
|  44| 23| 143|  7| 177|  1|  21|  0|    21 |     0|        45 |          9|  54|   9|
|  39|  5| 156| 13| 177|  0|  21|  0|    21 |     0|        44 |          1|  43|  11|
|  58| 19| 164|  8| 177|  0|  21|  0|    21 |     0|        39 |          5|  33|  10|
|  63|  5| 149| 15| 177|  0|  20|  1|    20 |     1|        58 |         19|  25|   8|
|  45| 18| 166| 17| 177|  0|  20|  0|    20 |     0|        63 |          5|  25|   0|
|  54|  9|  43| 77| 178|  1|  19|  1|    19 |     1|        54 |          9| 155|  70|
|  43| 11|  46|  3| 178|  0|  19|  0|    19 |     0|        43 |         11| 156|   1|
|  33| 10|  42|  4| 178|  0|  18|  1|    18 |     1|        33 |         10| 166|  10|
|  25|  8|  89| 47| 178|  0|  17|  1|    17 |     1|        25 |          8| 169|   3|
|  25|  0|  85|  4| 178|  0|  17|  0|    17 |     0|        25 |          0| 178|   9|
| 178| 47|  62| 23| 178|  0|  17|  0|    17 |     0|       155 |         70| 160|  18|
| 166| 12|  47| 15| 179|  1|  17|  0|    17 |     0|       156 |          1| 160|   0|
| 169|  3|  47|  0| 179|  0|  17|  0|    17 |     0|       166 |         10| 159|   1|
| 156| 13|  53|  6| 179|  0|  17|  0|    17 |     0|       169 |          3| 159|   0|
| 155|  1|  37| 16| 180|  1|  17|  0|    17 |     0|       178 |          9| 153|   6|
| 160|  5|  52| 15| 180|  0|  16|  1|    16 |     1|       160 |         18| 183|  30|
| 153|  7|  54|  2| 180|  0|  15|  1|    15 |     1|       160 |          0| 184|   1|
| 159|  6|  55|  1| 180|  0|  15|  0|    15 |     0|       159 |          1| 184|   0|
| 160|  1|  37| 18| 180|  0|  15|  0|    15 |     0|       159 |          0| 189|   5|
| 159|  1|  45|  8| 181|  1|  15|  0|    15 |     0|       153 |          6| 190|   1|
| 184| 25|  50|  5| 181|  0|  15|  0|    15 |     0|       183 |         30| 188|   2|
| 189|  5|  65| 15| 181|  0|  15|  0|    15 |     0|       184 |          1| 181|   7|
| 184|  5|  59|  6| 182|  1|  14|  1|    14 |     1|       184 |          0| 172|   9|
| 183|  1|  54|  5| 182|  0|  14|  0|    14 |     0|       189 |          5| 169|   3|
| 190|  7|  51|  3| 182|  0|  14|  0|    14 |     0|       190 |          1| 193|  24|
| 188|  2|  56|  5| 182|  0|  14|  0|    14 |     0|       188 |          2| 182|  11|
| 193|  5|  70| 14| 182|  0|  14|  0|    14 |     0|       181 |          7|   6|  24|
| 169| 24|  93| 23| 183|  1|  14|  0|    14 |     0|       172 |          9|   4|   2|
| 172|  3|  97|  4| 183|  0|  14|  0|    14 |     0|       169 |          3|   4|   0|
| 181|  9|  99|  2| 183|  0|  13|  1|    13 |     1|       193 |         24|   1|   3|
|   1| 20|  97|  2| 183|  0|  13|  0|    13 |     0|       182 |         11|  75|  74|
|   4|  3| 100|  3| 184|  1|  13|  0|    13 |     0|         6 |         24|  91|  16|
|   4|  0|  83| 17| 184|  0|  13|  0|    13 |     0|         4 |          2|  91|   0|
|   6|  2|  82|  1| 184|  0|  12|  1|    12 |     1|         4 |          0| 134|  43|
| 182| 24| 100| 18| 184|  0|  12|  0|    12 |     0|         1 |          3| 145|  11|
| 145| 37| 103|  3| 184|  0|  12|  0|    12 |     0|        75 |         74|  77|  68|
| 134| 11| 104|  1| 184|  0|  12|  0|    12 |     0|        91 |         16|  76|   1|
|  91| 43| 126| 22| 184|  0|  12|  0|    12 |     0|        91 |          0|  65|  11|
|  91|  0| 121|  5| 184|  0|  12|  0|    12 |     0|       134 |         43|  50|  15|
|  75| 16| 122|  1| 185|  1|  12|  0|    12 |     0|       145 |         11|  49|   1|
|  76|  1| 117|  5| 185|  0|  11|  1|    11 |     1|        77 |         68|  54|   5|
|  77|  1| 126|  9| 185|  0|  11|  0|    11 |     0|        76 |          1|  55|   1|
|  65| 12| 133|  7| 186|  1|  11|  0|    11 |     0|        65 |         11|  57|   2|
|  49| 16| 134|  1| 187|  1|  11|  0|    11 |     0|        50 |         15|  63|   6|
|  50|  1| 142|  8| 187|  0|  10|  1|    10 |     1|        49 |          1|  43|  20|
|  54|  4| 121| 21| 187|  0|  10|  0|    10 |     0|        54 |          5|  48|   5|
|  57|  3| 150| 29| 187|  0|  10|  0|    10 |     0|        55 |          1| 194|  54|
|  63|  6| 138| 12| 187|  0|  10|  0|    10 |     0|        57 |          2| 195|   1|
|  55|  8| 138|  0| 187|  0|   9|  1|     9 |     1|        63 |          6| 198|   3|
|  43| 12| 147|  9| 188|  1|   8|  1|     8 |     1|        43 |         20|   1|   3|
|  48|  5| 142|  5| 188|  0|   8|  0|     8 |     0|        48 |          5|  37|  36|
|   1| 47| 172| 30| 188|  0|   8|  0|     8 |     0|       194 |         54|  53|  16|
| 194|  7| 122| 50| 188|  0|   8|  0|     8 |     0|       195 |          1|  56|   3|
| 195|  1| 134| 12| 188|  0|   8|  0|     8 |     0|       198 |          3|  65|   9|
| 198|  3| 141|  7| 188|  0|   8|  0|     8 |     0|         1 |          3|  69|   4|
|  37| 39| 146|  5| 188|  0|   7|  1|     7 |     1|        37 |         36|  91|  22|
|  53| 16| 142|  4| 188|  0|   7|  0|     7 |     0|        53 |         16|  96|   5|
|  56|  3| 141|  1| 189|  1|   7|  0|     7 |     0|        56 |          3| 124|  28|
|  65|  9| 137|  4| 189|  0|   7|  0|     7 |     0|        65 |          9| 129|   5|
|  69|  4| 132|  5| 189|  0|   6|  1|     6 |     1|        69 |          4| 137|   8|
|  91| 22| 142| 10| 189|  0|   6|  0|     6 |     0|        91 |         22| 129|   8|
|  96|  5| 157| 15| 189|  0|   6|  0|     6 |     0|        96 |          5| 127|   2|
| 137| 41| 131| 26| 189|  0|   6|  0|     6 |     0|       124 |         28| 125|   2|
| 129|  8| 125|  6| 190|  1|   6|  0|     6 |     0|       129 |          5| 138|  13|
| 124|  5| 140| 15| 190|  0|   5|  1|     5 |     1|       137 |          8| 154|  16|
| 127|  3| 104| 36| 190|  0|   5|  0|     5 |     0|       129 |          8| 148|   6|
| 129|  2| 126| 22| 190|  0|   5|  0|     5 |     0|       127 |          2| 146|   2|
| 125|  4| 131|  5| 190|  0|   5|  0|     5 |     0|       125 |          2| 143|   3|
| 154| 29| 132|  1| 191|  1|   5|  0|     5 |     0|       138 |         13| 132|  11|
| 138| 16| 129|  3| 191|  0|   4|  1|     4 |     1|       154 |         16| 131|   1|
| 132|  6| 132|  3| 192|  1|   4|  0|     4 |     0|       148 |          6| 143|  12|
| 131|  1| 128|  4| 192|  0|   4|  0|     4 |     0|       146 |          2| 145|   2|
| 143| 12| 147| 19| 192|  0|   4|  0|     4 |     0|       143 |          3| 145|   0|
| 148|  5| 157| 10| 192|  0|   4|  0|     4 |     0|       132 |         11| 146|   1|
| 146|  2| 148|  9| 192|  0|   4|  0|     4 |     0|       131 |          1| 161|  15|
| 145|  1| 149|  1| 193|  1|   4|  0|     4 |     0|       143 |         12| 168|   7|
| 145|  0| 157|  8| 193|  0|   3|  1|     3 |     1|       145 |          2| 176|   8|
| 146|  1| 151|  6| 193|  0|   3|  0|     3 |     0|       145 |          0| 176|   0|
| 143|  3| 130| 21| 193|  0|   3|  0|     3 |     0|       146 |          1| 177|   1|
| 161| 18| 152| 22| 194|  1|   3|  0|     3 |     0|       161 |         15| 178|   1|
| 168|  7| 123| 29| 194|  0|   3|  0|     3 |     0|       168 |          7| 174|   4|
| 177|  9| 155| 32| 194|  0|   3|  0|     3 |     0|       176 |          8| 174|   0|
| 178|  1| 167| 12| 195|  1|   3|  0|     3 |     0|       176 |          0| 174|   0|
| 176|  2| 151| 16| 195|  0|   2|  1|     2 |     1|       177 |          1| 168|   6|
| 176|  0| 120| 31| 195|  0|   2|  0|     2 |     0|       178 |          1| 167|   1|
| 174|  2| 120|  0| 195|  0|   2|  0|     2 |     0|       174 |          4| 173|   6|
| 174|  0| 117|  3| 196|  1|   2|  0|     2 |     0|       174 |          0| 181|   8|
| 174|  0| 121|  4| 196|  0|   2|  0|     2 |     0|       174 |          0| 164|  17|
| 168|  6| 109| 12| 196|  0|   2|  0|     2 |     0|       168 |          6| 157|   7|
| 167|  1| 107|  2| 197|  1|   1|  1|     1 |     1|       167 |          1| 153|   4|
| 181| 14| 113|  6| 197|  0|   1|  0|     1 |     0|       173 |          6| 151|   2|
| 173|  8| 130| 17| 197|  0|   1|  0|     1 |     0|       181 |          8| 140|  11|
| 157| 16| 167| 37| 197|  0|   1|  0|     1 |     0|       164 |         17| 137|   3|
| 153|  4| 153| 14| 197|  0|   1|  0|     1 |     0|       157 |          7| 155|  18|
| 164| 11| 134| 19| 198|  1|   1|  0|     1 |     0|       153 |          4| 166|  11|
| 137| 27| 139|  5| 198|  0|   1|  0|     1 |     0|       151 |          2|  15|  49|
| 140|  3| 123| 16| 198|  0|   1|  0|     1 |     0|       140 |         11|  14|   1|
| 155| 15| 118|  5| 198|  0|   1|  0|     1 |     0|       137 |          3|   3|  11|
| 151|  4| 147| 29| 198|  0|   1|  0|     1 |     0|       155 |         18| 196|   7|
| 166| 15| 124| 23| 198|  0|   1|  0|     1 |     0|       166 |         11| 199|   3|
|  15| 49| 114| 10| 198|  0|   1|  0|     1 |     0|        15 |         49| 145|  54|
|  14|  1| 109|  5| 199|  1|   1|  0|     1 |     0|        14 |          1| 142|   3|
| 196| 18| 119| 10| 199|  0|   1|  0|     1 |     0|         3 |         11| 139|   3|
|   3|  7| 123|  4| 199|  0|   1|  0|     1 |     0|       196 |          7| 125|  14|
--------------------------------------------------------------------------------------
|   13 ns|   27 ns|   53 ns|  104 ns|        108 ns|                  73 ns|   144 ns|
--------------------------------------------------------------------------------------
|   10 ns|   10 ns|    0 ns|    0 ns|          0 ns|                  10 ns|    10 ns|
--------------------------------------------------------------------------------------
|  FIFO  |  LIFO  |  SSTF  |  SCAN  |    C-SCAN    |      N-STEP-SCAN      |  FSCAN  |
--------------------------------------------------------------------------------------
